0.914632 0.0152767 9.9982E-05 9.9982E-05 0.0698911
0.949886 9.9982E-05 0.0424382 9.9982E-05 0.00747604
0.821646 0.0534518 9.9991E-05 0.111051 0.0137507
0.804584 0.0802611 9.9991E-05 0.025758 0.0892965
0.883968 0.0789937 0.00167698 0.0169157 0.0184454
0.559481 0.131801 0.174209 9.9991E-05 0.134409
0.845336 9.9982E-05 0.1105 9.9982E-05 0.0439637
0.733174 0.0117567 0.133601 9.9991E-05 0.121368
0.837237 9.9982E-05 0.0948247 9.9982E-05 0.0677381
0.729521 0.120484 0.068638 0.0442976 0.0370592
0.754103 9.9991E-05 0.0684763 0.0147074 0.162613
9.9991E-05 0.0651124 0.139785 0.326489 0.468513
0.0629816 0.0516553 9.9991E-05 0.635804 0.249459
0.0254936 0.116713 0.163497 0.259259 0.435037
0.0161551 0.155201 0.104029 0.374155 0.35046
0.131842 0.11191 0.0755715 0.438001 0.242676
0.015678 0.173871 0.0499463 0.543745 0.21676
9.999E-05 0.154088 0.128166 0.456595 0.26105
0.126845 0.103635 0.033547 0.350849 0.385125
9.9982E-05 0.130909 0.242706 9.9982E-05 0.626185
9.999E-05 0.131621 0.0688633 0.480963 0.318453
0.0680633 0.0938051 0.19427 0.491293 0.152568
0.058422 0.0374552 0.0305057 0.695567 0.17805
0.0365176 0.0970235 0.0935247 0.373683 0.399251
0.120749 0.191967 0.0054339 0.567155 0.114696
0.095929 0.129742 0.0354733 0.523024 0.215831
0.039804 0.131778 0.0834673 0.256093 0.488858
9.9991E-05 0.199981 0.0842227 0.230862 0.484834
0.00557815 0.0301028 0.201828 0.301493 0.460998
0.841334 0.0695969 9.9982E-05 0.088869 9.9982E-05
0.874669 9.9973E-05 9.9973E-05 0.125031 9.9973E-05
0.808448 0.00836462 9.9991E-05 0.171778 0.0113098
0.738985 0.0401015 9.9982E-05 0.220713 9.9982E-05
0.0169225 9.9991E-05 0.194586 0.690511 0.0978803
0.076947 0.0955615 0.0962739 0.560611 0.170606
0.05519 9.9991E-05 0.177686 0.760071 0.00695319
0.0874979 9.9991E-05 0.0900153 0.225712 0.596675
0.0131418 0.0199401 0.403692 0.510884 0.0523417
0.11748 0.0422783 0.0923334 0.641726 0.106182
0.0673867 0.042732 0.025476 0.864305 9.9991E-05
0.157865 9.9991E-05 0.173315 0.644472 0.0242477
0.0958672 0.102313 0.00377634 0.689811 0.108233
9.9982E-05 9.9982E-05 0.497087 0.276234 0.226479
0.0631507 0.109408 0.153739 0.588698 0.0850043
0.0626321 0.0412699 0.139112 0.687046 0.0699403
0.0758138 0.139486 0.0849612 0.630751 0.0689885
9.9973E-05 9.9973E-05 0.451966 0.547734 9.9973E-05
0.137472 0.0614359 0.0656379 0.733066 0.00238796
0.131601 0.126206 0.0870393 0.638839 0.0163151
0.0907544 9.9991E-05 0.820184 0.0314114 0.0575503
9.9982E-05 9.9982E-05 0.284069 0.224617 0.491114
0.0333239 0.0538084 0.591217 0.114132 0.207518
0.0870591 0.0642836 0.0636302 0.686669 0.0983579
0.0999745 0.0556783 0.133429 0.642349 0.0685694
0.000587496 0.151953 0.0703345 0.640004 0.137121
0.131666 9.9991E-05 0.253345 0.296633 0.318257
0.0527208 0.0423101 0.105589 0.585145 0.214236
0.128503 0.145659 0.00448236 0.525803 0.195553
0.176755 0.0401421 0.136778 0.397116 0.24921
0.162638 0.0793923 0.267119 0.0914468 0.399404
0.08385 0.0709359 0.0955527 0.547933 0.201729
0.0160503 0.152029 0.0885288 0.365393 0.378
0.0282888 9.9991E-05 0.261546 0.131482 0.578583
9.9991E-05 0.100168 0.142242 0.479992 0.277499
0.0133818 0.178722 0.146379 0.661417 9.9991E-05
0.0574104 0.179065 0.143793 0.485828 0.133904
0.0514227 0.0948498 0.232926 0.304172 0.316629
0.0233204 0.038908 0.166713 0.510611 0.260448
0.135656 0.0545285 0.0317629 0.63178 0.146272
0.0251227 9.9991E-05 0.237073 0.263046 0.474658
9.9982E-05 9.9982E-05 0.164406 0.714817 0.120578
9.9982E-05 9.9982E-05 0.3783 0.387808 0.233692
0.080273 0.0420952 0.143896 0.652859 0.0808772
9.9982E-05 9.9982E-05 0.770863 0.221048 0.007889
9.9982E-05 9.9982E-05 0.750777 0.156695 0.0923273
9.9982E-05 9.9982E-05 0.409573 0.497898 0.0923292
0.0347063 9.9991E-05 0.207241 0.595326 0.162627
0.103555 0.0881487 0.128502 0.601151 0.0786436
0.0165139 0.0617417 0.255215 0.557065 0.109464
9.9991E-05 0.0650126 0.336034 0.324299 0.274554
9.9982E-05 9.9982E-05 0.22634 0.396023 0.377437
0.0292686 0.127937 0.124802 0.601458 0.116534
0.0132907 0.0227474 0.383276 0.480997 0.0996887
0.100637 9.9991E-05 0.248293 0.586557 0.0644137
9.9982E-05 9.9982E-05 0.411737 0.576305 0.0117582
0.00427355 9.9991E-05 0.729661 0.210345 0.0556208
0.0339541 0.0146226 0.133677 0.697069 0.120677
0.835385 0.000361269 9.9991E-05 0.114338 0.0498163
0.900983 9.9973E-05 9.9973E-05 0.0987168 9.9973E-05
0.87983 0.0410609 9.9982E-05 0.078909 9.9982E-05
0.953659 9.9982E-05 0.00989445 0.0362464 9.9982E-05
0.877455 0.0277595 9.9982E-05 0.0945856 9.9982E-05
0.928802 0.0313541 9.9991E-05 0.032717 0.00702667
0.911799 0.0202568 0.0202191 0.0476252 9.9991E-05
0.0914065 0.111664 0.106177 0.580618 0.110135
0.137493 9.9991E-05 0.0992696 0.630064 0.133072
9.9982E-05 9.9982E-05 0.573871 0.227982 0.197947
0.0977287 0.149519 9.9991E-05 0.598636 0.154016
0.0651307 9.9991E-05 0.21415 0.65948 0.0611388
0.0912025 9.9991E-05 0.179157 0.723145 0.00639518
0.0779607 9.9982E-05 0.130507 0.791332 9.9982E-05
0.0622905 0.0447702 0.229315 0.643111 0.0205129
0.00065184 9.9991E-05 0.539617 0.145109 0.314523
0.0886615 0.0466387 0.0977086 0.629103 0.137888
0.0640671 0.0505301 0.0330489 0.800073 0.0522807
0.0487785 0.23131 0.0305744 0.532806 0.156531
0.0155638 9.9991E-05 0.494028 0.471249 0.019059
0.000875439 9.9991E-05 0.278751 0.698817 0.0214564
0.0567354 0.0230159 0.224869 0.568361 0.127019
9.9982E-05 0.0370678 0.369321 0.593411 9.9982E-05
0.0757022 9.9991E-05 0.197756 0.564782 0.16166
0.186868 0.0221521 0.0712987 0.658535 0.0611469
0.0572959 9.9991E-05 0.281323 0.279419 0.381861
0.0579957 0.112856 9.9991E-05 0.459725 0.369323
0.146794 0.123084 0.087715 0.452479 0.189928
0.184678 0.106039 9.9991E-05 0.583291 0.125892
0.0305028 0.0341586 9.9991E-05 0.558402 0.376836
9.9991E-05 0.115355 0.118787 0.546597 0.219161
9.9991E-05 0.0193895 0.0365376 0.547079 0.396894
0.157122 0.0353627 0.111618 0.570758 0.125139
0.0654454 0.113373 0.151756 0.564065 0.105361
0.0418643 9.9991E-05 0.128548 0.676603 0.152885
0.0177129 0.0167596 9.9991E-05 0.584035 0.381392
0.0554359 0.0896886 0.0313999 0.698013 0.125463
0.0937997 0.103625 0.146699 0.624139 0.0317372
9.9991E-05 0.162617 0.0162267 0.563072 0.257984
0.0352145 0.047239 0.129947 0.641028 0.146571
0.0844783 0.0872184 0.0806963 0.532068 0.215539
0.175212 0.0278544 0.115529 0.43168 0.249724
9.9991E-05 0.0882958 0.0644937 0.66486 0.182251
9.9991E-05 0.178625 0.022532 0.60767 0.191073
0.0176338 0.115457 0.143726 0.214523 0.508661
0.0647847 0.0692412 0.36602 0.180312 0.319642
0.107195 9.9991E-05 0.0730804 0.61712 0.202504
9.9991E-05 0.121585 0.429479 0.0802663 0.36857
0.0565641 0.00983771 0.19868 0.31978 0.415138
9.9982E-05 9.9982E-05 0.0761718 0.542804 0.380824
0.0168209 9.9991E-05 0.0900141 0.401402 0.491663
9.9991E-05 0.0308995 0.0513797 0.375502 0.542119
0.037611 0.117539 0.0851008 0.655063 0.104686
0.0835807 0.0941643 0.0440429 0.70427 0.0739425
0.0403704 0.0749053 0.0761833 0.560916 0.247625
0.00689385 0.0875853 0.289701 0.198686 0.417134
0.107482 0.136045 0.156037 0.473715 0.126721
0.0904775 0.0682752 0.217389 0.588158 0.0357011
0.186736 9.9991E-05 0.607636 0.0548375 0.15069
0.119377 0.0487459 0.118192 0.713585 9.9991E-05
0.15241 0.01741 0.409375 0.364063 0.0567415
0.0903648 0.100556 0.183398 0.573857 0.0518248
0.107115 0.049307 0.44249 0.296886 0.104202
0.130044 9.9991E-05 0.42824 0.257399 0.184217
0.087943 0.0180648 0.296987 0.494596 0.102409
0.0220016 0.152089 0.178826 0.450322 0.196761
0.141961 0.0392437 0.194048 0.441541 0.183207
0.0708061 0.197371 0.540484 0.0512365 0.140102
0.0624911 0.0394122 0.0478161 0.69202 0.158261
9.9991E-05 0.0200888 0.386757 0.434267 0.158787
9.9982E-05 9.9982E-05 0.328895 0.598311 0.0725933
0.107119 0.162415 0.062739 0.603072 0.0646554
0.332067 0.29952 0.172378 0.177566 0.0184694
0.572083 0.168859 0.258858 9.9982E-05 9.9982E-05
0.508039 0.157921 0.333841 9.9982E-05 9.9982E-05
0.41706 0.343555 0.104041 0.0920852 0.0432579
0.00453587 0.0533194 0.262509 0.679536 9.9991E-05
0.0570425 0.0123319 0.156623 0.684351 0.0896513
9.9982E-05 0.708991 9.9982E-05 0.262157 0.0286524
0.0172262 0.523548 0.0301329 0.248099 0.180994
0.0444466 0.546267 0.07254 0.295345 0.0414014
0.012717 0.00735867 0.555127 0.397875 0.0269217
0.0608422 0.10787 0.157635 0.581041 0.0926121
0.0100809 0.0807225 0.670492 0.232255 0.00644927
0.0186645 0.0790891 0.242254 0.633913 0.0260801
0.0341287 0.0182637 0.33435 0.571138 0.0421198
0.0556627 0.0557647 0.222618 0.646412 0.019543
0.0338586 0.0355244 0.694287 0.232922 0.00340784
0.0835964 0.129635 0.123405 0.663264 9.9991E-05
9.9982E-05 0.149887 0.354682 0.495231 9.9982E-05
9.9982E-05 0.948558 0.0222861 0.0289564 9.9982E-05
9.9982E-05 0.931131 0.0147846 0.053884 9.9982E-05
0.0392026 0.535251 0.0248722 0.380003 0.0206709
0.01819 0.667579 9.9982E-05 0.314031 9.9982E-05
0.00375498 0.871144 9.9982E-05 0.124901 9.9982E-05
9.997E-05 0.9996 9.997E-05 9.997E-05 9.997E-05
9.9973E-05 0.987692 9.9973E-05 9.9973E-05 0.012008
9.9973E-05 0.802686 9.9973E-05 0.197014 9.9973E-05
9.9982E-05 0.970222 9.9982E-05 0.0183144 0.011264
9.997E-05 0.9996 9.997E-05 9.997E-05 9.997E-05
9.997E-05 0.9996 9.997E-05 9.997E-05 9.997E-05
0.027982 0.813044 9.9991E-05 0.1487 0.0101745
0.0819934 0.789025 9.9991E-05 0.118344 0.0105377
9.997E-05 0.9996 9.997E-05 9.997E-05 9.997E-05
0.0599446 0.401601 0.101059 0.409691 0.0277043
0.0641384 0.677404 9.9991E-05 0.235782 0.0225757
0.0483621 0.764555 0.0195639 0.167419 9.9991E-05
9.9982E-05 0.855643 9.9982E-05 0.114446 0.0297103
9.997E-05 0.9996 9.997E-05 9.997E-05 9.997E-05
0.0685987 0.916077 9.9991E-05 0.00145698 0.0137669
9.997E-05 0.9996 9.997E-05 9.997E-05 9.997E-05
0.0519348 0.588384 0.0510417 0.243527 0.0651119
9.9973E-05 0.944133 9.9973E-05 9.9973E-05 0.0555676
0.358415 0.0767492 0.564636 9.9982E-05 9.9982E-05
0.230768 0.0595796 0.138612 0.454666 0.116373
0.220627 0.130548 0.187824 0.460901 9.9991E-05
0.26558 0.139153 0.401696 0.193471 9.9991E-05
0.203632 0.109839 0.119255 0.499235 0.0680388
0.2612 0.20844 0.427466 0.102794 9.9991E-05
0.28322 0.034459 0.120105 0.535549 0.0266676
0.13106 0.315243 0.32602 0.227578 9.9991E-05
0.152556 0.210747 0.121128 0.436048 0.0795214
0.145825 0.256894 0.298199 0.298982 9.9991E-05
0.163693 0.201716 0.218375 0.342822 0.0733937
0.848179 0.00175808 0.0578862 0.0298731 0.0623036
0.890695 0.0577543 0.0513512 9.9982E-05 9.9982E-05
0.978881 9.9982E-05 0.00685652 0.0140628 9.9982E-05
0.968959 9.9982E-05 9.9982E-05 0.0157787 0.015062
0.875148 0.0348474 9.9991E-05 0.00777446 0.0821302
0.912466 0.0761483 0.0111855 9.9982E-05 9.9982E-05
0.884964 0.088642 9.9991E-05 0.0208395 0.00545468
0.904401 9.9973E-05 0.0952987 9.9973E-05 9.9973E-05
0.933047 0.00310584 9.9982E-05 0.0636467 9.9982E-05
0.850954 0.106156 0.0184555 9.9991E-05 0.0243348
0.615228 9.9982E-05 0.0708873 9.9982E-05 0.313684
0.621412 0.0130805 0.0201602 0.00936472 0.335983
0.542148 9.9982E-05 0.153296 9.9982E-05 0.304356
0.49929 9.9982E-05 0.124535 9.9982E-05 0.375974
0.0573657 9.9991E-05 0.0625232 0.666607 0.213404
0.0320686 0.0607826 0.0987422 0.670347 0.13806
9.9991E-05 0.0330782 0.0725001 0.667894 0.226428
0.0383249 9.9991E-05 0.226974 0.496609 0.237992
9.9982E-05 9.9982E-05 0.0556367 0.270791 0.673372
0.108808 0.0460221 0.110295 0.720388 0.0144872
0.00783885 0.00482025 0.167299 0.740174 0.0798679
0.00880979 9.9991E-05 0.255772 0.624069 0.111249
9.9991E-05 0.041114 0.366916 0.56551 0.0263603
9.9991E-05 0.0541373 0.122725 0.666622 0.156416
9.9982E-05 9.9982E-05 0.277327 0.527301 0.195172
9.9982E-05 9.9982E-05 0.783409 0.0847703 0.131621
0.0577226 0.0425948 0.233945 0.543368 0.12237
9.9982E-05 9.9982E-05 0.528728 0.43896 0.0321122
0.0440417 9.9991E-05 0.195933 0.679201 0.0807245
9.9982E-05 9.9982E-05 0.413842 0.320265 0.265692
0.139428 9.9982E-05 0.0714675 9.9982E-05 0.788904
0.114076 0.00237491 0.0323993 0.119727 0.731422
0.00817003 9.9982E-05 0.0877163 9.9982E-05 0.903914
0.108129 9.9982E-05 0.0723702 9.9982E-05 0.819301
0.0202812 9.9991E-05 0.0412645 0.0576105 0.880744
0.0200085 0.0626105 9.9991E-05 0.0668054 0.850476
0.869507 9.9973E-05 9.9973E-05 0.130193 9.9973E-05
0.76511 0.100145 9.9991E-05 0.00961932 0.125025
0.742701 0.172561 9.9991E-05 0.0471305 0.037508
0.740036 0.137444 9.9991E-05 0.0373059 0.0851139
0.808716 0.116336 0.002089 0.0727595 9.9991E-05
0.42016 9.9973E-05 9.9973E-05 9.9973E-05 0.57954
0.505532 9.9982E-05 0.12156 9.9982E-05 0.372707
0.484096 9.9982E-05 0.0913159 9.9982E-05 0.424389
0.817473 0.0340868 9.9991E-05 0.130758 0.0175816
0.369692 9.9982E-05 0.0987186 9.9982E-05 0.531389
0.26262 0.371309 0.0974274 0.268544 9.9991E-05
0.15642 0.216128 0.0250065 0.602345 9.9991E-05
0.202579 0.324604 9.9982E-05 0.472617 9.9982E-05
0.300493 0.259179 0.0892824 0.333117 0.0179286
0.213052 0.1135 0.11248 0.560869 9.9991E-05
0.480841 0.336668 0.182291 9.9982E-05 9.9982E-05
0.0497737 0.010204 0.0823561 0.515674 0.341992
0.0574671 0.0259483 0.260958 0.418117 0.23751
0.0738352 0.0323955 0.0618942 0.282825 0.54905
9.9991E-05 0.0388851 0.307896 0.52581 0.127309
9.9973E-05 9.9973E-05 0.752189 9.9973E-05 0.247511
0.0636243 0.0770874 0.163309 0.546563 0.149417
0.0400045 0.0487763 0.219864 0.538872 0.152483
0.0649217 9.9991E-05 0.0820887 0.384834 0.468056
0.155532 0.08844 0.0220346 0.587684 0.146309
9.9991E-05 0.0211366 0.4525 0.170039 0.356224
9.9991E-05 0.061213 0.169014 0.518808 0.250865
9.9991E-05 0.123244 0.0675517 0.572948 0.236157
0.138289 0.214618 0.132404 0.450907 0.0637812
9.9982E-05 9.9982E-05 0.271815 0.447794 0.28019
0.027024 0.0777495 0.195778 0.462085 0.237364
9.9991E-05 0.0910276 0.209096 0.570558 0.129218
0.038923 0.0144085 0.167003 0.586165 0.1935
9.9991E-05 0.0543443 0.14263 0.754101 0.0488243
0.0874126 0.0179548 0.0544108 0.677293 0.162929
0.0859572 0.0929403 0.134925 0.563173 0.123004
0.799077 0.0792066 9.9982E-05 0.121517 9.9982E-05
0.851015 9.9982E-05 0.00285241 0.145932 9.9982E-05
0.800209 0.00884987 0.0447553 0.0824769 0.0637088
0.848923 0.0233387 0.0741417 0.0522827 0.00131349
0.86262 9.9973E-05 9.9973E-05 0.13708 9.9973E-05
9.9991E-05 0.114931 0.0359253 0.152414 0.696629
9.9991E-05 0.199475 0.145576 0.438286 0.216563
0.274009 0.167433 0.0857958 0.427089 0.0456729
0.0230784 0.110402 9.9991E-05 0.658704 0.207716
0.057666 9.9991E-05 0.0251151 0.606969 0.31015
9.9991E-05 0.129256 0.269456 0.197016 0.404173
0.109343 9.9991E-05 0.177503 0.0490455 0.664008
9.9991E-05 0.070212 0.00134387 0.522711 0.405633
0.0560015 0.0776705 0.166404 0.146985 0.552939
9.9991E-05 0.123993 0.215129 0.403854 0.256924
0.127902 0.0453961 0.159665 0.116623 0.550415
0.131774 0.0729618 9.9991E-05 0.637753 0.157411
0.069657 0.0765589 0.0634 0.199601 0.590783
0.0422941 0.112163 0.225482 0.288662 0.3314
0.117437 0.0654661 0.241838 0.524796 0.0504636
0.0148626 0.128965 0.445403 0.265994 0.144775
0.133518 0.0305958 0.241703 0.570349 0.0238338
0.0347632 0.168702 0.126838 0.591739 0.0779578
0.0134318 9.9991E-05 0.492359 0.41075 0.083359
0.0405211 0.173159 0.173084 0.504381 0.108854
0.106457 0.00266495 0.258118 0.632661 9.9991E-05
9.9982E-05 9.9982E-05 0.718139 0.170518 0.111143
0.0138994 9.9982E-05 0.654875 0.331026 9.9982E-05
0.0745366 9.9991E-05 0.289891 0.493086 0.142386
0.0240099 9.9991E-05 0.640137 0.235073 0.10068
0.0296392 9.9991E-05 0.324998 0.532394 0.112869
9.9991E-05 0.0467482 0.144703 0.146094 0.662355
9.9991E-05 0.0377178 0.351911 0.251802 0.358469
9.9991E-05 0.105052 0.0512725 0.373466 0.47011
9.9982E-05 0.136389 9.9982E-05 0.634547 0.228863
9.9991E-05 0.0219583 0.139299 0.352927 0.485716
0.0262988 0.196249 0.157672 0.413111 0.206669
0.0252685 0.177934 0.0297101 0.576138 0.19095
9.9991E-05 0.100982 0.0826909 0.513405 0.302822
9.9991E-05 0.126531 0.132135 0.552715 0.18852
0.0265992 0.0937125 9.9991E-05 0.531925 0.347663
9.9991E-05 0.0591064 0.0556667 0.343234 0.541893
9.9991E-05 0.113065 0.115074 0.347686 0.424075
9.9991E-05 0.134823 0.0448311 0.611445 0.208801
0.0445508 0.0632461 0.125899 0.651131 0.115172
0.100199 0.0701678 0.210931 0.439248 0.179454
9.9991E-05 0.199528 0.0629894 0.440358 0.297025
0.0814495 0.118623 0.0331639 0.339525 0.427239
0.0134434 0.120298 9.9991E-05 0.667927 0.198232
0.0545621 0.123976 0.0651975 0.530208 0.226057
0.162763 0.112926 0.00794186 0.537422 0.178948
0.358046 0.150921 0.00915054 0.463423 0.0184585
0.165364 0.204886 0.103013 0.51353 0.013206
0.164389 0.205793 0.0465487 0.495144 0.0881254
0.0876555 0.179013 0.0786944 0.598308 0.0563293
0.290678 0.168251 0.0237089 0.512055 0.00530688
9.9991E-05 0.0441639 0.263003 0.524915 0.167818
0.264152 0.135007 9.9991E-05 0.571571 0.0291698
0.281299 0.19026 0.50836 9.9991E-05 0.0199804
0.103973 0.222956 0.0295369 0.505931 0.137604
0.130243 0.222693 0.0651614 0.572162 0.00974001
0.0869378 0.248239 0.131211 0.489046 0.044566
0.220635 0.211679 0.176113 0.322831 0.0687427
0.23893 0.166072 0.0259541 0.568944 9.9991E-05
0.189078 0.224925 0.00486842 0.581029 9.9991E-05
0.454628 0.233885 0.311286 9.9982E-05 9.9982E-05
0.141935 0.269088 0.0366966 0.443836 0.108444
0.199794 0.276739 0.0583887 0.464978 9.9991E-05
0.148839 0.0894353 0.0947342 0.614932 0.0520591
0.24914 0.174238 9.9982E-05 0.576421 9.9982E-05
0.190899 0.165522 0.0804635 0.522758 0.0403574
0.0106706 0.144499 0.357841 0.396038 0.090952
0.14499 0.09613 0.153764 0.521675 0.0834411
9.9982E-05 9.9982E-05 0.765867 0.13651 0.0974233
0.0403728 9.9991E-05 0.830026 0.0765679 0.0529334
0.0949523 0.15031 0.254226 0.500412 9.9991E-05
0.0655808 0.452218 0.140314 0.341788 9.9991E-05
0.0934768 0.372582 0.190327 0.343514 9.9991E-05
0.268195 0.334673 0.219124 0.177907 9.9991E-05
0.183947 0.351774 0.154261 0.309918 9.9991E-05
0.0741605 0.180346 0.685526 0.0598676 9.9991E-05
0.0983062 0.129696 0.571275 0.200622 9.9991E-05
0.04175 0.145148 0.19747 0.615532 9.9991E-05
9.9991E-05 0.24218 0.296299 0.437931 0.0234905
0.108679 0.148191 0.530416 0.212615 9.9991E-05
0.0426085 0.150575 0.211827 0.594889 9.9991E-05
0.0864614 0.161279 0.237222 0.514938 9.9991E-05
0.0254484 0.266182 0.193322 0.440025 0.075023
0.0353683 9.9991E-05 0.499045 0.40205 0.063437
9.9991E-05 0.0593324 0.408357 0.373767 0.158444
0.0264262 0.0910751 0.137843 0.587495 0.157161
0.0722957 0.0859098 0.296452 0.402781 0.142561
0.0435793 0.159455 0.1344 0.438282 0.224284
9.9982E-05 0.0524987 0.38241 0.564892 9.9982E-05
9.9991E-05 0.0447786 0.530101 0.325102 0.0999176
0.0481496 0.0836072 0.295579 0.572564 9.9991E-05
9.9991E-05 0.0591835 0.550809 0.297726 0.092181
0.00872663 0.0387267 0.437401 0.515046 9.9991E-05
0.0423941 0.110199 0.26733 0.569881 0.0101958
9.9991E-05 0.150662 0.325716 0.5148 0.00872234
0.111853 0.229121 0.149083 0.434888 0.0750548
0.205356 0.199587 0.187856 0.348891 0.0583096
0.140692 0.266569 0.102232 0.40621 0.0842965
0.184804 0.239572 0.13907 0.310802 0.125753
0.172329 0.168861 0.0508744 0.485475 0.12246
0.111044 0.16326 0.159887 0.50233 0.0634792
0.230046 0.175484 0.59427 9.9982E-05 9.9982E-05
0.0943831 0.240924 0.0359039 0.628689 9.9991E-05
0.457075 0.12325 0.419475 9.9982E-05 9.9982E-05
0.0536289 0.222522 0.199853 0.523896 9.9991E-05
9.9973E-05 9.9973E-05 0.743156 0.256544 9.9973E-05
0.0145495 9.9982E-05 0.943005 9.9982E-05 0.0422459
9.9982E-05 0.0406061 0.378347 0.580847 9.9982E-05
0.0390931 9.9982E-05 0.218307 0.7424 9.9982E-05
9.9982E-05 9.9982E-05 0.437359 0.491432 0.071009
9.9982E-05 0.0238928 0.34346 0.632447 9.9982E-05
9.9991E-05 0.0441895 0.338 0.579836 0.0378743
0.786869 0.0472849 0.0490102 0.0933714 0.0234647
0.696544 0.134167 9.9982E-05 9.9982E-05 0.169088
0.900118 0.0676776 9.9982E-05 9.9982E-05 0.0320042
0.951272 9.9973E-05 9.9973E-05 0.0484285 9.9973E-05
0.0915423 0.0182162 0.212162 0.603421 0.0746579
0.0229299 0.0428645 0.134989 0.681441 0.117775
0.0175689 9.9991E-05 0.178499 0.714129 0.0897033
0.112604 9.9991E-05 0.181381 0.69824 0.00767491
0.157168 0.0511974 0.111977 0.62629 0.0533673
0.00314176 9.9991E-05 0.383794 0.410308 0.202656
9.9991E-05 0.0180395 0.161742 0.755431 0.064688
9.9973E-05 9.9973E-05 0.526053 0.473647 9.9973E-05
0.266256 0.232839 0.0406835 0.460122 9.9991E-05
9.9991E-05 0.050339 0.389304 0.492015 0.0682428
9.9982E-05 9.9982E-05 0.340668 0.497314 0.161818
9.9982E-05 9.9982E-05 0.205471 0.690066 0.104264
9.9982E-05 9.9982E-05 0.281129 0.58882 0.12985
9.9973E-05 9.9973E-05 0.227404 0.772296 9.9973E-05
0.0687541 0.0228139 0.162912 0.727357 0.0181631
9.9973E-05 9.9973E-05 0.690046 0.309654 9.9973E-05
9.9982E-05 9.9982E-05 0.496048 0.488154 0.0155979
9.9982E-05 9.9982E-05 0.394017 0.510586 0.0951971
9.9973E-05 9.9973E-05 0.927585 0.0721148 9.9973E-05
9.9991E-05 0.0706687 0.174743 0.544047 0.210441
0.00689769 9.9991E-05 0.61669 0.315643 0.0606692
9.9982E-05 9.9982E-05 0.820175 0.0875811 0.0920439
0.021065 0.0177517 0.142349 0.784069 0.0347651
0.0379355 9.9991E-05 0.443513 0.363054 0.155398
9.9991E-05 0.0106702 0.207291 0.658705 0.123234
0.117576 0.155951 0.152989 0.49799 0.0754938
0.0249009 9.9991E-05 0.201052 0.645949 0.127999
9.9991E-05 0.0958914 0.2986 0.390548 0.214861
9.9991E-05 0.036837 0.121054 0.684394 0.157614
0.0323064 0.0599008 0.184161 0.569104 0.154528
9.9973E-05 9.9973E-05 0.515975 0.483725 9.9973E-05
0.068283 0.0365018 0.2016 0.601743 0.0918722
0.668096 9.9982E-05 0.00371631 9.9982E-05 0.327988
0.760448 9.9991E-05 0.0941296 0.053074 0.0922483
0.820716 9.9973E-05 9.9973E-05 9.9973E-05 0.178984
0.827102 9.9982E-05 0.0301973 9.9982E-05 0.142501
0.75836 9.9982E-05 9.9982E-05 0.0137469 0.227694
0.00998826 9.9991E-05 0.395246 0.336606 0.25806
0.0246064 9.9991E-05 0.495911 0.32802 0.151363
9.9973E-05 9.9973E-05 0.604917 0.394783 9.9973E-05
0.138014 0.0755029 0.136925 0.582002 0.0675559
0.131894 0.118923 0.17569 0.573393 9.9991E-05
0.00822992 9.9982E-05 0.482858 0.508713 9.9982E-05
9.9991E-05 0.0175791 0.171844 0.80054 0.00993614
0.104517 9.9991E-05 0.342966 0.535436 0.0169818
0.0137376 9.9991E-05 0.203347 0.71847 0.0643451
0.0850439 0.0385755 0.106493 0.720293 0.0495947
9.9982E-05 9.9982E-05 0.379969 0.426944 0.192887
9.9982E-05 9.9982E-05 0.315418 0.554479 0.129903
9.9982E-05 9.9982E-05 0.191089 0.535843 0.272868
0.117741 9.9991E-05 0.108827 0.653858 0.119474
0.0175583 9.9991E-05 0.291868 0.549473 0.141002
0.00909074 0.0316571 0.227085 0.632305 0.0998619
0.124902 0.485064 9.9982E-05 0.389834 9.9982E-05
0.0801947 0.47696 0.0335806 0.378042 0.0312234
0.171203 0.403478 9.9982E-05 0.42512 9.9982E-05
0.201718 0.478722 9.9982E-05 0.31936 9.9982E-05
0.141937 0.324609 9.9991E-05 0.421411 0.111943
0.0587044 0.062658 0.306866 0.571672 9.9991E-05
0.220777 0.692959 0.0555907 0.021293 0.00938017
0.189688 0.495212 0.0254761 0.289524 9.9991E-05
0.240908 0.164907 0.0827097 0.511375 9.9991E-05
0.203822 9.9991E-05 0.174531 0.608744 0.0128029
0.111516 0.0559581 0.222907 0.429308 0.180311
0.119529 0.0581891 0.049542 0.642904 0.129836
0.162553 9.9991E-05 0.029366 0.703913 0.104068
0.212754 0.522204 9.9982E-05 0.264842 9.9982E-05
0.14148 0.392525 9.9991E-05 0.422185 0.0437099
0.0404662 0.610352 9.9982E-05 0.348982 9.9982E-05
0.124863 0.357206 0.0314342 0.44362 0.0428777
0.19127 0.58477 0.0107361 0.213125 9.9991E-05
0.0824241 0.430451 0.0896645 0.35088 0.0465808
0.137479 0.594315 9.9982E-05 0.268006 9.9982E-05
0.0369614 0.54745 0.0231986 0.252364 0.140026
0.093523 0.08193 0.214328 0.585978 0.0242409
0.124387 0.426361 0.00356625 0.423178 0.0225073
0.193979 0.662679 9.9982E-05 0.143142 9.9982E-05
0.0907407 0.435115 0.0634634 0.369824 0.0408572
0.191711 0.000858744 0.303361 0.239049 0.26502
9.9991E-05 0.174284 0.212702 0.533083 0.0798309
0.192681 0.274124 0.0205722 0.433786 0.0788366
0.174144 0.00697825 0.0698314 0.639831 0.109215
0.197595 0.0551819 0.163941 0.565876 0.0174067
0.244304 0.271197 0.109984 0.374415 9.9991E-05
0.259632 0.277706 0.0926588 0.369903 9.9991E-05
0.075366 0.189008 0.0264726 0.615147 0.0940059
0.0993204 0.348628 0.113663 0.390639 0.0477494
0.0872013 0.531134 0.0173413 0.364224 9.9991E-05
0.177189 0.687956 0.0326673 0.102088 9.9991E-05
0.130857 0.0768054 0.0751351 0.691911 0.0252916
0.152474 9.9991E-05 0.158244 0.548171 0.141012
0.148571 0.0588575 0.5939 0.198571 9.9991E-05
0.139605 0.104181 0.0620539 0.674594 0.0195658
0.154009 0.01386 0.0999531 0.50305 0.229128
0.212154 0.171299 0.140338 0.476108 9.9991E-05
0.122592 0.207077 0.156396 0.402304 0.11163
0.32323 0.247808 0.428762 9.9982E-05 9.9982E-05
0.378855 0.148082 0.472863 9.9982E-05 9.9982E-05
0.203138 0.136337 0.360305 0.259279 0.040941
0.373999 0.250244 0.363074 0.0125829 9.9991E-05
0.501762 0.218895 0.279143 9.9982E-05 9.9982E-05
0.164713 0.170257 0.220658 0.444272 9.9991E-05
0.204217 0.178182 0.149737 0.451485 0.0163788
0.314291 0.232974 0.287377 0.162074 0.00328483
0.340808 0.23216 0.38508 0.0418517 9.9991E-05
0.108475 0.212427 0.11913 0.460025 0.0999429
0.264636 0.161171 0.381331 0.192762 9.9991E-05
0.487977 0.107693 0.404131 9.9982E-05 9.9982E-05
0.153568 0.255681 9.9991E-05 0.422323 0.168327
0.223156 0.312291 0.146644 0.307905 0.0100032
0.356268 0.1683 9.9991E-05 0.41084 0.0644919
0.204608 0.204638 9.9982E-05 0.590554 9.9982E-05
0.218939 0.126854 0.0191268 0.63498 9.9991E-05
0.134023 0.324842 0.0393926 0.501643 9.9991E-05
0.38223 0.225338 0.00197234 0.378769 0.011691
0.152379 0.204547 9.9991E-05 0.530029 0.112945
0.221562 0.303658 0.0284468 0.444078 0.00225446
0.290063 0.25806 0.10373 0.324066 0.0240808
0.153031 0.15499 0.186221 0.345672 0.160087
0.176084 0.120078 0.0198678 0.557127 0.126843
0.164775 0.188728 0.0255164 0.597859 0.0231211
0.134952 0.173266 0.107095 0.584587 9.9991E-05
0.274171 0.322828 9.9991E-05 0.37199 0.0309108
0.19731 0.22946 9.9982E-05 0.573029 9.9982E-05
0.42776 0.23694 0.18354 0.151659 9.9991E-05
0.220661 0.1973 0.0472216 0.527571 0.00724638
0.245357 0.384155 0.200544 0.169843 9.9991E-05
0.808444 9.9982E-05 0.0745914 9.9982E-05 0.116764
0.0397589 9.9982E-05 9.9982E-05 0.128097 0.831944
9.997E-05 9.997E-05 9.997E-05 9.997E-05 0.9996
0.00225102 9.9973E-05 9.9973E-05 9.9973E-05 0.997449
9.9982E-05 0.0271175 9.9982E-05 0.0115694 0.961113
0.0111147 0.0230288 9.9991E-05 0.0268701 0.938886
9.9973E-05 9.9973E-05 9.9973E-05 0.089681 0.910019
0.0253846 9.9973E-05 9.9973E-05 9.9973E-05 0.974315
0.198087 9.9973E-05 9.9973E-05 9.9973E-05 0.801613
0.883468 0.0176543 9.9991E-05 0.0126276 0.0861499
0.811118 9.9982E-05 9.9982E-05 0.0706632 0.118019
0.882096 0.0958716 0.0179112 9.9991E-05 0.00402126
0.814663 9.9982E-05 9.9982E-05 0.0365968 0.14854
0.909345 0.035313 9.9991E-05 0.0466961 0.00854635
0.906967 0.0037035 9.9982E-05 9.9982E-05 0.0891292
0.699986 0.169522 9.9982E-05 9.9982E-05 0.130291
0.857125 0.0901871 0.0071854 0.0454024 9.9991E-05
0.703834 0.104906 0.0127122 0.00827418 0.170274
0.926608 0.055627 9.9982E-05 0.017565 9.9982E-05
0.949584 9.9973E-05 9.9973E-05 9.9973E-05 0.0501159
0.839253 0.0484922 0.0223737 0.0352602 0.0546211
0.9579 9.9982E-05 9.9982E-05 0.0171437 0.0247566
0.901608 9.9973E-05 9.9973E-05 0.0980921 9.9973E-05
0.868749 0.025498 9.9982E-05 0.105553 9.9982E-05
0.834523 0.061294 9.9982E-05 0.103983 9.9982E-05
0.800033 0.149206 9.9982E-05 0.0505603 9.9982E-05
0.790784 0.0836785 9.9982E-05 0.125337 9.9982E-05
0.822447 0.0525844 0.0036237 0.121245 9.9991E-05
0.145286 0.0549999 0.253408 0.442693 0.103614
0.108944 9.9991E-05 0.0934358 0.722742 0.0747779
0.121016 0.107379 0.0885321 0.622035 0.0610376
0.107984 0.0705032 0.656097 0.165316 9.9991E-05
0.143123 9.9991E-05 0.0637837 0.586956 0.206038
0.195967 0.0265326 0.61085 0.16655 9.9991E-05
0.199328 0.0268607 0.106855 0.657123 0.00983366
0.086527 9.9991E-05 0.215787 0.522343 0.175243
0.0837286 9.9991E-05 0.189536 0.654397 0.0722383
0.070931 9.9991E-05 0.115694 0.661723 0.151552
0.109181 9.9991E-05 0.128714 0.576121 0.185884
0.0879139 9.9991E-05 0.0894546 0.702856 0.119675
0.100025 0.0441718 0.0857591 0.643598 0.126446
9.9991E-05 0.070464 0.400595 0.0539043 0.474936
0.0751806 9.9982E-05 0.827613 9.9982E-05 0.0970062
0.11077 0.0633526 0.652192 0.135395 0.0382898
0.118521 0.120647 0.0317753 0.636202 0.0928547
0.151796 0.0491791 0.229086 0.569839 9.9991E-05
0.216313 9.9982E-05 0.155634 0.627853 9.9982E-05
0.169586 0.0179022 0.107116 0.705296 9.9991E-05
0.190181 0.165866 0.103329 0.540525 9.9991E-05
0.132693 0.210134 9.9991E-05 0.553584 0.103489
0.415992 0.193134 0.151477 0.09284 0.146557
0.177349 0.000802457 9.9991E-05 0.732222 0.0895263
0.187285 0.17983 0.0909539 0.441515 0.100416
0.412731 0.212712 0.374356 9.9982E-05 9.9982E-05
0.259031 0.231787 0.186548 0.322534 9.9991E-05
0.358621 0.188255 0.122211 0.294981 0.0359316
0.338321 0.0886085 0.00861891 0.471585 0.0928666
0.143319 0.199096 0.0700662 0.483228 0.104291
0.214881 0.158936 0.00777921 0.550344 0.0680586
0.171062 0.101662 0.088911 0.618533 0.0198313
0.19347 0.151498 0.121664 0.477654 0.0557143
0.499538 0.162473 9.9982E-05 0.337788 9.9982E-05
