0.0329327 9.9982E-05 0.966867 9.9982E-05
0.00464546 0.009413 0.985842 9.9991E-05
0.0948088 0.00126763 0.85279 0.0511339
0.0934423 0.00611438 0.854425 0.0460185
0.0444849 9.9991E-05 0.919331 0.0360846
0.0130237 0.189338 0.682492 0.115147
0.0315513 0.0910678 0.877281 9.9991E-05
0.0460386 0.158191 0.778431 0.0173397
9.9982E-05 0.123763 0.876037 9.9982E-05
0.113215 0.0606225 0.748353 0.0778104
0.0179544 0.157366 0.781694 0.0429858
0.0583012 0.523304 0.0462183 0.372177
0.125868 0.311999 0.0714172 0.490716
0.0383225 0.483428 0.132129 0.34612
0.113167 0.354824 0.110118 0.421892
0.0689359 0.229988 0.187883 0.513193
0.107381 0.168765 0.0750407 0.648813
0.130977 0.351023 9.9991E-05 0.517901
0.0489601 0.289693 0.210385 0.450962
0.0191375 0.738531 0.127505 0.114827
0.0493747 0.359542 0.037065 0.554019
0.0651298 0.341932 0.0187688 0.57417
0.0360741 0.262177 0.0488872 0.652862
0.101354 0.466085 0.0731248 0.359437
0.137345 0.151404 0.0204555 0.690796
0.0980946 0.258694 0.00681689 0.636394
0.0668004 0.556625 0.0987828 0.277792
0.18264 0.489197 0.0686752 0.259487
0.0070663 0.555998 0.0892267 0.347709
0.0886471 9.9991E-05 0.845618 0.0656345
0.0524586 9.9991E-05 0.850133 0.097308
0.0465834 9.9991E-05 0.830645 0.122671
0.0941713 0.00198377 0.732313 0.171532
9.9991E-05 0.264083 0.055867 0.67995
9.9991E-05 0.255083 0.1094 0.635417
0.00585586 0.210756 0.0217376 0.76165
9.9991E-05 0.524906 0.206388 0.268606
0.0435822 0.447856 9.9991E-05 0.508462
0.0717311 0.221037 0.0929025 0.61433
0.0214042 0.142006 9.9991E-05 0.83649
9.9991E-05 0.173676 0.10959 0.716633
9.9991E-05 0.155419 0.118509 0.725971
9.9982E-05 0.645084 9.9982E-05 0.354716
0.123307 0.189895 0.0756603 0.611138
0.0620352 0.173039 0.0931731 0.671753
0.024606 0.0695114 0.226932 0.67895
9.9982E-05 0.46247 9.9982E-05 0.53733
9.9991E-05 0.170732 0.0820901 0.747078
0.107921 0.14831 0.0787001 0.665069
9.9991E-05 0.847032 0.0942356 0.0586324
9.9991E-05 0.714338 0.0107933 0.274768
0.137812 0.758779 0.0147072 0.088702
0.203054 0.250732 0.0423105 0.503903
0.0749894 0.148767 0.164641 0.611602
0.0990916 0.234785 0.0672403 0.598883
9.9991E-05 0.558524 0.153707 0.287669
0.0218857 0.339581 0.0305706 0.607963
0.0975417 0.193345 0.127073 0.582041
0.0152162 0.390912 0.14965 0.444222
0.0745852 0.560318 0.239634 0.125463
0.0883879 0.244235 0.0614663 0.605911
0.0766062 0.296454 0.112983 0.513956
9.9991E-05 0.737148 0.124382 0.13837
9.9991E-05 0.320053 0.0396084 0.640238
0.116352 0.19447 9.9991E-05 0.689078
0.0222446 0.153328 0.15522 0.669208
0.0779393 0.473818 0.062256 0.385986
0.145858 0.335104 0.000163354 0.518874
0.0184052 0.219782 0.129445 0.632368
9.9991E-05 0.606522 0.0716964 0.321681
9.9982E-05 0.283367 9.9982E-05 0.716433
9.9982E-05 0.559241 9.9982E-05 0.440559
0.122018 0.276566 0.102342 0.499075
9.9982E-05 0.751246 9.9982E-05 0.248554
9.9982E-05 0.802047 9.9982E-05 0.197753
9.9982E-05 0.467505 9.9982E-05 0.532296
9.9991E-05 0.396646 0.00225461 0.600999
0.0175803 0.201206 0.0665761 0.714637
0.0868627 0.36598 9.9991E-05 0.547058
9.9991E-05 0.560996 0.0404774 0.398426
9.9991E-05 0.530978 0.0720743 0.396848
0.114456 0.171588 0.0703951 0.643561
0.0333032 0.443096 0.0308164 0.492785
9.9991E-05 0.337324 0.0502492 0.612327
9.9982E-05 0.382281 9.9982E-05 0.617519
0.0372517 0.831744 9.9991E-05 0.130905
0.0908193 0.22843 9.9991E-05 0.68065
0.0233579 9.9991E-05 0.867401 0.109141
9.9982E-05 9.9982E-05 0.931557 0.0682433
0.0474871 9.9991E-05 0.870769 0.0816438
0.0396135 9.9991E-05 0.919493 0.0407935
0.0478265 9.9991E-05 0.882253 0.0698203
0.0443571 9.9991E-05 0.91865 0.0368934
0.00766125 9.9991E-05 0.95329 0.0389492
0.0199557 0.168689 0.136138 0.675218
0.0797121 0.207743 0.0649184 0.647626
9.9991E-05 0.676579 0.0108291 0.312492
9.9991E-05 0.110209 0.186711 0.70298
9.9991E-05 0.330705 0.0268333 0.642362
0.0564827 0.208645 0.0635163 0.671356
0.0764927 0.231903 9.9991E-05 0.691505
0.0160166 0.268763 0.0027955 0.712424
9.9991E-05 0.769894 0.0630117 0.166994
0.0876126 0.130006 0.151531 0.63085
0.0228873 0.136928 0.137367 0.702817
0.178863 0.288192 0.0481808 0.484765
9.9982E-05 0.424898 9.9982E-05 0.574902
0.00976393 0.277524 9.9991E-05 0.712612
9.9991E-05 0.299529 0.0715855 0.628785
0.10567 0.417685 9.9991E-05 0.476546
9.9991E-05 0.344772 0.0336428 0.621485
0.0393484 0.150177 0.178305 0.63217
9.9991E-05 0.597695 0.0925521 0.309652
0.0645501 0.283981 0.145882 0.505587
0.0993089 0.224317 0.170505 0.505869
0.0677547 0.133613 0.143598 0.655034
9.9991E-05 0.261392 0.111349 0.62716
0.0887457 0.199165 0.0566368 0.655453
0.060527 0.338787 0.110636 0.49005
0.0322259 0.195592 0.137159 0.635024
0.118415 0.21083 0.0927495 0.578006
9.9991E-05 0.201718 0.0849028 0.713279
9.9991E-05 0.330645 0.0505752 0.61868
0.0232168 0.171672 0.0470847 0.758026
0.0731662 0.266607 0.149686 0.510541
0.0376777 0.264882 0.0109302 0.68651
0.109588 0.24366 0.0626145 0.584137
0.12205 0.216434 0.0179406 0.643576
0.0431456 0.442352 0.120991 0.393511
0.0348203 0.231497 0.101582 0.632101
0.0810711 0.161032 0.0377372 0.720159
0.0215416 0.513969 0.0759107 0.388579
0.112013 0.695359 0.027703 0.164924
0.115014 0.265909 0.0425338 0.576542
0.159048 0.764406 9.9991E-05 0.0764459
9.9991E-05 0.483558 0.115342 0.401
9.9991E-05 0.401237 0.0391833 0.55948
9.9991E-05 0.468844 0.0608458 0.47021
0.00969724 0.519594 0.0571246 0.413584
0.0486623 0.148114 0.039866 0.763358
0.0664501 0.0886633 0.16568 0.679206
0.0938238 0.276508 0.071785 0.557884
0.167819 0.699122 0.00977672 0.123282
0.0415978 0.166821 0.154326 0.637255
0.127153 0.349716 9.9991E-05 0.523031
0.0348946 0.681235 0.194633 0.0892371
0.0938003 0.154828 0.118382 0.63299
0.134323 0.423921 0.0863193 0.355436
0.0808611 0.28141 0.0804513 0.557278
0.0592886 0.492098 0.148767 0.299846
0.0168645 0.588687 0.136937 0.257512
0.0291482 0.4113 0.0558034 0.503748
0.0822253 0.190281 0.188738 0.538756
0.14473 0.250065 0.184837 0.420368
0.257834 0.64841 0.0692788 0.0244772
0.0714183 0.121534 0.107222 0.699825
9.9982E-05 0.509327 9.9982E-05 0.490473
0.00799709 0.39229 9.9991E-05 0.599612
0.0778884 0.191917 0.14042 0.589775
0.310554 0.209916 0.34701 0.132521
0.189654 0.194088 0.616159 9.9991E-05
0.203646 0.291361 0.504893 9.9991E-05
0.378643 0.130812 0.435713 0.0548314
0.0300956 0.203494 9.9991E-05 0.766311
0.0377783 0.205731 0.115821 0.64067
0.665061 9.9982E-05 9.9982E-05 0.334739
0.418694 0.0793856 0.0577287 0.444192
0.379014 0.0714638 0.12886 0.420663
0.0909279 0.528663 0.00259041 0.377819
0.105011 0.304054 0.08041 0.510525
0.124678 0.648608 0.00653283 0.220182
0.0738566 0.294704 0.00804357 0.623396
0.0316309 0.407111 0.0391302 0.522127
0.0758439 0.267201 0.0459542 0.611001
0.0751701 0.663122 0.0214383 0.240269
0.0212724 0.181674 0.0692532 0.727801
0.128742 0.211878 0.0396401 0.61974
0.956468 0.00318949 9.9991E-05 0.0402421
0.873113 9.9982E-05 9.9982E-05 0.126687
0.553832 0.0121935 0.120647 0.313328
0.673535 9.9982E-05 9.9982E-05 0.326265
0.796833 9.9991E-05 0.00497629 0.198091
0.9997 9.998E-05 9.998E-05 9.998E-05
0.995685 0.00411464 9.9982E-05 9.9982E-05
0.854198 9.9982E-05 9.9982E-05 0.145602
0.984299 0.00975873 9.9991E-05 0.00584195
0.9997 9.998E-05 9.998E-05 9.998E-05
0.9997 9.998E-05 9.998E-05 9.998E-05
0.823669 9.9982E-05 9.9982E-05 0.176131
0.784518 9.9991E-05 0.081831 0.133551
0.986893 0.0129066 9.9982E-05 9.9982E-05
0.437117 0.159232 0.161472 0.24218
0.686995 0.0230749 0.0193634 0.270566
0.843967 9.9991E-05 0.0439602 0.111973
0.904643 9.9991E-05 0.0272429 0.0680144
0.997958 9.9982E-05 9.9982E-05 0.00184243
0.887888 9.9991E-05 0.020826 0.0911857
0.9997 9.998E-05 9.998E-05 9.998E-05
0.606435 0.0485318 0.0872502 0.257783
0.909077 0.0162174 9.9991E-05 0.0746056
0.0987844 0.501286 0.399829 9.9991E-05
0.0817036 0.234522 0.2255 0.458275
0.0503766 0.169739 0.326783 0.453102
0.21779 0.394439 0.229466 0.158304
0.161797 0.22703 0.155201 0.455973
0.220113 0.316987 0.249087 0.213812
0.102899 0.217591 0.235913 0.443597
0.208419 0.261729 0.19716 0.332692
0.152711 0.203931 0.150519 0.492839
0.189147 0.156516 0.279667 0.37467
0.0930919 0.153953 0.235719 0.517236
9.9991E-05 0.0299105 0.913067 0.0569225
0.0612161 9.9982E-05 0.938584 9.9982E-05
9.998E-05 9.998E-05 0.9997 9.998E-05
9.9982E-05 9.9982E-05 0.99459 0.00521022
0.048699 0.000531294 0.948651 0.0021186
0.077391 9.9982E-05 0.922409 9.9982E-05
0.0744495 9.9991E-05 0.893671 0.0317798
9.9991E-05 0.0740951 0.919456 0.00634847
0.0385975 0.0105424 0.927092 0.0237686
0.0882126 0.0106374 0.884943 0.0162072
9.9982E-05 0.342316 0.657484 9.9982E-05
9.9982E-05 0.308114 0.691686 9.9982E-05
9.9982E-05 0.395564 0.604236 9.9982E-05
9.9991E-05 0.44241 0.555238 0.00225138
9.9991E-05 0.2565 0.0817305 0.661669
0.0619471 0.248327 0.0320337 0.657692
0.0420269 0.282433 0.0207125 0.654828
9.9991E-05 0.386197 0.0852088 0.528494
9.9991E-05 0.628169 0.0819301 0.2898
0.0584448 0.194948 0.0574311 0.689176
0.0143359 0.329967 9.9991E-05 0.655597
9.9991E-05 0.319519 0.0296791 0.650702
0.00309442 0.405853 9.9991E-05 0.590953
0.0757591 0.313641 0.0326537 0.577946
9.9982E-05 0.407519 9.9982E-05 0.592281
9.9982E-05 0.915723 9.9982E-05 0.0840767
0.0949142 0.337704 0.0773157 0.490066
0.0586444 0.576576 0.00640918 0.358371
9.9982E-05 0.261294 9.9982E-05 0.738506
9.9991E-05 0.68047 0.0119166 0.307513
9.9991E-05 0.695263 0.26399 0.0406464
9.9991E-05 0.67635 0.204953 0.118597
9.9991E-05 0.75061 0.181656 0.0676345
9.9991E-05 0.741517 0.240928 0.0174548
0.0195275 0.756433 0.145676 0.0783637
0.0302579 0.635657 0.179788 0.154297
0.0101377 9.9991E-05 0.902717 0.0870454
0.0466568 0.0234356 0.833357 0.0965511
0.077551 9.9991E-05 0.848785 0.0735638
0.0922912 0.0204278 0.810548 0.0767332
0.0759848 9.9991E-05 0.8449 0.0790157
9.9982E-05 0.522728 0.477072 9.9982E-05
9.9982E-05 0.468401 0.531399 9.9982E-05
9.9982E-05 0.468281 0.531519 9.9982E-05
0.034535 9.9991E-05 0.845623 0.119742
9.9982E-05 0.548394 0.451406 9.9982E-05
0.397751 0.0735661 0.266117 0.262566
0.254001 9.9991E-05 0.17007 0.575829
0.34038 9.9991E-05 0.188952 0.470567
0.233044 0.120294 0.254653 0.392009
0.108341 0.0521148 0.158198 0.681346
0.344625 0.13556 0.519714 9.9991E-05
0.0327073 0.412335 0.0187054 0.536252
0.0471453 0.466533 0.0278519 0.45847
9.9991E-05 0.428181 0.202023 0.369696
9.9991E-05 0.382625 0.00380075 0.613475
9.998E-05 0.9997 9.998E-05 9.998E-05
0.063249 0.189392 0.122228 0.625131
0.0196306 0.327983 0.0963957 0.555991
9.9991E-05 0.45408 0.0959381 0.449882
0.0585801 0.255232 0.147519 0.53867
0.0286025 0.729581 0.0331715 0.208645
0.112093 0.414777 0.0466599 0.42647
0.0956454 0.313215 0.0432513 0.547888
0.279291 0.254674 0.112258 0.353777
0.0474199 0.530733 9.9991E-05 0.421748
0.06014 0.373708 0.0493355 0.516816
0.167911 0.333086 9.9991E-05 0.498903
9.9991E-05 0.306339 0.0564273 0.637134
0.0461419 0.215212 0.0381018 0.700544
0.00125916 0.0988323 0.152121 0.747787
0.0586543 0.219608 0.0669009 0.654836
0.103957 9.9991E-05 0.803211 0.0927323
0.039103 9.9991E-05 0.859431 0.101366
0.0173007 0.08721 0.815733 0.0797558
0.0528215 0.0844893 0.860073 0.00261647
0.053006 9.9991E-05 0.855656 0.0912379
0.0434814 0.629745 0.058919 0.267855
0.0897131 0.329812 0.0256872 0.554787
0.126989 0.140771 0.263282 0.468958
0.0953334 0.155554 0.0906224 0.65849
9.9991E-05 0.273554 0.0717652 0.654581
0.0842718 0.508885 0.0746876 0.332155
9.9991E-05 0.752722 0.208252 0.0389265
9.9991E-05 0.26555 0.0953511 0.638999
9.9991E-05 0.611891 0.158799 0.22921
0.104393 0.365875 0.0774111 0.452321
0.00524935 0.555373 0.274376 0.165001
0.101436 0.124908 0.149963 0.623692
9.9991E-05 0.556983 0.17224 0.270677
0.106337 0.372119 0.0997273 0.421816
0.0515879 0.250106 0.128472 0.569834
0.0694677 0.536873 0.0602385 0.33342
0.00890344 0.157918 0.110735 0.722444
0.0040809 0.165177 0.197332 0.63341
0.0242602 0.52998 0.00422447 0.441535
0.0648312 0.290959 0.0923614 0.551848
0.0148047 0.270083 0.0533676 0.661745
0.00701541 0.714407 0.00624745 0.27233
0.010871 0.621269 9.9991E-05 0.36776
0.0355754 0.336922 0.0142135 0.613289
9.9991E-05 0.694058 0.0469111 0.258931
9.9982E-05 0.381126 9.9982E-05 0.618674
9.9991E-05 0.602472 0.101479 0.295948
0.097367 0.612993 9.9991E-05 0.28954
0.0638228 0.430783 0.103699 0.401695
0.115633 0.19216 0.0450968 0.64711
9.9982E-05 0.610912 9.9982E-05 0.388888
0.0758119 0.345773 0.0572024 0.521213
0.10734 0.159501 0.0730168 0.660142
0.187463 0.309915 0.0628395 0.439782
0.0565338 0.274013 0.0506007 0.618853
0.0895849 0.366946 0.00710558 0.536363
0.0700978 0.544877 0.0145198 0.370506
0.0855763 0.426131 0.0387445 0.449548
0.0857842 0.284998 9.9991E-05 0.629118
0.0588511 0.218979 0.105067 0.617103
0.031962 0.344516 0.123952 0.49957
0.100218 0.264341 9.9991E-05 0.635341
9.9991E-05 0.299691 0.170445 0.529763
9.9991E-05 0.253264 0.0489568 0.697679
0.121553 0.36295 0.0143622 0.501134
0.00467808 0.161346 0.136748 0.697228
0.17317 9.9991E-05 0.36902 0.45771
0.301956 0.155421 0.110069 0.432554
0.120745 0.143265 0.120182 0.615807
0.123573 0.153731 0.0784164 0.64428
0.249479 0.0150206 0.205172 0.530328
0.105279 0.436091 9.9991E-05 0.45853
0.207522 0.120684 0.167891 0.503902
0.200607 0.445534 0.274134 0.0797253
0.247051 0.0774194 0.139392 0.536138
0.252079 0.0776016 0.144955 0.525365
0.194925 0.209618 0.0720039 0.523453
0.186245 0.357244 0.181953 0.274559
0.198588 0.0665804 0.17369 0.561142
0.215388 0.00249786 0.2129 0.569214
0.252157 0.263332 0.484411 9.9991E-05
0.129881 0.0381286 0.267924 0.564067
0.224781 0.0658955 0.19775 0.511574
0.17205 0.0904822 0.151638 0.585831
0.22764 9.9991E-05 0.15679 0.615469
0.230833 0.121234 0.159686 0.488247
0.0955302 0.329815 0.0451109 0.529544
0.141425 0.190931 0.109854 0.55779
0.0347162 0.850171 9.9991E-05 0.115012
0.0122079 0.850876 9.9991E-05 0.136817
0.0697501 0.232368 0.0636105 0.634271
0.33349 0.131201 0.0802357 0.455073
0.420627 0.12736 0.104287 0.347725
0.370759 0.22848 0.26145 0.139311
0.347676 0.11645 0.167096 0.368779
0.206665 0.608196 0.062534 0.122605
0.211792 0.466283 0.116625 0.2053
0.179417 0.237735 9.9991E-05 0.582748
0.127613 0.236344 0.0471308 0.588913
0.174174 0.506409 0.0456965 0.273721
0.0783538 0.236757 0.0540165 0.630873
0.179975 0.230351 0.04688 0.542794
0.196991 0.197081 0.144381 0.461546
0.0229186 0.542008 9.9991E-05 0.434974
0.0687076 0.396426 0.022322 0.512545
9.9991E-05 0.279429 0.109874 0.610597
0.0613967 0.353185 0.100952 0.484467
0.146658 0.228341 0.0855422 0.539458
0.0738716 0.365369 9.9991E-05 0.560659
9.9982E-05 0.598818 9.9982E-05 0.400982
0.0444015 0.178491 0.0586035 0.718504
0.0654802 0.601763 9.9991E-05 0.332657
0.070542 0.432212 9.9991E-05 0.497146
0.066635 0.23798 0.102113 0.593272
0.132037 0.36494 9.9991E-05 0.502923
0.16094 0.0366226 0.189051 0.613386
0.211796 0.269357 0.130308 0.388539
0.311735 0.136487 0.193349 0.358429
0.283061 0.203192 0.220764 0.292983
0.155297 0.17417 0.171412 0.499122
0.181874 0.222023 0.18082 0.415284
0.254821 0.559018 0.186062 9.9991E-05
0.244862 0.0604407 0.11957 0.575126
0.209267 0.377149 0.413484 9.9991E-05
0.259868 0.134649 0.0462728 0.55921
9.9982E-05 0.726089 9.9982E-05 0.273712
0.043337 0.917981 9.9991E-05 0.0385815
0.0690757 0.369502 9.9991E-05 0.561322
9.9982E-05 0.167768 9.9982E-05 0.832032
0.0346209 0.500903 9.9991E-05 0.464376
9.9982E-05 0.337335 9.9982E-05 0.662465
0.0952431 0.340028 9.9991E-05 0.564629
0.0217036 0.0204535 0.82891 0.128933
0.151216 0.0938172 0.754867 9.9991E-05
0.0726589 9.9982E-05 0.927141 9.9982E-05
9.998E-05 9.998E-05 0.9997 9.998E-05
0.0098694 0.254667 0.0701566 0.665307
9.9991E-05 0.293226 0.0366582 0.670016
9.9982E-05 0.273572 9.9982E-05 0.726228
0.0358121 0.163324 0.118589 0.682275
0.0737039 0.287958 0.0438108 0.594528
0.00382632 0.54844 9.9991E-05 0.447634
9.9991E-05 0.148861 0.0204383 0.830601
9.9982E-05 0.459294 9.9982E-05 0.540506
0.146902 0.00781018 0.309617 0.535671
0.0224308 0.422226 9.9991E-05 0.555243
9.9991E-05 0.427178 0.00520935 0.567513
9.9982E-05 0.270814 9.9982E-05 0.728986
9.9982E-05 0.41881 9.9982E-05 0.58099
0.0078415 0.230881 9.9991E-05 0.761178
0.0113992 0.19422 0.0936842 0.700697
9.9982E-05 0.642013 9.9982E-05 0.357787
9.9982E-05 0.510106 9.9982E-05 0.489694
9.9982E-05 0.486758 9.9982E-05 0.513042
9.9982E-05 0.8485 9.9982E-05 0.1513
9.9991E-05 0.36142 0.0320706 0.60641
0.0252621 0.707949 9.9991E-05 0.266689
0.0763667 0.832698 9.9991E-05 0.0908356
0.0788251 0.218826 0.0229533 0.679395
9.9991E-05 0.515811 0.0333708 0.450718
0.108008 0.35045 9.9991E-05 0.541442
0.131871 0.15376 0.0800843 0.634284
0.014531 0.311597 0.041304 0.632568
0.0926806 0.555214 9.9991E-05 0.352006
9.9991E-05 0.270545 0.0407393 0.688616
0.00694024 0.322887 0.0193041 0.650869
9.9982E-05 0.455706 9.9982E-05 0.544094
0.0196994 0.259831 0.107246 0.613224
9.9982E-05 0.287065 0.712735 9.9982E-05
0.0154317 0.169669 0.775041 0.0398579
9.9982E-05 0.14088 0.85892 9.9982E-05
9.9982E-05 0.159082 0.840718 9.9982E-05
9.9991E-05 0.172553 0.821248 0.00609891
9.9991E-05 0.618692 0.0241169 0.357091
9.9991E-05 0.605933 0.0466575 0.34731
9.9982E-05 0.618205 9.9982E-05 0.381595
0.137502 0.132231 0.100355 0.629912
0.0451326 0.0887721 0.164259 0.701836
0.12123 0.526538 9.9991E-05 0.352132
0.0220793 0.206441 9.9991E-05 0.77138
9.9991E-05 0.29454 0.0823744 0.622986
9.9991E-05 0.271116 0.0355013 0.693283
9.9991E-05 0.130315 0.0864416 0.783144
0.0171389 0.507759 9.9991E-05 0.475002
9.9982E-05 0.446081 9.9982E-05 0.553719
9.9982E-05 0.413205 9.9982E-05 0.586595
0.0685982 0.196215 0.122399 0.612788
9.9982E-05 0.361843 9.9982E-05 0.637958
0.0119394 0.333351 0.00859514 0.646115
0.355219 9.9991E-05 0.184996 0.459685
0.44267 0.0359492 0.187433 0.333947
0.456145 9.9991E-05 0.161587 0.382169
0.447018 9.9991E-05 0.149423 0.403459
0.337919 0.0702419 0.129497 0.462342
0.0133081 0.275977 9.9991E-05 0.710615
0.649075 9.9991E-05 0.280742 0.070083
0.462247 9.9991E-05 0.199421 0.338232
0.265243 0.241151 0.114442 0.379165
0.0171339 0.200777 0.221405 0.560684
9.9991E-05 0.279725 0.207531 0.512644
9.9991E-05 0.131391 0.168882 0.699627
0.0445777 0.180239 0.0851585 0.690025
0.51147 9.9991E-05 0.193437 0.294993
0.310788 9.9991E-05 0.200388 0.488724
0.50111 9.9991E-05 0.0450447 0.453745
0.28905 0.08887 0.187929 0.434151
0.492969 9.9991E-05 0.137374 0.369557
0.358491 0.0390001 0.141492 0.461017
0.535435 9.9991E-05 0.162552 0.301913
0.411444 0.0655403 0.150219 0.372797
0.136347 0.272426 0.0518581 0.539369
0.217908 9.9991E-05 0.247431 0.534561
0.557468 9.9991E-05 0.195965 0.246467
0.353075 0.0550378 0.115134 0.476753
9.9991E-05 0.492816 0.227059 0.280026
0.14094 0.252104 9.9991E-05 0.606856
0.30232 0.123888 0.188202 0.38559
0.0458296 0.17457 0.11261 0.666991
0.0752922 0.264566 0.141618 0.518524
0.275624 0.120365 0.20707 0.396941
0.284394 0.0832364 0.264882 0.367488
0.111454 0.113784 0.0691798 0.705582
0.304179 9.9991E-05 0.203936 0.491785
0.544113 0.0589615 0.0392733 0.357652
0.580212 9.9991E-05 0.242768 0.17692
0.0249294 0.111327 0.178922 0.684821
9.9991E-05 0.261142 0.164378 0.574379
0.137899 0.555137 0.162672 0.144291
0.0686668 0.185096 0.143206 0.603031
0.0959134 0.349579 0.149816 0.404692
0.159936 0.142866 0.240648 0.45655
0.128335 0.229924 0.117131 0.52461
0.304284 0.364888 0.330728 9.9991E-05
0.201347 0.400175 0.398379 9.9991E-05
0.199133 0.364416 0.130456 0.305996
0.309858 0.30385 0.386192 9.9991E-05
0.290866 0.238284 0.47075 9.9991E-05
0.14006 0.2975 0.152041 0.410399
0.173946 0.134727 0.266546 0.424781
0.219132 0.273048 0.316001 0.19182
0.24609 0.294815 0.350687 0.108408
0.105728 0.134939 0.205728 0.553606
0.204213 0.368705 0.278409 0.148673
0.138907 0.356803 0.50419 9.9991E-05
0.167947 0.129986 0.168313 0.533754
0.192264 0.0979574 0.291907 0.417872
0.183674 0.0376368 0.30271 0.47598
0.257379 9.9991E-05 0.164928 0.577593
0.22038 0.00303135 0.179313 0.597276
0.247898 0.110795 0.14633 0.494977
0.230686 0.0156761 0.426147 0.327491
0.146511 0.0398269 0.194261 0.619401
0.251993 9.9991E-05 0.251896 0.496011
0.263109 0.131667 0.249503 0.355721
0.133965 0.299507 0.180322 0.386206
0.0946859 0.0593634 0.189931 0.65602
0.110682 0.0889804 0.24161 0.558727
0.102416 0.137811 0.084867 0.674906
0.248398 0.0169299 0.346767 0.387905
0.172023 0.0554364 0.199953 0.572588
0.224556 0.135774 0.409071 0.230598
0.164712 9.9991E-05 0.264493 0.570695
0.37975 0.118764 0.302376 0.19911
9.9991E-05 0.134952 0.837903 0.0270455
9.9991E-05 0.613681 0.221803 0.164415
9.9982E-05 0.809327 0.190473 9.9982E-05
9.9991E-05 0.782848 0.19361 0.0234421
9.9991E-05 0.729749 0.145143 0.125008
9.9991E-05 0.693707 0.162356 0.143836
9.9991E-05 0.693838 0.107125 0.198937
9.9982E-05 0.825258 0.174542 9.9982E-05
9.9991E-05 0.554724 0.376647 0.0685297
0.0154218 9.9991E-05 0.93731 0.0471684
0.0497513 0.0787232 0.824907 0.046619
0.0756505 9.9991E-05 0.900609 0.0236408
9.9991E-05 0.0855178 0.885314 0.0290679
0.0383033 9.9991E-05 0.951763 0.00983334
9.9991E-05 0.0299175 0.961722 0.00826072
0.128307 9.9991E-05 0.811854 0.0597392
0.0722321 0.0237075 0.876235 0.0278254
9.9991E-05 0.0822148 0.787134 0.130551
0.0822544 9.9991E-05 0.910086 0.00756001
9.998E-05 9.998E-05 0.9997 9.998E-05
0.066558 0.0336082 0.885723 0.0141112
0.0149329 9.9982E-05 0.984867 9.9982E-05
0.076649 9.9982E-05 0.923151 9.9982E-05
0.0580248 9.9991E-05 0.880817 0.0610578
0.0363371 9.9991E-05 0.864977 0.0985858
0.143316 9.9991E-05 0.799989 0.0565954
0.0891546 9.9991E-05 0.776958 0.133788
0.0644322 9.9991E-05 0.803111 0.132357
0.0061093 0.313075 0.193558 0.487257
9.9991E-05 0.107922 0.0981678 0.79381
0.0758574 0.145777 0.151089 0.627277
0.120602 0.68907 0.0768466 0.113481
0.0168714 0.225333 0.169942 0.587853
0.0774994 0.547927 0.22237 0.152204
0.0416338 0.119214 0.0790779 0.760074
9.9991E-05 0.317127 0.132603 0.55017
9.9991E-05 0.275864 0.12216 0.601875
9.9991E-05 0.266953 0.0596628 0.673284
9.9991E-05 0.317385 0.150613 0.531902
0.0137912 0.185023 0.142599 0.658587
9.9991E-05 0.178449 0.119723 0.701727
0.103566 0.769764 0.023972 0.102698
0.0375903 0.846633 0.115677 9.9991E-05
0.103249 0.639715 0.0765341 0.180502
0.092455 0.104421 0.0975744 0.70555
0.0725005 0.218092 0.142942 0.566466
9.9991E-05 0.20057 0.104522 0.694808
0.126236 0.1798 0.0835316 0.610433
0.196865 0.0844104 0.2244 0.494325
0.193457 0.0671084 0.189205 0.55023
0.180165 0.28545 0.402877 0.131508
0.0697592 0.14248 0.167641 0.62012
0.15187 0.177608 0.24606 0.424462
0.216742 0.318035 0.465122 9.9991E-05
0.157913 0.116433 0.308966 0.416688
0.210563 0.186857 0.333477 0.269102
0.06827 0.0779013 0.373116 0.480713
0.254654 0.173593 0.112013 0.45974
0.17873 0.0911206 0.206574 0.523575
0.147804 0.0305871 0.190611 0.630997
0.219858 0.269998 0.168816 0.341328
0.152445 0.0161814 0.483312 0.348062
