0.031536 0.071987 0.894518 0.00185915 9.9991E-05
9.9973E-05 9.9973E-05 0.968057 9.9973E-05 0.0316431
0.118724 0.0127357 0.847154 0.0212859 9.9991E-05
0.0620227 0.0954563 0.796618 0.045803 9.9991E-05
0.0575803 9.9982E-05 0.893177 0.0490426 9.9982E-05
0.011425 0.109298 0.634297 0.12563 0.11935
9.9991E-05 0.0712021 0.838359 0.0181469 0.0721918
0.0269899 0.128477 0.75538 0.00920757 0.0799457
9.9982E-05 0.0853578 0.856372 9.9982E-05 0.0580698
0.0305439 0.036101 0.704764 0.12244 0.106151
0.066527 0.109587 0.746058 9.9991E-05 0.0777277
0.328256 0.515568 9.9991E-05 0.0796756 0.0764005
0.633843 0.252376 0.0171142 0.0824467 0.0142204
0.254119 0.477216 0.046812 0.131173 0.0906803
0.357241 0.424925 0.0128217 0.187335 0.0176775
0.450597 0.269119 0.172457 0.0940755 0.0137521
0.628974 0.197108 0.071201 0.0795004 0.0232168
0.485106 0.295972 0.0100702 0.122644 0.0862071
0.369332 0.374886 0.13272 0.118032 0.00502979
9.9982E-05 0.694604 9.9982E-05 0.124148 0.181048
0.42862 0.26863 0.0360539 0.152507 0.11419
0.52629 0.221943 0.0123297 0.0971348 0.142303
0.664276 0.246738 0.03683 9.9991E-05 0.0520565
0.303571 0.380913 0.001995 0.141859 0.171662
0.75532 0.0546537 0.112916 0.0391632 0.0379466
0.515238 0.249446 0.00623176 0.143872 0.0852128
0.189587 0.53942 0.0281857 0.113703 0.129105
0.230643 0.460124 9.9991E-05 0.270111 0.0390231
0.339467 0.532543 9.9991E-05 0.00603541 0.121855
0.0576515 9.9982E-05 0.830019 0.112129 9.9982E-05
0.0776354 0.00613454 0.818287 0.0978433 9.9991E-05
0.149423 9.9982E-05 0.816378 0.0339988 9.9982E-05
0.146124 9.9991E-05 0.751204 0.0839848 0.0185874
0.636487 0.0839147 0.0607489 9.9991E-05 0.218749
0.633612 0.153691 0.0500346 0.0124445 0.150218
0.771828 9.9982E-05 0.0182523 9.9982E-05 0.20972
0.258489 0.605675 0.068556 9.9991E-05 0.0671795
0.485232 0.00286932 0.0303787 9.9991E-05 0.48142
0.546954 0.283202 0.0195606 0.0680811 0.0822025
0.834052 9.9982E-05 9.9982E-05 0.0571011 0.108647
0.590428 0.0608004 0.102891 0.0606223 0.185259
0.60567 0.0228818 0.104471 0.0611621 0.205815
0.283862 0.24568 0.0270871 9.9991E-05 0.443271
0.53813 0.0293386 0.0980214 0.156106 0.178404
0.655569 0.0755514 0.0745582 0.0857212 0.1086
0.682144 0.0380277 0.113679 0.0395528 0.126597
0.55011 0.0356813 9.9982E-05 9.9982E-05 0.414009
0.818371 0.100859 0.0509775 9.9991E-05 0.0296924
0.529588 0.0912361 0.0565079 0.122211 0.200457
9.9982E-05 0.0580259 0.0892502 9.9982E-05 0.852524
0.271475 0.46986 9.9982E-05 9.9982E-05 0.258464
0.113852 0.237131 0.0170794 0.0418193 0.590119
0.674467 0.159023 0.0729524 0.0652656 0.0282912
0.662545 0.0421701 0.171435 0.0613138 0.0625362
0.641757 0.0953812 0.101177 0.0897005 0.0719844
0.28385 0.382566 0.101845 9.9991E-05 0.231639
0.536419 0.33603 9.9991E-05 0.0775904 0.0498606
0.592232 0.0924468 0.0628059 0.123853 0.128662
0.45324 0.160269 0.170008 9.9991E-05 0.216383
0.138535 0.361235 0.189327 0.0515744 0.259329
0.701899 0.0796085 0.0608001 0.0527614 0.104931
0.434027 0.314681 0.0533952 0.0629073 0.13499
0.119787 0.608094 0.0252906 9.9991E-05 0.246729
0.482736 0.255062 9.9991E-05 0.063115 0.198987
0.644772 0.00705794 0.078988 0.145637 0.123545
0.643208 0.112946 0.0538429 0.0834883 0.106515
0.453021 0.311926 0.0571143 0.0203247 0.157614
0.504681 0.18394 0.0365255 0.0764474 0.198406
0.635854 0.188174 0.0120536 0.100495 0.0634238
0.279406 0.517083 9.9982E-05 9.9982E-05 0.203311
0.706807 0.0467846 9.9982E-05 9.9982E-05 0.246209
0.405171 0.151902 9.9982E-05 9.9982E-05 0.442727
0.542876 0.0562607 0.0426289 0.134929 0.223306
0.107642 0.0302756 9.9982E-05 9.9982E-05 0.861882
0.178772 0.000461802 9.9982E-05 9.9982E-05 0.820566
0.495669 9.9973E-05 9.9973E-05 9.9973E-05 0.504031
0.678271 0.0505107 0.0158625 9.9991E-05 0.255256
0.590499 0.0958673 0.139239 0.0618181 0.112576
0.564573 0.132665 0.0106619 0.070922 0.221178
0.38333 0.228905 0.0206489 9.9991E-05 0.367015
0.358889 0.310107 9.9982E-05 9.9982E-05 0.330805
0.57471 0.125662 0.0752534 0.12303 0.101345
0.538276 0.0755104 0.0255003 9.9991E-05 0.360613
0.588462 0.0310748 0.0197759 0.0157457 0.344942
0.519538 9.9982E-05 0.0223383 9.9982E-05 0.457924
0.107367 0.0289096 0.0310115 9.9991E-05 0.832612
0.705616 0.0606625 0.0279961 0.0833854 0.12234
0.0871404 0.0595719 0.815774 0.0374139 9.9991E-05
0.0962282 9.9973E-05 0.903472 9.9973E-05 9.9973E-05
0.0704342 9.9982E-05 0.872246 0.0571195 9.9982E-05
0.0487718 9.9982E-05 0.935512 0.0155164 9.9982E-05
0.090179 9.9982E-05 0.868875 0.0407459 9.9982E-05
0.0702178 9.9982E-05 0.928295 0.00128717 9.9982E-05
0.0685816 9.9973E-05 0.931118 9.9973E-05 9.9973E-05
0.548766 0.0525809 0.0870851 0.0587192 0.252848
0.545925 0.0904402 0.0597549 0.177696 0.126183
0.254594 0.159558 9.9982E-05 9.9982E-05 0.585648
0.675185 0.0286917 0.217236 0.0180888 0.0607985
0.636365 0.160496 0.02129 9.9991E-05 0.181749
0.680957 0.0723093 0.0424143 0.0111476 0.193171
0.68246 0.0573961 0.0630302 0.00632602 0.190788
0.590866 9.9982E-05 9.9982E-05 0.0991028 0.309831
0.117945 0.261923 0.013221 9.9991E-05 0.606811
0.624789 0.13588 0.151629 0.0210888 0.0666132
0.762197 0.0121546 0.103625 0.0164729 0.10555
0.554874 0.13502 0.0667895 0.145435 0.0978813
0.490395 9.9973E-05 9.9973E-05 9.9973E-05 0.509305
0.66089 9.9973E-05 9.9973E-05 9.9973E-05 0.33881
0.587499 0.150241 0.0469284 9.9991E-05 0.215232
0.449736 9.9982E-05 9.9982E-05 0.0950961 0.454968
0.576937 0.181621 0.0246395 9.9991E-05 0.216702
0.692633 0.0998283 0.133397 9.9991E-05 0.0740425
0.260581 0.282579 0.0748235 0.0635823 0.318434
0.473585 0.369363 0.100114 0.0466498 0.0102885
0.516636 0.142724 0.10598 0.129307 0.105353
0.521598 0.173669 0.0700623 0.142945 0.0917258
0.566526 0.346197 0.0870774 9.9982E-05 9.9982E-05
0.610915 0.25629 0.0338819 0.0805579 0.0183548
0.523178 0.409538 0.0116857 0.0203653 0.0352334
0.362086 0.268701 0.0552699 0.145292 0.168651
0.663783 0.225466 0.0859306 9.9991E-05 0.0247202
0.673866 0.185244 0.0764744 9.9991E-05 0.0643158
0.585232 0.396119 0.0184493 9.9982E-05 9.9982E-05
0.672169 0.104819 0.0891752 0.0983158 0.0355211
0.448268 0.158424 0.0477838 0.226134 0.119391
0.61139 0.338929 9.9991E-05 0.0491768 0.000404106
0.562283 0.104288 0.10609 0.090966 0.136372
0.535289 0.258256 0.0122031 0.127965 0.0662874
0.408194 0.387057 0.0336813 0.0232353 0.147832
0.643066 0.185991 0.050058 0.120784 9.9991E-05
0.70151 0.169242 0.0294842 0.0624711 0.037293
0.289014 0.446576 9.9991E-05 0.127356 0.136954
0.168381 0.335714 0.00086624 0.0713961 0.423642
0.553045 0.223723 0.0380569 0.0767736 0.108401
0.0629146 0.293074 9.9991E-05 0.1214 0.522512
0.480926 0.386308 0.0567853 9.9991E-05 0.075881
0.522031 0.409545 0.0139456 0.00941478 0.0450641
0.47704 0.456738 0.0248303 9.9991E-05 0.0412924
0.376617 0.500048 9.9991E-05 0.0365375 0.0866969
0.684265 0.141477 0.0708671 0.0933053 0.0100862
0.559227 0.139927 0.0804869 0.0964005 0.123958
0.577062 0.193546 0.0414226 0.0619646 0.126005
0.151226 0.307012 9.9991E-05 0.1146 0.427063
0.549359 0.0462882 0.174724 0.0129827 0.216646
0.583639 0.0197939 0.0477743 0.0751143 0.273679
0.065396 0.12756 0.180051 9.9991E-05 0.626893
0.72217 9.9991E-05 0.0960191 0.0329552 0.148755
0.373511 0.0145355 0.134724 0.0773176 0.399911
0.580221 0.0509194 0.105808 0.129667 0.133385
0.315812 0.0800331 0.155155 0.0138918 0.435108
0.262689 0.138035 0.143143 9.9991E-05 0.456034
0.436296 0.166919 0.0780286 0.0715175 0.247239
0.487588 0.106458 0.103916 0.0568288 0.245208
0.501392 0.175102 0.117487 0.0245557 0.181464
0.0518781 0.0939486 0.13236 0.167054 0.554759
0.587025 0.0557158 0.0665472 0.101917 0.188795
0.493441 0.085171 9.9982E-05 9.9982E-05 0.421188
0.516865 0.112804 9.9991E-05 0.0458469 0.324384
0.567477 0.117408 0.0910135 0.113107 0.110995
0.0931743 0.0996551 0.314408 0.341256 0.151507
9.9982E-05 9.9982E-05 0.602176 0.162598 0.235027
9.9982E-05 9.9982E-05 0.529046 0.150338 0.320415
0.0209009 0.0362827 0.377324 0.39171 0.173782
0.679027 9.9991E-05 0.0170163 0.0562051 0.247651
0.543915 0.0738799 0.126273 0.062862 0.19307
0.180558 0.0583816 9.9982E-05 0.760861 9.9982E-05
0.38775 0.147218 0.00299643 0.461935 9.9991E-05
0.307246 0.0990338 0.104426 0.457074 0.0322209
0.384132 0.0207755 0.0178451 0.0739565 0.503291
0.558644 9.9991E-05 0.0776112 0.122966 0.240678
0.190884 0.0225765 0.0363138 0.074136 0.676089
0.678475 0.00316677 0.068876 0.00850941 0.240972
0.569978 0.0637499 0.0203166 0.0389143 0.307041
0.618208 0.02732 0.0349859 0.126904 0.192583
0.266749 0.0724872 0.0362516 0.00392321 0.620589
0.744646 0.0501743 0.052741 0.0616065 0.0908317
0.591419 0.0957207 0.0498807 0.0684294 0.19455
0.0243746 9.9982E-05 9.9982E-05 0.961505 0.0139206
0.111304 9.99844E-05 9.99844E-05 0.885587 0.00290953
0.224503 0.0256928 0.041684 0.654564 0.0535556
0.297561 9.9973E-05 9.9973E-05 0.702139 9.9973E-05
0.141748 9.9982E-05 0.0625028 0.79555 9.9982E-05
9.997E-05 9.997E-05 9.997E-05 0.9996 9.997E-05
9.9973E-05 0.0161135 9.9973E-05 0.983587 9.9973E-05
0.130174 9.9973E-05 9.9973E-05 0.869526 9.9973E-05
9.9973E-05 0.016485 9.9973E-05 0.983215 9.9973E-05
9.997E-05 9.997E-05 9.997E-05 0.9996 9.997E-05
9.9973E-05 9.9973E-05 0.01272 0.98698 9.9973E-05
0.153346 0.00148701 0.0120255 0.833041 9.9991E-05
0.0892569 0.0301639 0.0556366 0.824843 9.9991E-05
9.9982E-05 0.00318166 9.9982E-05 0.995305 0.0013129
0.330706 0.0742855 0.0863485 0.428808 0.0798512
0.268648 0.0154387 0.118128 0.597685 9.9991E-05
0.176299 0.00804314 0.00844816 0.790894 0.0163154
0.0705062 0.0153168 0.0257012 0.888376 9.9991E-05
0.0258155 9.9973E-05 9.9973E-05 0.973885 9.9973E-05
0.056423 9.9982E-05 0.0592728 0.884104 9.9982E-05
9.997E-05 9.997E-05 9.997E-05 0.9996 9.997E-05
0.348767 9.9982E-05 0.0631887 0.587844 9.9982E-05
0.0400611 9.9991E-05 0.00476439 0.911974 0.0431004
9.9982E-05 9.9982E-05 0.453932 0.0279995 0.517868
0.429935 0.0783087 0.216996 0.115644 0.159116
0.416338 0.0569274 0.274395 0.100021 0.152319
0.124833 9.9991E-05 0.253957 0.199223 0.421887
0.448287 0.0422865 0.116888 0.222276 0.170262
0.159372 9.9991E-05 0.290864 0.16718 0.382484
0.459546 0.136949 0.193302 0.139304 0.0708983
0.289381 9.9991E-05 0.115647 0.294982 0.299891
0.402449 0.0289159 0.173834 0.206003 0.188799
0.330077 9.9991E-05 0.224204 0.236713 0.208906
0.497445 0.00103569 0.245481 0.0812248 0.174814
0.0549369 0.0589929 0.88587 9.9982E-05 9.9982E-05
9.9982E-05 9.9982E-05 0.953236 0.0300537 0.0165106
9.9973E-05 9.9973E-05 0.978072 9.9973E-05 0.0216281
0.0101225 0.0131431 0.976534 9.9982E-05 9.9982E-05
0.0255535 0.0274475 0.933569 0.0133299 9.9991E-05
9.9982E-05 9.9982E-05 0.930135 0.068212 0.00145357
9.9973E-05 9.9973E-05 0.891361 0.108339 9.9973E-05
9.9973E-05 9.9973E-05 0.907745 9.9973E-05 0.0919553
0.0207064 0.00885334 0.932459 0.0203816 0.0175992
9.9982E-05 0.0328484 0.847199 0.119753 9.9982E-05
9.9982E-05 0.320314 0.606162 9.9982E-05 0.073324
0.00362842 0.34679 0.609976 0.00590063 0.0337045
9.9982E-05 0.293463 0.544285 9.9982E-05 0.162052
9.9982E-05 0.312757 0.480401 9.9982E-05 0.206642
0.7245 0.153461 0.0876912 9.9991E-05 0.0342483
0.644973 0.126253 0.0415154 0.00272729 0.184532
0.675696 0.138516 0.0409103 0.0158046 0.129073
0.521552 0.248337 0.127138 9.9991E-05 0.102874
0.255877 0.66846 9.9982E-05 9.9982E-05 0.0754631
0.692487 0.0337459 0.0854128 0.0784763 0.109878
0.709191 0.0934343 9.9991E-05 0.0138676 0.183408
0.633325 0.166231 0.0243273 9.9991E-05 0.176017
0.489484 9.9982E-05 9.9982E-05 0.0271462 0.483169
0.702745 9.9991E-05 0.0856639 0.0195196 0.191972
0.60038 0.182823 9.9982E-05 9.9982E-05 0.216597
0.0745392 0.1688 9.9982E-05 9.9982E-05 0.756461
0.631326 0.0731003 0.118381 0.00834268 0.168849
0.388694 0.0417875 0.0115408 9.9991E-05 0.557877
0.635298 0.0771274 9.9991E-05 0.029019 0.258455
0.309461 0.299011 9.9982E-05 9.9982E-05 0.391328
0.011607 0.778858 0.150801 0.0258831 0.032851
0.0587839 0.754199 0.100222 9.9991E-05 0.0866948
0.000968308 0.883132 0.0366802 9.9991E-05 0.0791191
9.9982E-05 0.814551 0.112347 9.9982E-05 0.072902
9.9991E-05 0.869364 0.0108384 0.0690619 0.0506355
0.0351795 0.821296 0.0574941 0.08593 9.9991E-05
0.0695088 9.9991E-05 0.880809 0.0299136 0.0196689
0.036806 0.0503909 0.827574 0.0851289 9.9991E-05
0.0797409 9.9982E-05 0.7981 0.121959 9.9982E-05
0.0132051 0.1037 0.725102 0.157893 9.9991E-05
0.0913889 0.036471 0.78962 0.08242 9.9991E-05
9.9982E-05 0.592444 0.354058 9.9982E-05 0.0532979
9.9982E-05 0.487984 0.45908 9.9982E-05 0.0527357
9.9991E-05 0.499346 0.420419 0.0133426 0.0667922
0.107009 0.0342299 0.820005 0.0386559 9.9991E-05
9.9982E-05 0.577334 0.362133 9.9982E-05 0.0603328
0.260528 0.0174489 0.244344 0.40764 0.0700382
0.573891 0.0470165 0.125658 0.253335 9.9991E-05
0.47321 9.9982E-05 0.171049 0.355542 9.9982E-05
0.509392 0.0141264 0.268094 0.208287 9.9991E-05
0.463337 0.0515564 0.149285 0.258785 0.0770368
9.9982E-05 9.9982E-05 0.530938 0.274701 0.19416
0.575999 0.379052 0.00707657 9.9991E-05 0.0377726
0.382855 0.235743 0.0559459 0.0142047 0.311251
0.394899 0.53548 0.0694215 9.9982E-05 9.9982E-05
0.512976 0.197181 9.9991E-05 0.0388124 0.250931
9.9973E-05 0.184128 9.9973E-05 9.9973E-05 0.815572
0.536184 0.0912876 0.14904 0.0776215 0.145867
0.511894 0.164984 0.0221921 0.0968753 0.204055
0.463833 0.433422 0.0407904 9.9991E-05 0.0618542
0.5462 0.218212 0.066415 0.0990633 0.0701097
0.176681 0.250649 9.9991E-05 0.00151341 0.571057
0.485417 0.0939374 9.9991E-05 0.115966 0.30458
0.667023 0.267453 0.0368214 0.0120126 0.0166896
0.385986 0.105141 0.141329 0.209068 0.158477
0.410733 0.231342 9.9991E-05 0.013796 0.344029
0.528457 0.272103 0.0740554 9.9991E-05 0.125284
0.519477 0.13135 0.00874931 0.122537 0.217887
0.660346 0.150853 0.0509871 0.0159239 0.121889
0.687529 0.11852 0.0449538 0.0838502 0.065147
0.570189 0.077298 0.0781422 0.113068 0.161303
0.632972 0.132406 0.10331 0.0809407 0.0503717
0.131379 9.9982E-05 0.795123 0.0732971 9.9982E-05
0.134882 9.9982E-05 0.861454 0.00346429 9.9982E-05
0.0560778 0.0574736 0.801777 9.9991E-05 0.0845713
0.0627829 0.0474294 0.828023 0.0171299 0.0446343
0.128359 9.9973E-05 0.871341 9.9973E-05 9.9973E-05
0.249705 0.632115 9.9991E-05 0.0512493 0.0668304
0.54869 0.176053 0.0281275 0.0709684 0.176162
0.481096 0.0293745 0.279831 0.159105 0.0505935
0.665475 0.191883 9.9982E-05 0.142442 9.9982E-05
0.552881 0.252654 0.106814 9.9991E-05 0.0875519
0.207505 0.406485 0.00116003 0.161651 0.223198
0.041714 0.619313 0.152978 9.9991E-05 0.185895
0.60752 0.31433 0.00548134 0.0712041 0.00146447
0.178564 0.550044 0.0381332 0.0911001 0.142158
0.449706 0.209587 0.0774966 0.0268318 0.236379
0.100614 0.623527 0.124345 0.0569951 0.0945183
0.670483 0.205037 0.1168 0.0075792 9.9991E-05
0.233544 0.501948 0.0881625 0.0168008 0.159544
0.384774 0.276459 0.0742663 0.11923 0.14527
0.434144 0.0601633 0.0596485 0.113635 0.332409
0.322583 0.14532 0.0481259 0.0099079 0.474062
0.592987 0.129892 0.0799778 0.0600585 0.137085
0.723099 0.0747133 0.117973 0.000262561 0.0839523
0.392347 0.149095 9.9991E-05 0.00332254 0.455135
0.580439 0.128639 0.0600223 0.110015 0.120885
0.609639 0.00597489 0.107088 0.0170168 0.260282
0.135308 0.121657 9.9982E-05 9.9982E-05 0.742835
0.335129 9.9982E-05 0.0517034 9.9982E-05 0.612968
0.56375 0.0606927 0.0248645 0.0250863 0.325606
0.239156 0.0987026 0.0503112 9.9991E-05 0.61173
0.580772 0.133553 0.0493127 9.9991E-05 0.236262
0.178769 0.643426 0.0208252 0.0275373 0.129442
0.266749 0.379249 9.9991E-05 0.0563671 0.297535
0.399986 0.402978 0.0790049 0.107822 0.0102093
0.596654 0.206696 9.99854E-05 0.19645 9.99854E-05
0.324914 0.56156 9.9982E-05 9.9982E-05 0.113326
0.450352 0.20696 0.0843028 0.119632 0.138753
0.614914 0.182478 0.0705131 0.116005 0.0160896
0.523738 0.270995 0.0126725 0.149081 0.0435129
0.544009 0.306006 9.9991E-05 0.11613 0.0337549
0.51522 0.327954 0.0703401 0.00602502 0.0804601
0.336394 0.537729 9.9991E-05 0.0889028 0.0368746
0.35396 0.507666 9.9982E-05 0.138175 9.9982E-05
0.686624 0.254646 9.9991E-05 0.0172791 0.0413509
0.668625 0.194106 9.9992E-05 0.0838863 0.0532824
0.391009 0.328343 0.0353367 0.0643591 0.180953
0.570401 0.176034 9.9991E-05 0.122219 0.131246
0.350018 0.391131 0.019351 0.123337 0.116163
0.65832 0.266636 9.9991E-05 0.070975 0.00396958
0.563532 0.300535 9.9982E-05 0.135734 9.9982E-05
0.574261 0.122527 0.095329 0.0861605 0.121723
0.438185 0.0342128 0.390289 0.137213 9.9991E-05
0.522375 9.9991E-05 0.11182 0.209542 0.156163
0.487619 0.0156603 0.169514 0.231608 0.0955987
0.62076 0.00948938 0.073177 0.210206 0.0863679
0.487818 0.0133978 0.194466 0.23195 0.0723673
0.500393 0.239085 9.9991E-05 0.0247369 0.235685
0.580287 0.116896 0.130696 0.172021 9.9991E-05
0.00856859 9.9991E-05 0.280589 0.194983 0.51576
0.461 0.123258 0.100097 0.315544 9.9991E-05
0.629582 0.0125833 0.154262 0.142102 0.061471
0.424346 0.123581 0.107176 0.246667 0.0982295
0.299812 0.121506 0.168911 0.18668 0.223091
0.604946 0.0194923 0.205489 0.141021 0.029052
0.464507 0.0182439 0.166448 0.309875 0.0409262
9.9982E-05 9.9982E-05 0.531279 0.171532 0.296989
0.592891 0.0506418 0.190177 0.16619 9.9991E-05
0.505571 0.0639418 0.180009 0.250378 9.9991E-05
0.62195 0.0237132 0.0914978 0.168421 0.0944175
0.475328 9.9991E-05 0.204105 0.26718 0.0532868
0.514345 0.00529269 0.184115 0.205156 0.0910913
0.509843 0.0909436 0.0520013 0.095206 0.252006
0.553568 0.136605 0.0615255 0.111245 0.137057
0.0998632 0.122403 9.9991E-05 0.00251201 0.775122
0.0857809 0.0471733 0.0296008 9.9991E-05 0.837345
0.440166 0.100084 0.0611566 0.169913 0.228681
0.463932 0.0338378 0.146893 0.304875 0.0504615
0.262226 9.9991E-05 0.0997701 0.409588 0.228316
0.123337 0.0131428 0.269378 0.335741 0.258401
0.412431 9.9991E-05 0.235617 0.259413 0.092439
0.065038 9.9991E-05 0.111685 0.139959 0.683217
0.133932 9.9991E-05 0.108498 0.162904 0.594566
0.590732 9.9982E-05 9.9982E-05 0.150687 0.258381
0.487367 9.9991E-05 0.0357944 0.1776 0.299139
0.225823 0.0099617 0.0672955 0.144417 0.552503
0.615979 0.117784 0.0895197 0.0775716 0.0991453
0.592545 0.047669 9.9991E-05 0.164136 0.19555
0.503844 0.119059 0.0539804 0.165939 0.157178
0.429908 9.9982E-05 0.0943836 9.9982E-05 0.475509
0.37994 0.0437625 9.9991E-05 0.0843827 0.491815
0.57758 0.124197 0.0418949 0.0395872 0.21674
0.436131 0.0750679 0.0693918 0.0953696 0.32404
0.479622 0.0110279 0.206688 0.106153 0.196508
0.516123 9.9991E-05 0.00333072 0.0544402 0.426006
0.291083 0.0737612 9.9982E-05 9.9982E-05 0.634955
0.685133 9.9991E-05 0.0838153 0.0167354 0.214216
0.315274 0.0241099 9.9991E-05 0.02538 0.635136
0.463562 9.9991E-05 0.00484122 0.0769678 0.454529
0.643974 0.0201971 0.0619491 0.0661402 0.207739
0.567544 0.0335535 0.0502284 0.0594108 0.289264
0.482763 9.9991E-05 0.147827 0.254302 0.115008
0.398384 0.063679 0.143063 0.202913 0.191961
0.310087 0.0935737 0.142189 0.323249 0.130902
0.371417 0.0704051 0.223355 0.211308 0.123516
0.463332 0.119034 0.189247 0.169834 0.0585533
0.382281 0.0393623 0.115424 0.261117 0.201816
9.9982E-05 9.9982E-05 0.221752 0.179701 0.598348
0.620908 0.0199251 0.130714 0.219042 0.00941086
9.9982E-05 9.9982E-05 0.434746 0.152968 0.412087
0.480356 9.9991E-05 0.0318237 0.270235 0.217485
0.183932 9.9973E-05 9.9973E-05 9.9973E-05 0.815768
0.0209313 9.9991E-05 0.00274981 0.00980617 0.966413
0.538087 0.0133474 9.9991E-05 0.0465374 0.401928
0.705641 9.9982E-05 9.9982E-05 0.108378 0.18578
0.445045 0.0415909 9.9982E-05 9.9982E-05 0.513164
0.640427 9.9982E-05 9.9982E-05 0.00662508 0.352747
0.591157 9.9982E-05 9.9982E-05 0.0490405 0.359603
0.132413 9.9982E-05 0.852388 0.0149988 9.9982E-05
9.9982E-05 0.133318 0.716664 0.149818 9.9982E-05
9.9982E-05 0.0584126 0.882902 0.0584853 9.9982E-05
0.0149623 9.9973E-05 0.984738 9.9973E-05 9.9973E-05
0.549376 0.0652328 0.068194 0.0932679 0.22393
0.609606 0.0957861 0.0661671 9.9991E-05 0.228341
0.672584 0.0964893 9.9982E-05 9.9982E-05 0.230727
0.670304 0.0510138 0.0836475 0.0253667 0.169668
0.617572 0.148483 0.0597361 0.0660638 0.108145
0.413186 0.174458 9.9982E-05 9.9982E-05 0.412156
0.804504 0.0174549 0.0242513 0.0187777 0.135012
0.547705 9.9982E-05 0.0294873 9.9982E-05 0.422608
0.499736 0.0677198 0.255612 0.176832 9.9991E-05
0.47592 0.132475 9.9991E-05 0.0801102 0.311395
0.528558 0.161987 9.9982E-05 9.9982E-05 0.309256
0.721344 9.9982E-05 0.023821 9.9982E-05 0.254635
0.553848 0.124504 0.0137217 9.9991E-05 0.307826
0.748608 9.9982E-05 0.0235639 9.9982E-05 0.227628
0.699919 0.000414333 0.0739221 0.0099631 0.215782
0.285898 9.9973E-05 9.9973E-05 9.9973E-05 0.713802
0.439131 0.0486078 9.9982E-05 9.9982E-05 0.512062
0.434206 0.150185 9.9991E-05 0.00169693 0.413812
0.0573437 9.9973E-05 9.9973E-05 9.9973E-05 0.942356
0.485255 0.129743 0.0264658 0.0378592 0.320676
0.241818 0.0161895 9.9982E-05 9.9982E-05 0.741792
0.0773453 0.0448842 9.9982E-05 9.9982E-05 0.87757
0.713551 0.00706861 0.0525563 0.0183974 0.208427
0.395713 0.186995 9.9982E-05 9.9982E-05 0.417092
0.52011 0.168426 0.0211642 0.0497192 0.240581
0.635395 0.0139287 0.0278238 0.148135 0.174717
0.61833 0.16532 9.9991E-05 0.0453569 0.170894
0.3801 0.275774 9.9991E-05 0.116441 0.227585
0.710938 0.0616221 9.9982E-05 9.9982E-05 0.22724
0.582161 0.0962609 0.00315675 0.0499094 0.268511
0.490932 0.00455938 9.9982E-05 9.9982E-05 0.504309
0.651182 0.0370389 0.110107 9.9991E-05 0.201572
9.9982E-05 0.315991 0.661922 9.9982E-05 0.0218871
0.0386661 0.107936 0.758755 9.9991E-05 0.0945426
9.9982E-05 0.157042 0.823409 9.9982E-05 0.0193485
9.9982E-05 0.171745 0.827298 9.9982E-05 0.000757299
0.0127896 0.215415 0.771595 9.9982E-05 9.9982E-05
0.308533 0.251926 9.9982E-05 9.9982E-05 0.439341
0.346402 0.18863 0.00922834 9.9991E-05 0.45564
0.325659 9.9973E-05 9.9973E-05 9.9973E-05 0.674041
0.614049 0.0501016 0.0850292 0.101552 0.149267
0.658439 0.0829378 0.0503363 0.117524 0.090762
0.477911 9.9991E-05 0.0118312 0.0147765 0.495381
0.713672 0.0325287 9.9991E-05 0.0682255 0.185474
0.59503 9.9982E-05 0.0723066 9.9982E-05 0.332463
0.747308 0.0825554 0.0321264 9.9991E-05 0.13791
0.648837 0.0723322 0.117121 0.00843289 0.153277
0.385519 0.195777 9.9982E-05 9.9982E-05 0.418504
0.517376 0.099482 9.9982E-05 9.9982E-05 0.382942
0.569192 0.168081 9.9982E-05 9.9982E-05 0.262527
0.60411 0.0786706 0.12766 0.0765932 0.112967
0.570234 0.114996 9.9982E-05 9.9982E-05 0.31457
0.625247 0.0564129 0.0540466 9.9991E-05 0.264193
0.352393 0.0214635 0.142947 0.417259 0.0659375
0.289846 0.103393 0.0350443 0.551903 0.0198137
0.412978 9.9991E-05 0.13028 0.44445 0.0121923
0.199713 0.00644484 0.138915 0.594895 0.0600328
0.43355 0.0787657 0.0900131 0.365233 0.0324388
0.548738 9.9982E-05 9.9982E-05 0.0499883 0.401074
9.9982E-05 9.9982E-05 0.230428 0.696898 0.072474
0.276877 9.9991E-05 0.191221 0.514714 0.0170887
0.470213 9.9991E-05 0.166332 0.175448 0.187907
0.65241 9.9991E-05 0.213904 0.0326086 0.100977
0.486655 0.111669 0.142432 0.0675332 0.191711
0.504453 0.21994 0.0667995 0.134531 0.0742764
0.649897 0.112761 0.115532 0.044306 0.0775038
0.290356 9.9982E-05 0.223237 0.486207 9.9982E-05
0.421739 9.9982E-05 0.16143 0.416631 9.9982E-05
0.377031 9.9982E-05 0.0828512 0.539918 9.9982E-05
0.423966 0.108979 0.172949 0.28684 0.00726623
0.280589 0.0571709 0.121409 0.535797 0.00503363
0.459327 0.0939427 0.121238 0.307464 0.0180282
0.263828 9.9991E-05 0.124336 0.529103 0.0826327
0.355352 0.0380651 0.0685129 0.455194 0.0828755
0.577665 9.9991E-05 0.105991 0.0531451 0.263099
0.235236 0.126742 0.108996 0.474665 0.0543619
0.191624 9.9982E-05 0.183091 0.625085 9.9982E-05
0.34881 9.9991E-05 0.195404 0.314461 0.141224
0.25054 0.313175 0.185253 9.9991E-05 0.250932
0.544341 0.12709 9.9991E-05 0.171426 0.157043
0.389268 0.0772576 0.191055 0.34232 9.9991E-05
0.600253 0.109318 0.129546 0.112867 0.0480162
0.497369 0.0810055 0.204191 0.0530942 0.16434
0.453294 0.067735 0.219055 0.184862 0.0750537
0.364715 0.0470541 0.225746 0.276146 0.0863384
0.559825 0.119802 0.0856659 0.172966 0.0617416
0.367846 9.9991E-05 0.153783 0.409999 0.0682725
0.410227 0.0092341 0.0465813 0.526484 0.00747409
0.105356 0.00846561 0.1866 0.673613 0.0259651
0.587692 0.0938721 0.0608593 0.12212 0.135457
0.575938 0.115122 0.129858 9.9991E-05 0.178982
0.164088 9.9991E-05 0.18974 0.0522151 0.593857
0.603824 0.0589678 0.140204 0.0859839 0.11102
0.442533 0.260915 0.0952265 0.0532656 0.14806
0.407772 0.00862654 0.198959 0.24248 0.142163
0.382968 0.195482 0.102951 0.163219 0.15538
9.9982E-05 9.9982E-05 0.349178 0.221335 0.429287
9.9982E-05 9.9982E-05 0.373545 0.154632 0.471623
0.223965 0.00991693 0.206228 0.149183 0.410708
9.9982E-05 9.9982E-05 0.393386 0.247422 0.358992
9.9982E-05 9.9982E-05 0.442101 0.290587 0.267111
0.372514 0.0248383 0.102234 0.177293 0.32312
0.434751 9.9991E-05 0.237799 0.184851 0.1425
0.224133 0.0521151 0.319768 0.168453 0.23553
0.122305 9.9991E-05 0.358439 0.191379 0.327776
0.552253 0.0968007 0.172309 0.136051 0.0425855
0.144429 9.9991E-05 0.273134 0.137009 0.445329
9.9982E-05 9.9982E-05 0.510187 0.100455 0.389158
0.541973 0.110324 0.16524 0.170126 0.0123374
0.332543 0.0590285 0.22773 0.240394 0.140304
0.460429 9.9991E-05 0.328833 0.179383 0.031256
0.486996 9.9982E-05 0.157903 0.354901 9.9982E-05
0.512818 9.9991E-05 0.211014 0.238554 0.037513
0.465216 0.0234031 0.215297 0.275125 0.0209584
0.323926 0.00620962 0.441381 0.228383 9.9991E-05
0.511974 0.013578 0.26439 0.181174 0.0288831
0.489963 0.0223934 0.194883 0.283921 0.00883922
0.250514 0.0845701 0.201389 0.3387 0.124827
0.238502 0.185795 0.172127 0.197015 0.206561
0.570498 0.007103 0.200352 0.158745 0.0633013
0.547134 0.0473192 0.205516 0.14239 0.0576402
0.6514 9.9991E-05 0.155886 0.106155 0.0864597
0.378944 0.0120644 0.358547 0.237573 0.0128727
0.551436 9.9982E-05 0.223217 0.225148 9.9982E-05
0.165748 9.9991E-05 0.424519 0.204361 0.205273
0.513194 0.0636049 0.151049 0.239992 0.0321595
0.151129 9.9991E-05 0.331997 0.342052 0.174722
0.0147797 0.119644 0.809444 9.9991E-05 0.0560317
0.0864673 0.757426 0.0163796 0.0634017 0.0763254
9.997E-05 0.9996 9.997E-05 9.997E-05 9.997E-05
9.997E-05 0.9996 9.997E-05 9.997E-05 9.997E-05
9.9973E-05 0.945584 9.9973E-05 0.0541163 9.9973E-05
0.0386328 0.935869 9.9982E-05 0.0252982 9.9982E-05
0.12119 0.87851 9.9973E-05 9.9973E-05 9.9973E-05
9.9973E-05 0.954226 0.0454745 9.9973E-05 9.9973E-05
9.9982E-05 0.807679 0.177225 0.0148965 9.9982E-05
0.015085 0.0597956 0.907077 0.0179424 9.9991E-05
0.052982 0.170209 0.776609 9.9982E-05 9.9982E-05
0.0327976 9.9982E-05 0.917066 0.0499361 9.9982E-05
0.0685562 0.0868127 0.844431 9.9982E-05 9.9982E-05
9.9982E-05 0.0243432 0.943777 0.0316801 9.9982E-05
9.9982E-05 0.0511383 0.926288 9.9982E-05 0.0223733
9.9982E-05 0.0752094 0.75896 0.165631 9.9982E-05
0.0370611 9.9991E-05 0.88878 0.0405677 0.0334912
0.0610602 0.14722 0.735479 0.0457197 0.0105219
0.0278119 9.9982E-05 0.899875 0.0721132 9.9982E-05
9.9982E-05 0.0347959 0.954136 9.9982E-05 0.010868
9.9982E-05 0.0505487 0.871785 0.0774659 9.9982E-05
9.9982E-05 0.0566657 0.936583 0.00655093 9.9982E-05
0.0329329 9.9982E-05 0.933481 0.0333862 9.9982E-05
0.0895627 9.9982E-05 0.85693 0.0533076 9.9982E-05
0.102456 9.9982E-05 0.849674 0.04767 9.9982E-05
0.0836823 9.9982E-05 0.802217 0.113901 9.9982E-05
0.120781 9.9982E-05 0.777977 0.101042 9.9982E-05
0.129373 9.9982E-05 0.797134 0.0732922 9.9982E-05
0.499725 0.118033 0.14736 0.0639467 0.170935
0.713285 0.0508068 0.0589366 9.9991E-05 0.176871
0.603697 0.128665 0.131575 0.0966071 0.0394554
0.162412 0.0111026 0.0832339 0.0373802 0.705871
0.616171 0.125468 0.16641 9.9991E-05 0.0918513
0.0429592 0.0353665 0.209186 0.0726501 0.639838
0.626405 0.0198502 0.0955097 0.0796693 0.178566
0.472276 0.18147 0.122053 9.9991E-05 0.224101
0.55079 0.0653784 0.100574 0.0720679 0.211189
0.631013 0.0484841 9.9991E-05 0.0379954 0.282407
0.542715 0.188368 0.141192 9.9991E-05 0.127624
0.779643 0.0459405 0.0516392 9.9991E-05 0.122677
0.589235 0.166918 0.124909 0.00980488 0.109132
0.113694 0.469576 9.9991E-05 0.037489 0.379141
9.9982E-05 0.106886 0.0802093 9.9982E-05 0.812705
0.153978 0.00926649 0.136122 0.0618808 0.638752
0.604985 0.0987314 0.141638 0.10709 0.0475561
0.513157 0.0743202 0.117508 0.109914 0.185101
0.558546 9.9991E-05 0.166433 0.0421434 0.232777
0.653453 9.9991E-05 0.0513264 0.126934 0.168187
0.536825 9.9991E-05 0.176389 0.185498 0.101188
0.603507 0.0313072 0.173954 0.191132 9.9991E-05
0.160987 0.186528 0.405597 0.159578 0.0873108
0.569237 0.116765 0.082204 0.120349 0.111445
0.505935 0.0461899 0.290483 0.108615 0.0487781
9.9982E-05 9.9982E-05 0.447686 0.192516 0.359599
0.342455 9.9991E-05 0.291877 0.232602 0.132966
0.3514 0.0997557 0.331513 0.181461 0.0358697
0.432207 0.150851 0.294269 0.122573 9.9991E-05
0.405884 0.123864 0.122514 0.280982 0.0667562
0.537626 0.0213839 0.208832 0.213744 0.0184141
0.656143 0.0356752 0.165945 0.142137 9.9991E-05
0.306944 0.0373274 0.187338 0.24775 0.220642
0.32369 0.0480479 0.47909 0.149072 9.9991E-05
