0.0620936 0.0693865 0.86842 9.9991E-05
0.0413674 0.0438485 0.914684 9.9991E-05
0.137145 0.0682558 0.7945 9.9991E-05
0.131507 0.082947 0.785446 9.9991E-05
0.135226 0.0155636 0.849111 9.9991E-05
0.0841967 0.052666 0.690961 0.172176
9.9982E-05 9.9982E-05 0.938779 0.0610209
0.0301831 0.135869 0.766026 0.0679224
9.9982E-05 0.125934 0.873866 9.9982E-05
0.0890239 0.0475315 0.768893 0.0945518
0.000681997 0.162601 0.76582 0.0708969
0.243369 0.540672 9.9991E-05 0.21586
0.388452 0.340725 9.9991E-05 0.270722
0.240808 0.549566 0.033011 0.176614
0.325346 0.459725 0.0578786 0.15705
0.367428 0.231945 0.100775 0.299852
0.433995 0.155364 9.9991E-05 0.410541
0.258248 0.307741 9.9991E-05 0.433911
0.229803 0.352884 0.103372 0.31394
0.0564906 0.746496 0.0501019 0.146911
0.332265 0.339624 9.9991E-05 0.328011
0.241166 0.227424 0.00773982 0.52367
0.32492 0.183692 9.9991E-05 0.491288
0.255254 0.442178 9.9991E-05 0.302468
0.474041 0.225154 9.9991E-05 0.300705
0.419205 0.214102 9.9991E-05 0.366593
0.177073 0.56263 0.00958486 0.250712
0.336067 0.457453 0.00827319 0.198207
0.075744 0.505983 0.00831912 0.409954
0.175849 9.9982E-05 0.823951 9.9982E-05
0.188388 9.9982E-05 0.811412 9.9982E-05
0.193007 0.0272379 0.779655 9.9991E-05
0.168959 9.9991E-05 0.731432 0.0995086
0.27162 0.131162 9.9991E-05 0.597118
0.305543 0.142743 0.0695407 0.482172
0.283245 0.00330316 0.00672977 0.706722
0.0930802 0.634403 0.0919549 0.180562
0.151514 0.0385377 0.0852263 0.724722
0.266013 0.25515 9.9991E-05 0.478737
0.373141 9.9982E-05 9.9982E-05 0.626659
0.282181 0.0141377 0.0880865 0.615595
0.348022 0.103435 0.00829135 0.540252
9.9991E-05 0.134782 0.099172 0.765946
0.337821 0.0734058 0.0288677 0.559905
0.341553 0.0169909 0.0333591 0.608097
0.378171 9.9991E-05 0.0360593 0.58567
0.0977998 0.0908896 9.9991E-05 0.811211
0.308186 0.0297533 0.0651539 0.596907
0.39659 0.108006 0.0118935 0.48351
9.9991E-05 0.0975545 0.203422 0.698923
0.0790577 0.50866 9.9991E-05 0.412182
9.9991E-05 0.321551 0.100424 0.577925
0.301338 0.151461 0.0715774 0.475624
0.432235 0.0429102 0.0204222 0.504433
0.362741 0.0926781 0.0307914 0.513789
0.0193049 0.455674 0.104163 0.420859
0.288946 0.226473 9.9991E-05 0.48448
0.363693 0.185405 0.00446084 0.446441
0.161124 0.225105 0.121434 0.492337
0.0652859 0.389738 0.248056 0.29692
0.330141 0.129668 9.9991E-05 0.540091
0.328776 0.365218 0.0145669 0.291439
9.9991E-05 0.614287 0.0819308 0.303683
0.280725 0.261356 9.9991E-05 0.457819
0.364121 0.0400802 9.9991E-05 0.595699
0.325945 0.169783 0.0176827 0.48659
0.227196 0.273491 0.0729528 0.42636
0.313153 0.24439 9.9991E-05 0.442357
0.410596 0.265139 9.9991E-05 0.324165
0.0429557 0.465032 0.0543867 0.437625
0.260747 0.0473638 9.9991E-05 0.691789
0.0583082 0.220023 0.0141681 0.707501
0.339617 0.0132183 0.0635777 0.583587
0.320244 0.132139 0.136452 0.411164
9.9991E-05 0.146329 0.0816717 0.771899
9.9991E-05 0.13601 0.0347892 0.829101
0.0969548 0.0458238 9.9991E-05 0.857121
0.296823 0.0658605 9.9991E-05 0.637217
0.35561 0.118898 0.0765168 0.448975
0.2382 0.133521 9.9991E-05 0.628179
0.0488336 0.304158 0.0649616 0.582047
0.0851885 0.32028 0.0528845 0.541647
0.290106 0.05561 0.0549798 0.599304
0.0902012 0.0611126 0.0766584 0.772028
0.156009 0.091388 0.0225296 0.730073
0.136223 9.9991E-05 0.0104012 0.853276
9.9991E-05 0.120911 0.0743678 0.804621
0.322682 0.0803526 9.9991E-05 0.596865
0.151655 0.0611172 0.787128 9.9991E-05
0.0689822 9.9991E-05 0.910696 0.0202218
0.131236 0.0151281 0.853536 9.9991E-05
0.0956075 9.9982E-05 0.904192 9.9982E-05
0.101253 9.9991E-05 0.867953 0.0306936
0.0641216 9.9982E-05 0.935678 9.9982E-05
0.104581 9.9982E-05 0.895219 9.9982E-05
0.317919 0.052554 0.0823866 0.54714
0.377769 0.0677013 0.0690956 0.485434
9.9991E-05 0.161042 0.0523849 0.786473
0.411438 0.0231808 0.0107104 0.55467
0.210487 0.180246 9.9991E-05 0.609166
0.296657 0.0160065 9.9991E-05 0.687236
0.225938 9.9991E-05 0.0675644 0.706398
0.274744 9.9982E-05 9.9982E-05 0.725056
9.9991E-05 0.384184 0.0560763 0.55964
0.286674 0.0937422 0.08463 0.534954
0.380378 0.106359 9.9991E-05 0.513163
0.30672 0.210918 0.0554892 0.426873
0.117855 9.9991E-05 0.0666313 0.815414
0.203323 0.0160059 0.00662467 0.774047
0.230473 0.130477 0.0312403 0.607809
0.164202 0.0901749 9.9991E-05 0.745524
0.218989 0.13614 9.9991E-05 0.644771
0.335823 0.131325 0.0386135 0.494238
0.0690726 0.308904 0.111067 0.510956
0.294282 0.103357 0.0802182 0.522143
0.295497 0.299207 0.11975 0.285547
0.2954 0.0572787 0.126822 0.520499
0.349858 0.180831 9.9991E-05 0.469211
0.245269 0.401834 9.9991E-05 0.352797
0.361721 0.253741 9.9991E-05 0.384437
0.236729 0.438143 9.9991E-05 0.325028
0.33898 0.177237 0.023543 0.46024
0.277962 0.246625 9.9991E-05 0.475313
0.311736 0.178997 9.9991E-05 0.509167
0.244742 0.344472 9.9991E-05 0.410686
0.378783 0.109872 9.9991E-05 0.511245
0.363576 0.143224 0.114085 0.379115
0.330758 0.219865 9.9991E-05 0.449277
0.331657 0.167326 9.9991E-05 0.500916
0.338436 0.227287 9.9991E-05 0.434178
0.232927 0.311791 0.131516 0.323766
0.363912 0.228034 9.9991E-05 0.407954
0.410195 0.171883 9.9991E-05 0.417822
0.223605 0.53176 0.003055 0.24158
0.0416248 0.29341 0.123123 0.541843
0.320705 0.326207 0.037686 0.315402
0.0257695 0.437274 9.9991E-05 0.536856
0.134952 0.457363 0.0159355 0.391749
0.191719 0.373048 9.9991E-05 0.435132
0.124521 0.4947 9.9991E-05 0.380679
0.125226 0.503778 0.00424785 0.366748
0.421445 0.1212 9.9991E-05 0.457256
0.290872 0.174392 0.0469826 0.487753
0.324708 0.178158 0.0444203 0.452713
0.0889068 0.406132 0.0564375 0.448523
0.246409 0.124394 0.147417 0.48178
0.285617 9.9991E-05 0.0922209 0.622062
9.9991E-05 0.205902 0.272561 0.521437
0.374288 9.9991E-05 0.0238377 0.601774
0.180587 0.176512 0.0873614 0.555539
0.319654 0.0692276 0.0530997 0.558019
0.0709955 0.0893662 0.246313 0.593326
9.9991E-05 0.12958 0.195648 0.674672
0.143338 0.0976947 0.0685126 0.690454
0.286965 0.0711151 0.132165 0.509755
0.246084 0.205031 0.0919189 0.456966
0.297219 0.0424639 0.131046 0.529272
0.379121 0.105275 0.110476 0.405128
0.0453271 0.115834 0.218544 0.620294
0.296429 0.113519 0.0671712 0.52288
0.433324 0.121476 0.0603794 0.38482
0.0690419 0.165132 9.9991E-05 0.765726
0.199774 0.197876 9.9991E-05 0.60225
0.279937 0.0385257 0.1107 0.570837
0.341502 0.0363518 0.146067 0.476079
0.316481 0.0678984 0.350826 0.264795
0.105523 9.9991E-05 0.765505 0.128872
0.0362903 9.9991E-05 0.715631 0.247979
0.343365 0.0449747 0.488127 0.123534
0.31454 9.9982E-05 9.9982E-05 0.68526
0.356011 9.9991E-05 0.0564013 0.587488
0.897598 0.0903314 9.9991E-05 0.011971
0.664124 0.202868 0.0520172 0.0809912
0.574852 0.0648836 0.0769847 0.283279
0.0313617 0.00301322 0.135531 0.830094
0.28153 0.0426775 0.0729882 0.602804
0.0157217 9.9991E-05 0.198646 0.785532
0.290725 0.0420082 0.00706825 0.660198
0.206914 0.0472117 0.0476616 0.698213
0.373581 9.9991E-05 0.0294404 0.596879
9.9991E-05 0.11639 0.151674 0.731836
0.412478 0.00978518 9.9991E-05 0.577637
0.324983 0.0599684 0.0180206 0.597028
0.485235 0.0981579 0.130227 0.28638
0.972743 9.9982E-05 0.027057 9.9982E-05
0.977697 9.9982E-05 0.0221026 9.9982E-05
0.709635 0.0709391 0.0742074 0.145218
0.8845 0.0452508 0.0486331 0.0216165
0.871959 9.9982E-05 0.127841 9.9982E-05
0.93164 9.9982E-05 0.0681604 9.9982E-05
0.910153 9.9982E-05 0.0896469 9.9982E-05
0.9997 9.998E-05 9.998E-05 9.998E-05
0.977319 0.0224809 9.9982E-05 9.9982E-05
0.93526 9.9982E-05 0.06454 9.9982E-05
0.927029 9.9982E-05 0.072771 9.9982E-05
0.85949 0.0484997 0.0751156 0.0168948
0.811468 0.0294155 0.143445 0.0156709
0.924669 9.9982E-05 0.0751307 9.9982E-05
0.610497 0.138832 0.0604815 0.190189
0.763753 0.0547256 0.0799014 0.10162
0.852584 9.9982E-05 0.147216 9.9982E-05
0.892737 9.9982E-05 0.107063 9.9982E-05
0.967078 9.9982E-05 0.032722 9.9982E-05
0.91488 9.9982E-05 0.0849203 9.9982E-05
0.917673 9.9982E-05 0.0821267 9.9982E-05
0.796946 0.0520146 0.113172 0.0378671
0.870575 9.9982E-05 0.129225 9.9982E-05
9.9982E-05 9.9982E-05 0.543892 0.455908
0.334469 0.213941 0.134289 0.3173
0.303229 0.0661786 0.179513 0.45108
0.144343 0.0411477 0.358113 0.456396
0.378665 0.0305616 0.125007 0.465765
0.100614 9.9991E-05 0.409808 0.489478
0.347902 0.060526 0.133739 0.457833
0.301973 9.9991E-05 0.221121 0.476806
0.355494 9.9991E-05 0.138948 0.505458
0.318413 9.9991E-05 0.253345 0.428142
0.355296 0.00565199 0.0952933 0.543759
0.238015 0.0128201 0.242054 0.507111
0.0403179 0.0255179 0.850799 0.0833655
0.0691407 9.9982E-05 0.930659 9.9982E-05
0.0272123 9.9991E-05 0.969787 0.00290094
0.0286751 0.0260965 0.945128 9.9991E-05
0.0518174 0.055445 0.892638 9.9991E-05
0.0761858 9.9982E-05 0.923614 9.9982E-05
0.124195 9.9982E-05 0.875605 9.9982E-05
0.0724817 0.0225173 0.899975 0.00502638
0.058924 0.0219965 0.918979 9.9991E-05
0.114204 9.9982E-05 0.885596 9.9982E-05
9.9991E-05 0.311598 0.643352 0.0449502
0.00681207 0.390534 0.602554 9.9991E-05
9.9991E-05 0.351257 0.576291 0.0723524
9.9991E-05 0.400291 0.521795 0.0778145
0.281418 0.190719 9.9991E-05 0.527763
0.276895 0.175922 9.9991E-05 0.547083
0.276876 0.169841 9.9991E-05 0.553184
0.342906 0.163527 0.0957014 0.397866
0.150619 0.305934 0.00167822 0.541768
0.0878162 0.667745 9.9991E-05 0.244339
0.321904 0.053793 9.9991E-05 0.624203
0.321786 0.0807923 9.9991E-05 0.597321
0.186121 0.0786405 9.9991E-05 0.735139
0.162873 0.0335329 9.9991E-05 0.803494
0.341269 0.0972339 9.9991E-05 0.561397
0.183903 0.168586 9.9991E-05 0.647411
9.9982E-05 0.23301 9.9982E-05 0.76679
0.299841 0.199314 0.037848 0.462997
0.036519 0.0662925 0.0695798 0.827609
0.167042 0.030386 9.9991E-05 0.802472
9.9991E-05 0.340595 0.0462853 0.61302
9.9991E-05 0.762232 0.18432 0.053348
9.9991E-05 0.793881 0.125173 0.0808457
9.9991E-05 0.945308 0.0544364 0.000155987
9.9991E-05 0.871587 0.107512 0.0208011
0.00456166 0.912245 0.064783 0.0184106
0.0669933 0.828635 0.103484 0.000888575
0.106935 9.9991E-05 0.880084 0.0128814
0.126425 0.0438954 0.82958 9.9991E-05
0.229218 9.9982E-05 0.770582 9.9982E-05
0.147356 0.0883103 0.764234 9.9991E-05
0.171519 0.0304914 0.795151 0.00283829
9.9991E-05 0.571753 0.41155 0.0165969
9.9991E-05 0.442257 0.516688 0.0409551
9.9991E-05 0.473587 0.48017 0.0461433
0.178604 0.0563532 0.764943 9.9991E-05
0.0109678 0.600386 0.388546 9.9991E-05
0.531303 9.9991E-05 0.280876 0.187721
0.483584 0.0513671 0.13857 0.326479
0.721649 9.9991E-05 0.136231 0.14202
0.432228 0.0332443 0.261209 0.273318
0.370554 0.00214762 0.239802 0.387497
0.26976 9.9991E-05 0.609719 0.120421
0.216581 0.282436 9.9991E-05 0.500882
0.145809 0.238135 0.0110784 0.604978
0.217996 0.610543 0.0269871 0.144473
0.211505 0.161508 9.9991E-05 0.626887
9.9991E-05 0.301136 0.0441152 0.654649
0.282065 0.220341 0.0328188 0.464776
0.232682 0.230864 9.9991E-05 0.536355
0.116345 0.503165 0.0244811 0.356009
0.330115 0.169797 0.0238911 0.476197
9.9991E-05 0.372392 0.0515781 0.57593
0.305306 0.206667 9.9991E-05 0.487927
0.344955 0.337805 9.9991E-05 0.31714
0.39394 0.14391 0.116625 0.345525
0.196752 0.34737 9.9991E-05 0.455778
0.22076 0.30917 9.9991E-05 0.46997
0.348935 0.0801915 9.9991E-05 0.570773
0.257896 0.180674 9.9991E-05 0.56133
0.348477 0.0843838 9.9991E-05 0.56704
0.334312 0.197952 0.107896 0.35984
0.380838 0.166799 0.0117789 0.440583
0.207709 9.9982E-05 0.792091 9.9982E-05
0.10268 9.9991E-05 0.849116 0.048104
0.049369 0.0808745 0.799906 0.0698509
0.106756 0.0212417 0.812485 0.0595169
0.136116 9.9991E-05 0.847888 0.0158955
0.0983482 0.645396 9.9991E-05 0.256155
0.305193 0.197908 0.00617152 0.490727
0.470832 0.0492407 0.231306 0.248621
0.470914 0.154472 9.9991E-05 0.374514
0.29008 0.284713 9.9991E-05 0.425107
0.118399 0.353615 0.0926507 0.435335
9.9991E-05 0.632426 0.195655 0.171819
0.268892 0.284832 9.9991E-05 0.446176
0.110275 0.556902 0.0714704 0.261352
0.228413 0.207931 0.0849275 0.478728
0.0638667 0.578481 0.156421 0.201231
0.324399 0.237176 0.0653977 0.373028
0.0734829 0.549691 0.114774 0.262052
0.494064 0.121191 0.0548924 0.329852
0.226911 0.360551 0.0136606 0.398877
0.307606 0.152462 0.0338597 0.506072
0.0405855 0.119107 0.200528 0.63978
0.275761 0.1225 0.0550521 0.546687
0.364541 9.9991E-05 0.0680595 0.567299
0.0491567 0.136826 0.0790541 0.734963
0.324216 0.063638 0.177267 0.434879
0.351271 0.149645 0.115179 0.383905
0.200909 9.9991E-05 0.0315838 0.767407
9.9991E-05 0.157593 0.046602 0.795705
0.00813757 0.0649188 0.101433 0.825511
0.234838 0.053039 0.0677849 0.644338
9.9991E-05 0.120906 0.102148 0.776846
0.130935 0.104325 0.0480237 0.716716
0.11078 0.659744 0.0317071 0.197769
0.134594 0.349919 9.9991E-05 0.515388
0.299711 0.448837 9.9991E-05 0.251352
0.413791 0.208549 9.9991E-05 0.377559
0.122621 0.549457 9.9991E-05 0.327823
0.35843 0.18336 0.0360262 0.422183
0.317053 0.167346 0.0666928 0.448908
0.355698 0.298949 9.9991E-05 0.345253
0.34764 0.311572 9.9991E-05 0.340688
0.281395 0.313778 0.00161651 0.40321
0.230327 0.615616 9.9991E-05 0.153957
0.232071 0.473678 9.9991E-05 0.294151
0.351629 0.243267 9.9991E-05 0.405004
0.346623 0.19874 9.9991E-05 0.454538
0.208266 0.234797 0.0309622 0.525975
0.290247 0.3196 9.9991E-05 0.390053
0.232684 0.387122 0.0447404 0.335454
0.360317 0.274835 9.9991E-05 0.364748
0.338739 0.344437 9.9991E-05 0.316723
0.432823 0.166135 0.0226671 0.378375
0.366628 0.0388529 0.304363 0.290156
0.410821 9.9991E-05 0.15712 0.431959
0.430245 9.9991E-05 0.139843 0.429811
0.396618 9.9991E-05 0.0341873 0.569095
0.480738 9.9991E-05 0.176865 0.342297
0.229635 0.229962 9.9991E-05 0.540304
0.400576 0.0561862 0.120991 0.422247
0.0623543 0.00720563 0.408844 0.521596
0.472521 0.140712 0.0915844 0.295183
0.381735 9.9991E-05 0.183187 0.434978
0.459671 0.0800899 0.141856 0.318384
0.28741 0.0975723 0.196087 0.418931
0.473421 0.0175006 0.0827769 0.426301
0.47086 0.069546 0.13563 0.323964
0.0932441 9.9991E-05 0.683893 0.222763
0.509228 0.0792545 0.0995864 0.311931
0.50659 9.9991E-05 0.157469 0.33584
0.467425 9.9991E-05 0.0822602 0.450215
0.531147 9.9991E-05 0.169943 0.29881
0.417583 0.0834487 0.125319 0.37365
0.272037 0.0963689 0.0270798 0.604514
0.336158 0.0871501 0.0198768 0.556815
9.9982E-05 0.270976 9.9982E-05 0.728824
0.316606 0.0515208 0.144956 0.486917
0.277905 0.214331 0.0783046 0.429459
9.9991E-05 0.146325 0.0834007 0.770174
0.308295 0.119488 0.0684842 0.503733
0.522963 0.0296097 0.11365 0.333777
0.467157 9.9991E-05 0.17341 0.359332
0.379089 0.0130075 0.294337 0.313566
0.444305 9.9991E-05 0.201992 0.353603
0.368507 9.9991E-05 0.18638 0.445013
0.0560022 0.0286073 0.226728 0.688663
0.117638 9.9991E-05 0.195561 0.686701
0.386046 0.0990288 0.00911174 0.505814
0.340759 0.019469 0.100576 0.539196
0.15146 0.0287841 0.170802 0.648954
0.369119 0.129982 0.0227081 0.478191
0.399941 0.023699 0.0308372 0.545523
0.349451 0.101844 0.0876321 0.461072
0.112249 0.100589 0.0537439 0.733418
0.114059 0.0893615 0.0611214 0.735458
0.261568 0.0450363 0.0294513 0.663944
0.22834 0.182263 0.0133809 0.576016
0.354109 0.180613 0.0767258 0.388552
0.28069 0.160556 0.0954743 0.463279
0.183984 0.0203231 0.0262384 0.769454
0.0477751 0.170679 0.0256777 0.755868
0.284154 9.9991E-05 0.0302997 0.685447
0.389408 9.9991E-05 0.0916702 0.518822
0.0331848 0.168658 0.0212342 0.776923
0.191413 0.0618967 0.0254114 0.721279
0.32847 0.0229117 0.054628 0.59399
0.187067 0.155371 9.9991E-05 0.657461
0.378479 0.00706108 0.188514 0.425945
0.347898 0.0510204 0.147534 0.453548
0.411287 9.9991E-05 0.231485 0.357128
0.396597 9.9991E-05 0.117526 0.485777
0.380575 0.0621724 0.218717 0.338535
0.411531 0.142536 0.114357 0.331576
0.311801 9.9991E-05 0.218494 0.469605
0.0653746 0.0734943 0.3491 0.512031
0.552195 0.103179 0.0318361 0.312789
0.043777 9.9991E-05 0.612638 0.343485
0.453024 0.0507029 0.0538091 0.442464
9.9991E-05 0.022254 0.0506752 0.926971
9.9991E-05 0.099793 0.13581 0.764297
0.187827 0.00607671 9.9991E-05 0.805997
0.326851 9.9982E-05 9.9982E-05 0.672949
0.13826 0.00718777 9.9991E-05 0.854452
0.278184 9.9991E-05 0.00797857 0.713738
0.258213 9.9982E-05 9.9982E-05 0.741587
0.13463 0.0654271 0.789882 0.0100612
0.124061 0.129359 0.74648 9.9991E-05
0.0659235 0.0104013 0.923575 9.9991E-05
0.0798085 9.9982E-05 0.919992 9.9982E-05
0.297396 0.0868057 0.019556 0.596243
0.245695 0.0602195 0.0595908 0.634495
0.187997 0.0552207 0.0362142 0.720568
0.305389 0.0955674 0.0197809 0.579263
0.293026 0.182643 0.000197545 0.524134
0.0590784 0.162995 0.0485452 0.729382
0.315552 0.0481018 9.9991E-05 0.636246
0.0331344 9.9991E-05 0.0879916 0.878774
0.439895 0.0577582 0.252269 0.250078
0.234146 0.0956427 9.9991E-05 0.670112
0.123182 0.165055 9.9991E-05 0.711663
0.395263 0.0457381 0.0386388 0.52036
0.206549 0.0628101 0.034289 0.696351
0.173439 0.173482 9.9991E-05 0.652979
0.201287 9.9982E-05 9.9982E-05 0.798513
0.345449 0.118986 9.9991E-05 0.535465
9.998E-05 9.998E-05 9.998E-05 0.9997
0.0477973 0.138567 0.05764 0.755996
0.0753534 0.135975 0.0527353 0.735937
9.9991E-05 0.00408508 0.0280312 0.967784
0.374177 0.164696 0.172775 0.288352
0.198256 0.159321 0.0325849 0.609838
9.9991E-05 0.0454419 0.0811921 0.873266
9.9991E-05 0.0759137 0.0542723 0.869714
0.278156 0.00379554 9.9991E-05 0.717948
9.9991E-05 0.175815 0.0693231 0.754762
0.194097 0.191514 9.9991E-05 0.614289
0.312935 9.9991E-05 0.0984344 0.58853
0.239164 0.0805013 9.9991E-05 0.680235
0.201655 0.258799 9.9991E-05 0.539446
0.296545 0.0582379 9.9991E-05 0.645117
0.263753 0.160455 0.028843 0.546948
0.0757518 0.0761269 0.0360532 0.812068
0.332372 0.0624362 0.0370353 0.568156
9.9991E-05 0.246598 0.680776 0.0725256
0.0557687 0.087177 0.785182 0.0718726
9.9982E-05 0.165285 0.834515 9.9982E-05
9.9991E-05 0.130193 0.849299 0.0204082
9.9991E-05 0.215049 0.735816 0.0490348
0.00156529 0.276783 0.0583682 0.663284
9.9991E-05 0.183865 0.093794 0.722241
9.998E-05 9.998E-05 9.998E-05 0.9997
0.386859 0.0782062 0.0711738 0.463761
0.303794 0.0632341 0.0660221 0.56695
0.0649706 9.9991E-05 0.0837365 0.851193
0.312004 9.9982E-05 9.9982E-05 0.687796
0.152216 9.9991E-05 0.0256568 0.822027
0.277143 0.0996637 0.101086 0.522108
0.283357 0.085652 9.9991E-05 0.630891
0.311789 0.0825277 9.9991E-05 0.605584
0.0633478 0.231444 0.0213094 0.683898
0.117214 0.189221 9.9991E-05 0.693465
0.153493 0.185744 9.9991E-05 0.660663
0.323774 0.0543869 0.0723307 0.549508
0.166327 0.0948125 9.9991E-05 0.73876
0.187722 0.104895 0.0140651 0.693318
0.5829 0.0569704 0.0904926 0.269637
0.682076 0.092347 0.106819 0.118757
0.728082 9.9991E-05 0.0550025 0.216815
0.627054 9.9991E-05 0.164365 0.208481
0.62249 9.9991E-05 0.189843 0.187567
0.281687 9.9991E-05 0.00157915 0.716634
0.658038 0.00707172 0.33479 9.9991E-05
0.58744 9.9991E-05 0.229745 0.182715
0.349683 0.105466 0.131737 0.413113
0.275732 0.0425484 0.131454 0.550266
0.18106 0.0976628 0.161935 0.559342
0.365545 0.0733431 0.0683052 0.492807
0.265571 9.9991E-05 0.0764 0.657929
0.689922 9.9991E-05 0.174792 0.135186
0.609258 0.0926629 0.0886447 0.209434
0.730615 9.9991E-05 0.0538372 0.215447
0.508419 0.0768083 0.116197 0.298576
0.699255 0.0149358 0.153401 0.132408
0.487516 9.9991E-05 0.162448 0.349936
0.718836 0.0254501 0.171352 0.0843617
0.642622 0.0259771 0.150426 0.180975
0.2183 0.0510692 0.106401 0.62423
0.537333 0.0774118 0.16993 0.215326
0.734354 9.9991E-05 0.252801 0.0127452
0.519241 0.0491839 0.137853 0.293722
0.526962 0.0638696 0.126525 0.282644
0.00315375 0.245127 0.239995 0.511725
0.320294 0.124467 9.9991E-05 0.555138
0.535148 0.0937033 0.121695 0.249454
0.377176 0.0995075 0.10553 0.417786
0.197015 0.0875105 0.211126 0.504349
0.368762 0.030806 0.193902 0.40653
0.49934 0.0280209 0.200729 0.271911
0.429002 0.0799191 0.0542812 0.436798
0.506132 0.0903446 0.147253 0.25627
0.593257 0.133473 0.088645 0.184624
0.707565 0.0323377 0.119959 0.140137
0.717882 9.9991E-05 0.263623 0.0183946
0.401908 0.074723 0.0612017 0.462168
0.161323 0.0666297 0.136166 0.635881
0.0183179 9.9991E-05 0.299509 0.682073
0.351152 0.118772 0.0608551 0.469221
0.248631 0.282435 0.16421 0.304723
0.446197 0.0178955 0.140119 0.395789
0.350862 0.190959 0.111991 0.346189
0.110336 9.9991E-05 0.546575 0.342989
0.056739 9.9991E-05 0.529728 0.413433
0.216475 0.0531329 0.232634 0.497759
0.137454 9.9991E-05 0.519675 0.342771
0.120071 9.9991E-05 0.638618 0.241211
0.270589 0.0560806 0.163787 0.509543
0.284941 9.9991E-05 0.287037 0.427922
0.217911 0.0293839 0.389653 0.363051
0.15174 9.9991E-05 0.485422 0.362738
0.335778 9.9991E-05 0.148272 0.51585
0.170047 0.0335526 0.322907 0.473493
9.9982E-05 9.9982E-05 0.686333 0.313467
0.46591 0.0624651 0.162393 0.309231
0.409221 0.015779 0.191959 0.383041
0.45399 0.0541942 0.286736 0.20508
0.555426 9.9991E-05 0.152182 0.292292
0.370113 0.0273224 0.181852 0.420712
0.446541 9.9991E-05 0.148798 0.40456
0.489127 0.0077001 0.174015 0.329159
0.477057 9.9991E-05 0.358497 0.164346
0.492554 0.067174 0.204282 0.23599
0.527027 0.0669545 0.219891 0.186128
0.445285 0.0857174 0.184727 0.28427
0.307092 0.108939 0.155738 0.428232
0.360165 0.163982 0.116643 0.359211
0.414029 0.014205 0.195342 0.376425
0.49553 9.9991E-05 0.0776491 0.426721
0.467133 0.00754252 0.332251 0.193073
0.4635 0.0525138 0.170134 0.313852
0.30098 9.9991E-05 0.445272 0.253648
0.482935 0.0342561 0.116484 0.366325
0.41786 9.9991E-05 0.352968 0.229072
0.0319355 0.157355 0.810609 9.9991E-05
0.0353398 0.79111 0.0577568 0.115793
9.998E-05 0.9997 9.998E-05 9.998E-05
9.998E-05 0.9997 9.998E-05 9.998E-05
0.027658 0.972142 9.9982E-05 9.9982E-05
0.0547909 0.945009 9.9982E-05 9.9982E-05
9.998E-05 0.9997 9.998E-05 9.998E-05
9.9982E-05 0.973143 0.0266573 9.9982E-05
9.9982E-05 0.792307 0.207493 9.9982E-05
0.0823652 9.9982E-05 0.917435 9.9982E-05
0.0485323 0.14398 0.807388 9.9991E-05
0.0597304 9.9991E-05 0.904022 0.0361476
0.0235909 0.0616576 0.831416 0.0833351
0.11297 0.0278633 0.859067 9.9991E-05
0.0098623 0.0481308 0.926896 0.015111
0.163639 0.0342689 0.801992 9.9991E-05
0.128094 9.9991E-05 0.869197 0.00260862
0.125378 0.147657 0.726865 9.9991E-05
0.0887058 9.9982E-05 0.911094 9.9982E-05
0.0125016 0.00521311 0.982185 9.9991E-05
0.0900312 0.0482294 0.853433 0.00830642
0.0563582 0.0101228 0.933419 9.9991E-05
0.112547 9.9982E-05 0.887253 9.9982E-05
0.11547 0.0354261 0.849004 9.9991E-05
0.127005 9.9991E-05 0.864395 0.00849917
0.22239 9.9982E-05 0.77741 9.9982E-05
0.22259 9.9982E-05 0.77721 9.9982E-05
0.183137 9.9982E-05 0.816663 9.9982E-05
0.155313 0.120662 0.191759 0.532265
0.308466 0.0637726 0.00985215 0.617909
0.348116 0.0991559 0.0920256 0.460703
9.9982E-05 9.9982E-05 0.241789 0.758011
0.254983 0.116386 0.11481 0.513821
9.9982E-05 9.9982E-05 0.332977 0.666823
0.337002 9.9991E-05 0.12013 0.542768
0.147086 0.144466 0.0992241 0.609224
0.281516 0.117116 0.0462447 0.555123
0.252154 0.138213 9.9991E-05 0.609533
0.172035 0.135327 0.109063 0.583576
0.379754 0.0136398 0.0365618 0.570045
0.269512 0.105954 0.0880957 0.536439
0.0498899 0.500083 0.0202206 0.429807
9.9991E-05 0.113077 0.196513 0.690311
9.9991E-05 0.0034188 0.275152 0.721329
0.354757 9.9991E-05 0.0192867 0.625856
0.299681 9.9991E-05 0.104772 0.595446
0.211997 9.9991E-05 0.175779 0.612124
0.335144 9.9991E-05 0.0782188 0.586537
0.422415 9.9991E-05 0.204913 0.372571
0.478148 0.121467 0.0896986 0.310687
0.237365 0.089544 0.478749 0.194342
0.339608 0.0922456 0.0858153 0.482331
0.379892 0.0482426 0.201876 0.369989
0.0353221 0.0279582 0.660408 0.276311
0.373318 9.9991E-05 0.306892 0.31969
0.287851 0.00454207 0.393341 0.314266
0.3575 0.15976 0.265144 0.217596
0.529532 0.0505768 0.0693599 0.350531
0.448554 0.0598327 0.161107 0.330506
0.439889 0.076804 0.0613346 0.421972
0.332181 0.0863434 0.196757 0.384719
0.31246 0.037494 0.468409 0.181638
