9.9973E-05 0.0574463 9.9973E-05 0.901605 9.9973E-05 0.00448328 0.0361653
9.9964E-05 9.9964E-05 0.00183852 0.933066 9.9964E-05 0.0646961 9.9964E-05
9.9973E-05 0.026414 9.9973E-05 0.811524 0.0428307 9.9973E-05 0.118931
9.9973E-05 0.119806 9.9973E-05 0.767167 0.0863421 9.9973E-05 0.0263855
9.9982E-05 0.00672067 0.0526049 0.863593 0.0535906 9.9982E-05 0.0232904
0.217217 0.088513 9.9982E-05 0.553385 0.105696 9.9982E-05 0.0349896
0.14251 0.0471164 9.9964E-05 0.809974 9.9964E-05 9.9964E-05 9.9964E-05
0.133578 0.162252 9.9973E-05 0.670811 0.0330593 9.9973E-05 9.9973E-05
0.00441336 0.0738111 9.99729E-05 0.832447 9.99729E-05 0.0890286 9.99729E-05
0.116613 0.0167863 0.0353873 0.679111 0.0434228 9.9991E-05 0.108579
0.149832 0.0975497 9.9982E-05 0.683466 0.0178921 9.9982E-05 0.0510608
0.0162108 0.381296 9.9991E-05 0.000668053 0.110671 0.274313 0.216741
0.049178 0.292947 0.00368082 0.0034738 0.0848862 0.000480983 0.565353
0.0655577 0.390884 0.0895956 0.0580697 0.108783 0.0494641 0.237646
0.0557081 0.269636 0.0576327 0.0846244 0.150296 0.0589344 0.323168
0.078739 0.174824 9.9991E-05 0.167172 0.0856876 0.0718994 0.421577
0.135539 0.0862492 9.9991E-05 0.0410949 0.0453843 0.0799051 0.611727
0.0320691 0.254369 9.9991E-05 0.00882289 0.110747 0.172012 0.421879
0.00897025 0.246433 9.9991E-05 0.157055 0.0607546 0.148407 0.37828
0.139193 0.636482 9.9991E-05 0.0157591 0.0681539 0.112441 0.0278715
0.105203 0.250904 0.0692882 0.0085431 0.0655328 0.0490271 0.451502
0.213487 0.0844602 0.0728181 0.0365481 0.0428378 0.0603266 0.489523
0.108285 0.204972 0.0549933 9.9982E-05 9.9982E-05 0.120472 0.511078
0.0861365 0.272938 9.9982E-05 9.9982E-05 0.119664 0.22354 0.297521
0.0628407 9.9982E-05 9.9982E-05 0.169829 0.0067695 0.0529406 0.70742
0.131295 0.174293 9.9982E-05 9.9982E-05 0.0657337 0.0263727 0.602106
0.0415176 0.411937 9.9982E-05 9.9982E-05 0.161622 0.248221 0.136503
0.0662804 0.424162 9.9991E-05 0.0240247 0.239506 0.0649913 0.180935
0.117575 0.389667 0.104295 0.0478058 0.0210645 0.0863053 0.233287
9.9964E-05 9.9964E-05 9.9964E-05 0.800823 0.0696105 9.9964E-05 0.129166
9.9973E-05 9.9973E-05 0.0149793 0.819897 0.0394444 9.9973E-05 0.12538
9.9973E-05 9.9973E-05 9.9973E-05 0.784384 0.00513449 0.0316312 0.17855
9.9973E-05 9.9973E-05 9.9973E-05 0.736247 0.0883048 0.0221794 0.152969
0.0860189 0.103218 9.9991E-05 0.0523535 0.02176 0.162074 0.574475
0.0124657 0.114653 9.9991E-05 0.085186 0.0584958 0.231549 0.497551
9.9964E-05 9.9964E-05 9.9964E-05 0.0411943 9.9964E-05 0.369044 0.589361
9.9982E-05 0.570098 9.9982E-05 0.0544638 0.0471262 0.177565 0.150546
9.9982E-05 0.0365702 0.0475229 9.9982E-05 0.0669791 0.568338 0.28039
9.9982E-05 0.105075 9.9982E-05 0.0417817 0.0594659 0.305959 0.487519
0.047035 0.0458996 9.9991E-05 0.066312 0.00307473 0.140237 0.697342
0.138249 0.0179376 0.037094 0.10231 9.9991E-05 0.094204 0.610105
0.0787867 0.029933 0.00190644 0.112158 0.0111277 0.171949 0.59414
0.0124045 0.111453 9.9991E-05 0.0609061 0.00667534 0.652248 0.156213
0.291344 0.0692094 0.0209431 0.020814 0.0369855 9.9991E-05 0.560604
0.0289313 0.0196748 0.0379783 9.9991E-05 0.138452 0.223683 0.551181
0.145368 0.123563 9.9991E-05 0.0565831 0.0785336 0.0803497 0.515502
9.9964E-05 9.9964E-05 0.123471 9.9964E-05 9.9964E-05 0.567647 0.308482
0.046681 9.9991E-05 0.0221544 0.00414678 0.0695103 0.258034 0.599373
9.9982E-05 0.142384 9.9982E-05 0.0513948 0.0889875 0.225314 0.49172
0.135179 0.0122866 0.0191725 0.0734761 9.9982E-05 0.759685 9.9982E-05
0.142748 0.429973 0.0667934 9.9982E-05 9.9982E-05 0.152176 0.20811
0.342088 0.165617 0.105912 9.9991E-05 0.0470651 0.278537 0.0606803
0.0368457 0.241404 0.0256963 0.0290299 0.0980156 0.0436723 0.525336
0.0128998 0.0945883 0.124774 0.14682 9.9982E-05 9.9982E-05 0.620719
0.0786753 0.172427 0.0673204 0.0457712 0.00406816 0.0167053 0.615033
0.0854392 0.326906 0.0388248 0.0916383 9.9991E-05 0.26497 0.192122
0.183572 0.131431 0.0249834 9.9991E-05 0.0210513 0.0638596 0.575004
0.0436409 0.115994 9.9991E-05 0.0653153 0.147281 0.130512 0.497157
0.153345 0.182073 0.0172759 0.0513965 0.0949535 0.183231 0.317725
0.206763 0.277418 9.9991E-05 0.181307 0.0591348 0.190822 0.0844554
0.10487 0.134336 0.0227154 0.066597 9.9991E-05 0.164732 0.506649
0.0471629 0.202515 0.130874 0.0604368 9.9991E-05 0.0906856 0.468226
0.149664 0.444662 9.9982E-05 0.0392097 9.9982E-05 0.305746 0.0605175
0.0604644 0.239989 0.0635934 9.9991E-05 0.028447 0.0852285 0.522178
0.0571855 0.0357348 0.10256 0.00531309 0.0316998 0.105306 0.662201
0.00801326 0.158856 0.0286417 0.0842499 0.0247065 0.127323 0.56821
0.0803608 0.295656 0.0255283 0.0633619 0.015545 0.177717 0.341831
0.106669 0.142808 0.125749 0.031702 0.00891173 0.0870938 0.497066
0.051692 0.153478 0.104364 0.0714603 0.0304011 0.0107487 0.577856
0.0972948 0.36494 0.0839767 0.0167382 9.9991E-05 0.172614 0.264336
9.9964E-05 0.0665099 9.9964E-05 9.9964E-05 9.9964E-05 0.396891 0.536199
9.9973E-05 0.0736168 9.9973E-05 0.0189851 9.9973E-05 0.704774 0.202324
9.9991E-05 0.122477 0.144963 0.0426074 0.0629078 0.145022 0.481923
0.0914711 9.9955E-05 9.9955E-05 9.9955E-05 9.9955E-05 0.908029 9.9955E-05
0.0545112 9.9964E-05 0.0173594 9.9964E-05 9.9964E-05 0.92773 9.9964E-05
9.9964E-05 9.9964E-05 0.023468 9.9964E-05 9.9964E-05 0.675154 0.300978
0.0633709 0.0064994 9.9973E-05 9.9973E-05 9.9973E-05 0.439674 0.490156
0.0349449 0.0781661 9.9991E-05 0.0837341 0.067548 0.129677 0.60583
0.0738643 0.0279938 0.0311112 0.0353084 0.0486679 0.33594 0.447114
9.9973E-05 0.182562 9.9973E-05 0.0594991 9.9973E-05 0.566696 0.190943
9.9982E-05 0.240644 9.9982E-05 0.0268458 0.0185147 0.499762 0.214034
0.0208719 0.0419185 0.114557 0.109109 0.0740343 0.123055 0.516454
9.9973E-05 0.0187864 9.9973E-05 0.0809501 9.9973E-05 0.532918 0.367046
9.9991E-05 0.0323989 0.0195828 0.0157746 0.0500941 0.433256 0.448794
0.080403 9.9973E-05 0.0155351 9.9973E-05 9.9973E-05 0.519454 0.384308
0.206657 0.00922793 0.0915939 9.9973E-05 9.9973E-05 0.692221 9.9973E-05
9.9991E-05 0.0283858 0.100851 0.053073 0.0549269 0.199433 0.56323
9.9973E-05 0.0627685 9.9973E-05 0.806431 0.0277436 9.9973E-05 0.102757
9.9955E-05 9.9955E-05 9.9955E-05 0.918315 9.9955E-05 9.9955E-05 0.0811853
9.9964E-05 9.9964E-05 9.9964E-05 0.853654 0.0538473 9.9964E-05 0.0920991
0.0113297 9.9964E-05 9.9964E-05 0.898981 9.9964E-05 9.9964E-05 0.0892898
9.9973E-05 9.9973E-05 0.0800366 0.82794 0.0218463 9.9973E-05 0.0698771
9.9964E-05 9.9964E-05 9.9964E-05 0.917787 9.9964E-05 0.0127897 0.0690235
9.9964E-05 9.9964E-05 9.9964E-05 0.90835 0.00492562 9.9964E-05 0.0863244
9.9982E-05 0.0361087 9.9982E-05 0.185674 0.0464952 0.276345 0.455177
0.0224699 0.0525066 0.115243 0.0867102 0.0636637 0.106751 0.552655
9.9982E-05 0.0726125 0.017996 0.0387276 9.9982E-05 0.853078 0.0173863
0.142597 0.0450127 0.0402421 0.0306486 0.15197 0.0988128 0.490716
9.9982E-05 0.0337731 9.9982E-05 0.0623651 0.000482116 0.458279 0.4449
9.9991E-05 0.00319976 0.121145 0.0182754 0.000210122 0.196685 0.660385
9.9982E-05 9.9982E-05 0.150084 0.0174691 0.0712465 0.246458 0.514543
0.0123233 9.9991E-05 0.00977421 0.0429565 0.0858936 0.476957 0.371996
9.9964E-05 0.146934 9.9964E-05 0.0669818 9.9964E-05 0.785684 9.9964E-05
0.0338753 0.0791365 0.132575 0.130364 9.9991E-05 0.061344 0.562605
0.0126725 0.0397364 0.0112441 0.0950929 0.0671044 0.194871 0.579279
0.0936694 0.120793 0.0254052 0.0599366 0.0850323 0.110286 0.504877
0.0812131 9.9982E-05 0.0189989 0.0258007 9.9982E-05 0.569353 0.304434
9.9973E-05 9.9973E-05 0.046429 0.038007 9.9973E-05 0.360711 0.554553
9.9982E-05 0.118494 0.0232296 0.00200108 9.9982E-05 0.3634 0.492676
9.9964E-05 9.9964E-05 9.9964E-05 9.9964E-05 0.0981434 0.628326 0.273131
9.9982E-05 0.100664 0.0100753 0.0591508 9.9982E-05 0.336643 0.493267
0.0122994 0.133552 0.0671636 0.148542 9.9991E-05 0.150091 0.488252
0.0818117 0.298814 0.181728 0.047992 0.0392156 0.16117 0.189268
0.0955509 0.274387 9.9991E-05 0.089549 0.054018 0.0543307 0.432064
0.0925009 0.193758 0.0818046 0.0737743 0.0450779 9.9991E-05 0.512984
0.103051 0.0461238 0.0376477 0.097098 9.9991E-05 0.105489 0.61049
9.9982E-05 0.265133 0.0808955 0.0723186 9.9982E-05 0.0252004 0.556253
9.9991E-05 0.206862 0.0793387 0.0378328 0.00344864 0.0349217 0.637496
9.9982E-05 0.366418 0.148564 0.00781996 0.00144865 9.9982E-05 0.475549
0.134076 0.109282 0.102163 0.0387203 9.9991E-05 0.0211117 0.594546
0.03653 0.181075 0.000433604 0.0585138 0.0829847 0.00560238 0.63486
0.104055 0.146864 0.076296 0.0279239 9.9991E-05 0.0085505 0.63621
0.0375542 0.300264 0.0701295 9.9982E-05 9.9982E-05 0.0732043 0.518648
0.0398743 0.0840807 0.0831906 0.0640193 0.000209382 0.0322024 0.696423
9.9991E-05 0.0552724 0.128214 0.151347 0.092998 0.0509582 0.521111
0.0671721 0.199527 0.0508834 9.9991E-05 0.0948376 0.0686305 0.518849
0.124701 0.194499 0.0709732 0.0630941 0.0380108 9.9991E-05 0.508622
0.0167793 0.230513 0.0335652 9.9991E-05 0.0938319 0.00961105 0.615599
0.221561 0.297528 0.0617317 0.0189575 0.0636042 9.9991E-05 0.336517
0.0133499 0.152589 0.0225759 9.9991E-05 0.084697 0.175343 0.551346
0.070822 0.151024 0.062625 0.00776651 0.0617151 9.9991E-05 0.645948
9.9982E-05 0.413244 0.134688 9.9982E-05 0.0906454 0.125891 0.235332
0.192916 0.292425 0.179141 0.0208848 0.0317294 0.0723581 0.210547
0.0103327 0.251518 0.0174661 0.0791032 0.0514837 0.0424991 0.547597
0.124882 0.355801 0.248105 9.9991E-05 0.036618 0.186363 0.048132
0.00902135 0.462013 0.052005 0.0322986 9.9991E-05 0.0695858 0.374977
9.9973E-05 0.29129 0.0849077 9.9973E-05 9.9973E-05 0.145401 0.478102
9.9982E-05 0.425382 0.0209011 0.014323 9.9982E-05 0.18378 0.355415
0.0196239 0.400605 9.9982E-05 9.9982E-05 0.0643841 0.21071 0.304477
0.0777887 0.117717 0.0484177 0.0386859 9.9991E-05 0.0447825 0.672508
9.9973E-05 0.0951897 0.141096 0.144457 9.9973E-05 9.9973E-05 0.618957
9.9991E-05 0.196411 0.087965 0.0762784 0.0135806 0.0682497 0.557415
0.160965 0.375169 0.0967481 9.9991E-05 0.0896619 0.194845 0.0825108
0.102289 0.00180017 9.9982E-05 0.180104 9.9982E-05 0.182044 0.533563
0.266563 0.0110038 0.0889303 0.0443352 0.0605768 0.0283148 0.500276
0.525698 0.0668146 0.0997357 0.122764 9.9982E-05 0.184788 9.9982E-05
0.169111 0.0218671 0.0214475 0.129177 9.9991E-05 0.00451984 0.653777
0.265729 9.9982E-05 0.0820942 0.107727 9.9982E-05 0.14971 0.39454
0.211246 0.0929796 0.0742627 0.0380666 0.0700574 9.9991E-05 0.513288
0.456225 0.115025 0.0190597 0.0355771 0.0154064 0.0773545 0.281352
0.439423 0.173533 0.125539 0.04279 9.9982E-05 9.9982E-05 0.218516
0.208576 0.127028 0.140777 0.074682 9.9991E-05 0.0344559 0.414381
0.146361 0.0751721 0.0336678 0.136667 0.0140267 0.10156 0.492545
0.177384 0.128109 0.070567 0.123645 0.0808926 0.0712901 0.348112
0.435514 0.0701877 9.9991E-05 0.0332039 0.135048 0.298405 0.027542
0.112827 0.0136812 0.13291 0.108465 0.0255706 0.00951391 0.597033
0.329854 0.0105077 0.0819494 9.9982E-05 9.9982E-05 0.170637 0.406852
0.173589 0.161804 0.112945 9.9982E-05 9.9982E-05 0.0693073 0.482154
0.177066 0.055349 0.0216402 0.112412 0.0431875 0.0909966 0.499348
0.287861 0.00112366 9.9982E-05 0.299508 0.202787 9.9982E-05 0.20852
0.368218 9.9964E-05 9.9964E-05 0.500735 0.130646 9.9964E-05 9.9964E-05
0.481559 9.9964E-05 9.9964E-05 0.388186 0.129856 9.9964E-05 9.9964E-05
0.268037 9.9973E-05 9.9973E-05 0.333695 0.345567 9.9973E-05 0.0524008
0.319362 9.9964E-05 9.9964E-05 9.9964E-05 9.9964E-05 0.0494606 0.630778
0.133366 0.0905747 0.179938 0.0182523 0.0226049 0.0191309 0.536133
9.9964E-05 0.00575251 9.9964E-05 9.9964E-05 0.657487 9.9964E-05 0.33636
9.9991E-05 0.083269 0.0175255 0.0250221 0.46061 0.130612 0.282861
9.9991E-05 0.172268 0.102473 0.040048 0.386502 0.00926127 0.289347
0.346776 0.00178212 0.220565 9.9982E-05 9.9982E-05 0.0705771 0.360101
0.18066 0.00654213 0.0779509 0.0185459 0.0873232 0.112887 0.516091
0.538855 0.0267982 0.140906 9.9982E-05 9.9982E-05 0.088076 0.205164
0.234369 9.9973E-05 0.0587046 9.9973E-05 9.9973E-05 0.0870339 0.619592
0.29674 9.9991E-05 0.125309 0.0319885 0.0381176 0.0985113 0.409233
0.229716 0.0646906 0.0025619 0.0129271 0.0196303 0.0490991 0.621375
0.443525 0.0619093 0.140072 9.9982E-05 9.9982E-05 0.132684 0.22161
0.10492 9.9991E-05 0.0187669 0.0493605 0.0714416 0.140263 0.615148
0.219481 0.050028 0.0339919 0.0703276 0.0157811 0.103902 0.506488
9.9964E-05 9.9964E-05 0.0126457 9.9964E-05 0.930007 0.0569471 9.9964E-05
9.9964E-05 9.9964E-05 0.0343727 9.9964E-05 0.880859 9.9964E-05 0.0843684
9.9991E-05 0.0590626 0.0234563 0.0386649 0.573841 0.0887481 0.216127
9.9964E-05 9.9964E-05 0.0422972 9.9964E-05 0.669839 9.9964E-05 0.287464
0.0385663 9.9982E-05 9.9982E-05 0.0317801 0.830665 0.0107155 0.0880735
9.995E-05 9.995E-05 9.995E-05 9.995E-05 0.9994 9.995E-05 9.995E-05
9.9955E-05 0.0636703 9.9955E-05 9.9955E-05 0.93583 9.9955E-05 9.9955E-05
9.9955E-05 9.9955E-05 9.9955E-05 9.9955E-05 0.800932 9.9955E-05 0.198568
9.9955E-05 0.0356805 9.9955E-05 9.9955E-05 0.96382 9.9955E-05 9.9955E-05
9.995E-05 9.995E-05 9.995E-05 9.995E-05 0.9994 9.995E-05 9.995E-05
9.995E-05 9.995E-05 9.995E-05 9.995E-05 0.9994 9.995E-05 9.995E-05
9.9982E-05 9.9982E-05 0.0195673 0.0084949 0.721977 0.0513454 0.198416
9.9973E-05 0.0143991 9.9973E-05 0.0409185 0.832839 9.9973E-05 0.111543
9.9964E-05 0.00699221 9.9964E-05 9.9964E-05 0.98518 0.00742798 9.9964E-05
9.9991E-05 0.0957878 0.0482783 0.0830802 0.442784 0.0583507 0.271619
9.9973E-05 0.0666431 9.9973E-05 0.0587631 0.61539 9.9973E-05 0.258904
0.0228743 0.00558748 0.0339721 0.0342271 0.767904 9.9991E-05 0.135335
9.9964E-05 0.0565856 9.9964E-05 9.9964E-05 0.854726 9.9964E-05 0.0882881
9.9955E-05 9.9955E-05 9.9955E-05 9.9955E-05 0.978903 9.9955E-05 0.0205972
9.9973E-05 9.9973E-05 0.000424671 0.0484434 0.828584 9.9973E-05 0.122248
9.995E-05 9.995E-05 9.995E-05 9.995E-05 0.9994 9.995E-05 9.995E-05
9.9973E-05 9.9973E-05 9.9973E-05 0.0796994 0.629787 0.0478609 0.242353
9.9955E-05 9.9955E-05 9.9955E-05 9.9955E-05 0.923069 0.0764313 9.9955E-05
0.643836 9.9973E-05 0.0381954 0.29821 0.0194588 9.9973E-05 9.9973E-05
0.346226 0.0573863 9.9982E-05 0.138375 0.056343 9.9982E-05 0.40147
0.234627 0.0218151 9.9982E-05 0.247326 0.0782162 9.9982E-05 0.417815
0.583253 9.9982E-05 9.9982E-05 0.158164 0.105739 0.0236486 0.128995
0.149285 0.126099 9.9991E-05 0.145549 0.10117 0.0122609 0.465536
0.449625 9.9982E-05 9.9982E-05 0.20113 0.134043 0.0205666 0.194436
0.0821949 0.0515806 0.0928705 0.182447 0.155038 0.0516951 0.384174
0.321807 9.9982E-05 9.9982E-05 0.141205 0.158734 0.05411 0.323944
0.300644 0.0425602 9.9991E-05 0.0688972 0.214996 0.0028685 0.369934
0.329171 9.9973E-05 9.9973E-05 0.167487 0.163032 9.9973E-05 0.34001
0.138256 0.0924288 0.0547775 0.15458 0.0996861 9.9991E-05 0.460172
0.0142809 0.0161764 0.00389259 0.862979 9.9991E-05 0.0243563 0.0782145
9.9964E-05 9.9964E-05 0.0651622 0.877917 0.0565209 9.9964E-05 9.9964E-05
9.9964E-05 0.026675 9.9964E-05 0.947178 9.9964E-05 0.0257476 9.9964E-05
9.9964E-05 0.0458951 9.9964E-05 0.925102 9.9964E-05 9.9964E-05 0.0286027
0.0377138 0.0333583 9.9982E-05 0.893789 0.0178512 9.9982E-05 0.0170877
9.9964E-05 9.9964E-05 0.0513899 0.872317 0.0758937 9.9964E-05 9.9964E-05
9.9964E-05 9.9964E-05 9.9964E-05 0.874707 0.0901802 9.9964E-05 0.0347125
0.0427971 9.9964E-05 0.0777654 0.879038 9.9964E-05 9.9964E-05 9.9964E-05
9.9973E-05 9.9973E-05 0.0499189 0.90197 0.0144109 0.0334003 9.9973E-05
0.0562987 9.9982E-05 0.000407624 0.828859 0.0964377 9.9982E-05 0.0177967
9.9973E-05 0.271622 9.9973E-05 0.616755 0.0104542 0.100869 9.9973E-05
9.9973E-05 0.342733 0.01779 0.58817 9.9973E-05 0.0510074 9.9973E-05
0.112628 0.296991 9.9973E-05 0.504081 9.9973E-05 0.0859999 9.9973E-05
9.9973E-05 0.322265 0.00470844 0.483327 9.9973E-05 0.1894 9.9973E-05
9.9982E-05 0.0696965 0.0644479 0.0852792 9.9982E-05 0.278415 0.501961
9.9991E-05 0.092959 0.0235214 0.0326292 0.0556405 0.334895 0.460255
0.156241 0.159824 9.9991E-05 0.0067753 0.0810982 0.144846 0.451116
9.9982E-05 0.272138 0.118765 0.0542087 9.9982E-05 0.201886 0.352802
9.9964E-05 0.64346 9.9964E-05 9.9964E-05 9.9964E-05 0.145561 0.210578
0.00228522 0.0023792 0.0530631 0.0783252 0.0883216 0.17619 0.599436
9.9973E-05 0.138058 0.052502 9.9973E-05 9.9973E-05 0.226094 0.583046
0.146563 0.0941443 9.9982E-05 9.9982E-05 0.00660382 0.209427 0.543062
9.9973E-05 9.9973E-05 0.0409375 9.9973E-05 0.0368771 0.566581 0.355304
0.0788941 0.0220433 0.0585273 0.0519846 0.0553076 0.168274 0.564969
0.0270617 0.103332 0.0320284 9.99854E-05 9.99854E-05 0.367215 0.470163
9.9964E-05 0.122375 0.136902 9.9964E-05 9.9964E-05 0.740323 9.9964E-05
0.134213 0.128372 0.0556244 0.0834858 9.9991E-05 0.0420764 0.556128
0.150562 0.0330384 0.0513245 0.0222635 0.0330045 0.520176 0.189631
0.0760794 0.00591133 0.0615168 9.9982E-05 9.9982E-05 0.281746 0.574547
9.9973E-05 0.170791 9.9973E-05 0.0661215 9.9973E-05 0.686668 0.0761195
0.128565 0.782475 9.9964E-05 0.0885601 9.9964E-05 9.9964E-05 9.9964E-05
0.153348 0.764355 9.9973E-05 0.0473107 9.9973E-05 9.9973E-05 0.0346864
0.0681972 0.833866 0.0659978 0.0251523 9.9982E-05 9.9982E-05 0.00658729
0.0966111 0.800561 9.9973E-05 0.100039 9.9973E-05 0.00248936 9.9973E-05
0.0319733 0.834522 0.0270883 9.9982E-05 0.0607073 9.9982E-05 0.0455092
0.0349735 0.77664 0.0149118 0.0667168 0.0513061 9.9991E-05 0.0553518
9.9973E-05 9.9973E-05 0.0272627 0.847443 0.0689581 9.9973E-05 0.0560365
9.9973E-05 0.117377 9.9973E-05 0.775943 0.0481013 9.9973E-05 0.0582791
9.9964E-05 9.9964E-05 9.9964E-05 0.77969 0.0931207 9.9964E-05 0.12679
9.9973E-05 0.0814204 9.9973E-05 0.742878 0.128321 9.9973E-05 0.0470804
0.0222472 0.00463846 9.9982E-05 0.806398 0.0933414 9.9982E-05 0.0731752
0.0991475 0.503444 9.9973E-05 0.346085 9.9973E-05 0.0510239 9.9973E-05
9.9973E-05 0.40202 0.0656546 0.455151 9.9973E-05 0.0768745 9.9973E-05
9.9964E-05 0.458239 0.124538 0.416823 9.9964E-05 9.9964E-05 9.9964E-05
9.9973E-05 0.0181874 9.9973E-05 0.813127 0.0188239 9.9973E-05 0.149561
0.00192588 0.574945 9.9973E-05 0.352696 9.9973E-05 0.0701326 9.9973E-05
0.145685 9.9982E-05 0.0179895 0.199314 0.385678 9.9982E-05 0.251133
0.03191 0.00425222 9.9982E-05 0.163163 0.201183 9.9982E-05 0.599291
9.9964E-05 9.9964E-05 9.9964E-05 0.209203 0.327308 9.9964E-05 0.46309
0.0405032 0.0418489 0.068813 0.247832 0.280422 0.0807089 0.239872
0.058694 0.0799307 9.9991E-05 0.0890526 0.158606 0.0800172 0.5336
0.300122 9.9964E-05 9.9964E-05 0.401699 0.297779 9.9964E-05 9.9964E-05
9.9973E-05 0.354006 0.11474 9.9973E-05 9.9973E-05 0.0659753 0.464979
0.175145 0.2714 0.114617 9.9982E-05 9.9982E-05 0.0645626 0.374076
0.00267821 0.466064 0.0470451 0.079243 0.0130525 0.0505187 0.341399
0.0747742 0.160467 0.214933 9.9982E-05 9.9982E-05 0.0778164 0.47181
0.293395 0.177169 0.275577 9.9973E-05 9.9973E-05 0.253559 9.9973E-05
0.145852 0.208817 0.0439044 0.0444951 0.0556557 0.0400291 0.461247
0.0197712 0.140313 0.218273 9.9991E-05 0.0452985 0.0632027 0.513041
0.0131502 0.417197 0.0362311 0.0131579 9.9991E-05 0.110446 0.409718
0.0415232 0.199688 0.036962 0.154411 0.034608 0.0494531 0.483354
0.263709 0.226715 0.119955 9.9982E-05 9.9982E-05 0.29077 0.0986505
0.222862 0.0945295 0.12818 9.9991E-05 0.0387951 0.0397589 0.475774
9.9982E-05 0.238246 0.0449163 9.9982E-05 0.0667469 0.134982 0.514909
0.0409793 0.0938956 0.0738492 0.10323 0.231148 0.134852 0.322045
0.0295823 0.276939 0.233795 9.9991E-05 0.0128666 0.115177 0.33154
0.0414566 0.204668 0.15029 0.0300338 0.0356115 0.122144 0.415796
0.0767889 0.128566 0.146184 0.0283296 0.0742433 0.0571536 0.488734
0.0242142 0.112539 0.140687 0.0517207 9.9991E-05 0.161926 0.508813
9.9982E-05 0.128129 0.15025 9.9982E-05 0.0879698 0.0627736 0.570677
0.0273959 9.9991E-05 0.0548159 0.115543 0.054273 0.209606 0.538266
9.9991E-05 0.0652551 0.0199827 0.137113 0.0799682 0.148736 0.548845
9.9964E-05 9.9964E-05 9.9964E-05 0.795379 0.0632149 9.9964E-05 0.141006
0.0171115 9.9982E-05 9.9982E-05 0.830544 0.00027336 0.0108578 0.141013
0.0620986 0.051825 9.9982E-05 0.756897 0.00779763 9.9982E-05 0.121182
9.9991E-05 0.0318431 0.0345968 0.808461 0.0358659 0.0789422 0.0101905
9.9973E-05 0.0133472 9.9973E-05 0.842324 0.013717 9.9973E-05 0.130312
0.0289662 0.577541 9.9982E-05 9.9982E-05 0.0446997 0.166146 0.182447
0.0921883 0.0593875 0.165064 0.0434079 0.0591799 0.121869 0.458904
0.0555191 0.0665437 0.0553797 0.160803 0.159332 0.0144501 0.487973
0.10232 0.1777 9.9973E-05 9.9973E-05 0.0231267 9.9973E-05 0.696554
9.9982E-05 0.293263 0.113697 0.0393414 9.9982E-05 0.0198576 0.533642
0.110539 0.388089 0.100192 0.0217112 0.0623835 9.9991E-05 0.316985
0.124474 0.550058 9.9973E-05 0.134199 9.9973E-05 0.190968 9.9973E-05
9.9991E-05 0.364134 0.0162152 0.000115542 0.0416716 0.0817986 0.495965
9.9991E-05 0.427375 0.193691 0.0508394 0.102657 0.0661316 0.159206
0.0460123 0.203808 0.104935 0.0459328 0.0884473 0.167516 0.343349
9.9982E-05 0.549542 0.161855 0.101025 9.9982E-05 0.0642379 0.12314
0.0181996 0.145301 0.0170486 0.165753 0.00883047 9.9991E-05 0.644768
9.9991E-05 0.486909 0.0697028 0.101042 0.0388296 0.149799 0.153617
0.0382635 0.358998 0.0527898 9.9991E-05 0.119946 0.146907 0.282996
0.173007 0.131966 0.106945 0.00416385 0.0682624 0.106851 0.408805
0.525679 0.125257 0.0635669 9.9982E-05 9.9982E-05 0.00250241 0.282795
0.32623 0.0428445 9.9991E-05 0.0195675 0.000741236 0.0441942 0.566323
0.242468 0.0155234 9.9982E-05 0.114946 9.9982E-05 0.0402383 0.586624
0.498664 0.0837317 0.0671821 9.9982E-05 9.9982E-05 0.00370132 0.346521
0.182507 0.108506 0.0684761 0.077368 0.0373693 0.0340193 0.491755
0.242162 0.034877 0.122857 0.0491727 9.9991E-05 0.00512481 0.545706
0.588486 0.0735037 0.102072 9.9982E-05 9.9982E-05 0.108546 0.127191
0.582769 9.9973E-05 0.0825645 9.9973E-05 9.9973E-05 0.0440133 0.290353
0.377273 0.0696564 0.0304558 9.9973E-05 9.9973E-05 9.9973E-05 0.522314
0.500705 0.123968 0.0181465 9.9982E-05 9.9982E-05 0.204875 0.152105
0.370665 0.103727 9.9973E-05 9.9973E-05 9.9973E-05 0.0648363 0.460472
9.9973E-05 0.62307 9.9973E-05 9.9973E-05 0.0897133 0.215259 0.0716581
0.0183632 0.305244 0.318563 9.9991E-05 0.021127 0.121734 0.214869
9.9991E-05 0.383251 0.0404747 0.0133211 0.107831 0.0958872 0.359135
0.0883858 0.20838 9.9991E-05 0.0441018 0.0708488 0.037382 0.550802
9.9964E-05 0.521761 9.9964E-05 9.9964E-05 9.9964E-05 0.202716 0.275123
0.118061 0.222682 0.0879395 0.0574714 0.101516 9.9991E-05 0.412229
9.9991E-05 0.197718 0.00164331 0.00534659 0.129759 0.139725 0.525708
0.02661 0.31371 9.9982E-05 9.9982E-05 0.0970819 0.131931 0.430467
9.9991E-05 0.192488 0.17513 0.0335136 0.0699439 0.0500935 0.478731
9.9982E-05 0.254719 0.0405944 0.0324114 9.9982E-05 0.160012 0.512063
9.9982E-05 0.467664 0.0074245 9.9982E-05 0.0893673 0.21929 0.216054
9.9982E-05 0.362043 0.081883 9.9982E-05 0.114668 0.126098 0.315108
0.0151303 0.319675 0.100764 9.9982E-05 0.030978 9.9982E-05 0.533252
0.0159933 0.135601 0.0942556 0.0628543 0.0803801 0.0818657 0.52905
0.0487805 0.275444 0.230075 0.0438575 9.9982E-05 9.9982E-05 0.401643
0.00038507 0.196154 0.179105 9.9991E-05 0.0631678 0.0169819 0.544106
0.10715 0.378089 9.9991E-05 0.0932942 0.0158841 0.0445872 0.360895
9.9973E-05 0.130829 0.130001 0.0768875 9.9973E-05 9.9973E-05 0.661983
9.9991E-05 0.304902 0.0283576 0.0508497 0.0209584 0.0604464 0.534386
0.0422007 0.203039 0.0635133 0.06677 0.116933 9.9991E-05 0.507444
0.0790137 9.9982E-05 9.9982E-05 0.353529 0.0957801 0.0349314 0.436546
0.131875 9.9991E-05 0.060432 0.173334 0.161069 0.0420103 0.431181
0.128914 0.100147 9.9991E-05 0.104345 0.223058 0.0307713 0.412665
9.9991E-05 0.00209856 0.15192 0.0421169 0.247433 0.0863261 0.470006
9.9982E-05 9.9982E-05 0.139664 0.205379 0.17793 0.0881806 0.388647
0.125567 0.192967 0.175512 9.9991E-05 0.0113745 0.0546891 0.43979
9.9982E-05 0.00018804 9.9982E-05 0.200284 0.208921 0.223607 0.3668
0.492405 9.9973E-05 9.9973E-05 0.193542 0.156928 0.156825 9.9973E-05
0.102198 0.0627214 0.0576704 0.080571 0.173474 0.00573752 0.517627
9.9991E-05 0.0651148 0.0720891 0.0751695 0.192022 0.0431233 0.552381
0.039414 0.114324 0.0820688 0.0707394 0.230296 0.0263323 0.436826
0.171966 0.0339744 0.0995813 0.146532 0.193057 0.0795365 0.275353
0.0951614 9.9982E-05 0.0210689 0.202232 0.156152 9.9982E-05 0.525187
0.113866 0.062308 0.0855223 0.0903544 0.2199 9.9991E-05 0.427949
0.370958 9.9973E-05 9.9973E-05 0.439484 0.173898 0.0153593 9.9973E-05
0.0322148 9.9991E-05 0.0613355 0.191261 0.205026 0.0845274 0.425536
0.153411 9.9991E-05 0.0433927 0.156624 0.164256 0.0376046 0.444612
0.196796 9.9991E-05 0.0464269 0.0459058 0.134112 0.0696441 0.507015
0.0866191 0.0159297 9.9982E-05 0.218815 0.154146 9.9982E-05 0.52429
0.0401975 0.178194 9.9982E-05 0.152041 0.171149 9.9982E-05 0.458219
9.9991E-05 0.0490414 0.365649 0.0205215 0.0705528 0.131096 0.363039
0.0150583 0.158608 0.22977 0.0476152 0.105652 0.0248119 0.418485
0.00219828 0.0826586 0.764844 9.9973E-05 9.9973E-05 0.149999 9.9973E-05
0.0198256 0.0500397 0.848852 9.9973E-05 9.9973E-05 0.0809823 9.9973E-05
9.9982E-05 0.112596 0.353914 9.9982E-05 0.169132 0.00433506 0.359824
0.199916 9.9982E-05 0.0278849 0.0621994 0.314162 9.9982E-05 0.395638
0.0215465 9.9982E-05 0.279629 0.10012 0.344218 9.9982E-05 0.254287
0.108094 0.0102009 0.259189 0.235269 0.276102 9.9991E-05 0.111045
0.0681926 9.9982E-05 0.169238 0.143588 0.251374 9.9982E-05 0.367407
0.120689 9.9973E-05 0.709659 0.0727677 0.096585 9.9973E-05 9.9973E-05
0.00453803 9.9982E-05 0.769293 0.0797987 0.0856027 9.9982E-05 0.0605677
9.9991E-05 0.000329251 0.362763 0.0122906 0.162222 0.00915749 0.453138
9.9973E-05 9.9973E-05 0.494019 0.0699434 0.0634565 9.9973E-05 0.372281
9.9973E-05 9.9973E-05 0.743125 0.0540169 0.157685 9.9973E-05 0.0448736
9.9991E-05 0.035205 0.228663 0.0800483 0.10323 0.0364421 0.516312
9.9973E-05 0.124125 0.327104 9.9973E-05 0.146295 9.9973E-05 0.402177
9.9982E-05 0.0817669 0.236576 0.0729534 0.144723 9.9982E-05 0.463781
0.0397878 9.9973E-05 0.650624 9.9973E-05 9.9973E-05 0.0405717 0.268716
9.9982E-05 0.0730137 0.499691 9.9982E-05 0.0403956 0.0995043 0.287195
0.0160013 0.0629918 0.315325 0.0773613 0.0289063 0.0710683 0.428346
0.0296201 0.0528357 0.536112 0.0653739 9.9982E-05 9.9982E-05 0.315859
0.242713 0.0551451 0.0270333 0.095401 0.200315 9.9991E-05 0.379293
0.0859696 0.00991339 0.425688 9.9973E-05 9.9973E-05 9.9973E-05 0.478129
9.9964E-05 0.075376 0.764353 9.9964E-05 9.9964E-05 9.9964E-05 0.159871
9.99695E-05 9.99695E-05 0.353714 0.0786242 9.99695E-05 9.99695E-05 0.567262
9.9982E-05 0.0356058 0.735064 9.9982E-05 0.0276733 0.0594448 0.142013
0.0527428 0.000439984 0.570186 9.9991E-05 0.00458543 0.0133263 0.358619
9.9991E-05 0.00184448 0.287069 0.0481404 0.0461104 0.0691889 0.547547
9.9991E-05 0.0214196 0.386524 0.0136402 0.0437686 0.0507682 0.483779
0.106865 9.9982E-05 0.064197 0.182707 0.0955094 9.9982E-05 0.550522
0.0843322 0.00980024 0.203455 0.182966 0.0642644 0.113018 0.342164
0.211666 9.9982E-05 0.0386796 0.151008 0.21373 9.9982E-05 0.384717
0.143568 0.109485 0.0229312 0.166908 0.198635 9.9991E-05 0.358373
0.142705 0.0159852 0.0113267 0.201197 0.148885 0.0693661 0.410535
0.0486223 9.9982E-05 0.204889 0.139271 0.181663 9.9982E-05 0.425354
0.102775 9.9973E-05 0.585413 0.206994 0.104518 9.9973E-05 9.9973E-05
9.9973E-05 9.9973E-05 0.171165 0.115141 0.19603 9.9973E-05 0.517364
0.148009 9.9973E-05 0.411994 0.359584 0.0801136 9.9973E-05 9.9973E-05
9.9973E-05 9.9973E-05 0.325252 0.0265985 0.191601 9.9973E-05 0.456248
0.0719201 9.9973E-05 0.763505 9.9973E-05 9.9973E-05 0.135119 0.0291558
9.9964E-05 0.00771154 0.864771 9.9964E-05 9.9964E-05 0.127118 9.9964E-05
9.9964E-05 9.9964E-05 0.472178 9.9964E-05 9.9964E-05 0.101081 0.426341
9.9982E-05 9.9982E-05 0.391993 0.0109714 0.00449179 0.0458183 0.546526
0.0362378 0.0169886 0.560579 9.9982E-05 9.9982E-05 0.0331206 0.352874
9.9973E-05 9.9973E-05 0.495279 0.00278976 9.9973E-05 0.00986994 0.491761
9.9964E-05 9.9964E-05 0.479379 9.9964E-05 0.0451075 9.9964E-05 0.475113
9.9982E-05 9.9982E-05 0.0185305 0.82114 0.0152939 0.0403523 0.104484
9.9991E-05 0.11902 0.0299735 0.732552 0.0954641 0.0172779 0.00561256
9.9964E-05 0.058842 9.9964E-05 0.85924 0.0815187 9.9964E-05 9.9964E-05
0.0237086 9.9973E-05 0.0267956 0.944681 9.9973E-05 9.9973E-05 0.00451531
9.9991E-05 0.0098809 0.0544985 0.0490907 0.00920799 0.360315 0.516907
9.9991E-05 0.0179128 0.00144187 0.0577503 0.0421187 0.381222 0.499455
9.9973E-05 0.0441287 9.9973E-05 0.0176096 9.9973E-05 0.441592 0.49637
9.9973E-05 0.00871941 9.9973E-05 0.137617 9.9973E-05 0.273196 0.580168
0.100587 0.132615 9.9991E-05 0.0427119 0.0538395 0.197785 0.472362
0.0199282 0.108064 9.9991E-05 0.0368268 0.00221823 0.59143 0.241433
9.9973E-05 9.9973E-05 0.0623821 0.0130506 9.9973E-05 0.28726 0.637008
0.167436 9.9982E-05 0.0280599 0.0364563 9.9982E-05 0.392161 0.375688
0.00929776 0.0750491 0.0345007 0.229788 0.130431 9.9991E-05 0.520833
0.0829294 0.0564678 0.0303005 9.9991E-05 0.0377746 0.358525 0.433903
0.0614063 0.0565876 0.0191257 9.9982E-05 9.9982E-05 0.49747 0.36521
9.9973E-05 0.0181173 0.106614 9.9973E-05 9.9973E-05 0.292591 0.582378
9.9982E-05 0.0483631 0.130287 9.9982E-05 0.0166978 0.421346 0.383106
9.9964E-05 9.9964E-05 0.102498 9.9964E-05 9.9964E-05 0.298236 0.598866
9.9982E-05 9.9982E-05 0.0418852 0.104888 0.0402731 0.322856 0.489898
9.9964E-05 9.9964E-05 0.052127 9.9964E-05 9.9964E-05 0.880105 0.0673681
0.0112834 0.0225974 0.081506 0.0258628 0.00862275 0.597116 0.253011
9.9982E-05 0.0409449 9.9982E-05 0.0242443 0.011498 0.576481 0.346632
0.124013 9.9955E-05 9.9955E-05 9.9955E-05 9.9955E-05 0.875488 9.9955E-05
9.9973E-05 0.0505237 9.9973E-05 0.0555719 9.9973E-05 0.430734 0.462871
0.229172 0.00973004 9.9973E-05 9.9973E-05 9.9973E-05 0.651362 0.109436
0.164968 9.9964E-05 0.0892737 9.9964E-05 9.9964E-05 0.745359 9.9964E-05
9.9982E-05 9.9982E-05 0.105407 0.0421107 0.0464957 0.266663 0.539123
9.9973E-05 0.0788618 9.9973E-05 0.0405574 9.9973E-05 0.633839 0.246441
0.0521764 0.0689102 9.9982E-05 9.9982E-05 0.0962753 0.419923 0.362515
0.0099684 0.0280654 0.00193733 0.0822201 0.0995025 0.249604 0.528702
9.9964E-05 0.119401 9.9964E-05 9.9964E-05 9.9964E-05 0.307515 0.572684
0.100195 0.291178 0.163303 9.9991E-05 0.0621334 0.09771 0.28538
9.9982E-05 0.0171321 0.0343736 9.9982E-05 0.00810987 0.384347 0.555838
0.0276653 0.0776306 0.00340637 0.0165631 0.0308528 0.362296 0.481586
0.0433231 9.9964E-05 9.9964E-05 9.9964E-05 9.9964E-05 0.649096 0.307181
0.0833496 0.0191174 0.154897 0.0711406 0.0403533 0.144104 0.487039
0.102942 0.292115 9.9973E-05 0.6033 9.9973E-05 9.9973E-05 0.00134279
0.0303242 0.105691 0.00969084 0.726067 0.0248529 0.103274 9.9991E-05
0.0534746 0.144552 9.9964E-05 0.801573 9.9964E-05 9.9964E-05 9.9964E-05
0.0339083 0.148212 0.023001 0.794579 9.9973E-05 9.9973E-05 9.9973E-05
0.026261 0.211166 9.9964E-05 0.762174 9.9964E-05 9.9964E-05 9.9964E-05
9.9973E-05 0.146331 9.9973E-05 0.0461538 9.9973E-05 0.674244 0.132971
9.9973E-05 0.0869635 9.9973E-05 0.0971559 9.9973E-05 0.675346 0.140235
0.00258603 9.9982E-05 0.0447627 9.9982E-05 0.0388 0.802299 0.111352
0.0447304 0.0606067 9.9991E-05 0.104027 0.082329 0.182787 0.525419
0.0232154 0.0200817 0.017775 0.148498 0.0145796 0.153684 0.622166
0.0391708 9.9973E-05 9.9973E-05 0.00628763 9.9973E-05 0.64192 0.312322
0.00702476 9.9991E-05 0.0996126 0.0323144 0.0186632 0.278121 0.564164
0.118768 9.9982E-05 9.9982E-05 0.0053828 0.0559412 0.414902 0.404806
0.0551777 9.9982E-05 0.0651728 0.0726867 9.9982E-05 0.301842 0.50492
0.0480217 0.0599813 9.9991E-05 0.0583855 0.090247 0.229631 0.513634
9.9973E-05 0.115968 0.022036 9.9973E-05 9.9973E-05 0.602106 0.259591
9.9964E-05 0.0299308 9.9964E-05 9.9964E-05 9.9964E-05 0.610254 0.359415
9.9964E-05 0.0562949 9.9964E-05 9.9964E-05 9.9964E-05 0.553859 0.389446
0.208287 0.0573491 9.9982E-05 0.0786407 9.9982E-05 0.0177898 0.637733
9.9973E-05 9.9973E-05 0.0580169 0.0328099 9.9973E-05 0.466829 0.442044
0.0178489 0.00188716 0.00208019 0.0544565 0.0307837 0.395711 0.497233
0.0595717 0.0534643 0.00435353 0.0873541 0.375779 0.0188742 0.400603
0.076138 0.00185024 0.0370751 0.0938947 0.484662 9.9991E-05 0.30628
0.0762473 9.9982E-05 9.9982E-05 0.100854 0.419018 0.0231845 0.380496
0.175124 9.9973E-05 9.9973E-05 0.0910781 0.483548 9.9973E-05 0.24995
9.9982E-05 9.9982E-05 0.0154144 0.0915423 0.34129 0.0223455 0.529208
0.227566 9.9964E-05 9.9964E-05 9.9964E-05 9.9964E-05 0.284874 0.48716
0.0542206 0.0156253 9.9991E-05 0.262457 0.613138 0.0170239 0.0374353
9.9982E-05 0.065874 0.0625451 0.0773659 0.539233 9.9982E-05 0.254782
0.250277 9.9991E-05 0.0547065 0.0740794 0.180311 0.00389469 0.436631
0.305623 9.9964E-05 9.9964E-05 0.108746 9.9964E-05 9.9964E-05 0.585232
0.356933 0.0626846 9.9982E-05 0.0788923 0.00742276 9.9982E-05 0.493868
0.213791 0.104049 9.9982E-05 0.0959865 0.0065552 9.9982E-05 0.579418
0.0984413 0.0430715 9.9982E-05 0.126479 9.9982E-05 0.0344258 0.697383
0.0320523 9.9982E-05 0.0330341 0.134095 0.544848 9.9982E-05 0.25577
9.9982E-05 0.0883289 9.9982E-05 0.115803 0.346534 0.0437967 0.405337
0.0159697 9.9973E-05 9.9973E-05 0.098227 0.502297 9.9973E-05 0.383207
9.9991E-05 0.0863228 0.00941432 0.0824663 0.315543 0.158978 0.347175
0.00846533 9.9991E-05 0.0106583 0.125038 0.500695 0.011159 0.343884
0.069117 9.9982E-05 9.9982E-05 0.162308 0.2525 0.0826408 0.433234
9.9982E-05 9.9982E-05 0.0873712 0.126084 0.590169 0.0251348 0.171041
0.109527 0.102161 9.9982E-05 0.0191053 0.451367 9.9982E-05 0.317639
0.399076 9.9982E-05 9.9982E-05 0.0352515 0.0136974 0.0788006 0.472975
0.0451322 0.0999195 0.0159944 0.108099 0.45848 9.9991E-05 0.272275
0.0709238 9.9982E-05 0.032598 0.167875 0.580171 9.9982E-05 0.148232
9.9991E-05 0.0877105 0.118065 0.101691 0.40987 0.0435254 0.239038
0.349304 0.212216 9.9982E-05 0.0950324 9.9982E-05 0.121973 0.221275
0.278798 0.00889348 9.9982E-05 9.9982E-05 0.107604 0.0920545 0.51245
0.0217382 0.104985 9.9982E-05 0.177976 0.335183 9.9982E-05 0.359918
0.192657 0.14848 0.00397859 0.0467316 0.135077 9.9991E-05 0.472975
0.162424 0.0734796 9.9982E-05 0.165676 9.9982E-05 0.109283 0.488937
0.0777923 0.0857635 9.9991E-05 0.213544 0.206539 0.055939 0.360322
0.0208525 0.0254162 0.153658 0.243389 0.252368 9.9991E-05 0.304216
0.149775 0.0689366 9.9991E-05 0.0810931 0.126772 0.0494791 0.523845
0.0843478 9.9973E-05 9.9973E-05 0.147048 0.400535 9.9973E-05 0.36777
9.9973E-05 9.9973E-05 0.0295214 0.133212 0.485815 9.9973E-05 0.351151
0.0690529 9.9973E-05 9.9973E-05 0.207889 0.570628 9.9973E-05 0.15213
0.0637306 0.190786 9.9991E-05 0.0854378 0.144508 0.00127144 0.514167
0.321166 0.0952906 9.9982E-05 0.0999087 9.9982E-05 0.0302731 0.453162
0.67382 0.0237279 0.0148558 0.0533004 0.0646767 0.0258227 0.143796
0.204231 0.0112756 9.9991E-05 0.0906655 0.0572482 0.0902654 0.546214
0.222199 0.2509 9.9991E-05 0.0176497 0.0472583 0.0374196 0.424473
0.080813 9.9991E-05 0.029794 0.182282 0.163697 0.0714398 0.471875
0.129964 0.183068 0.0482263 0.0670696 0.140819 9.9991E-05 0.430753
0.55746 9.9964E-05 9.9964E-05 0.231832 0.210308 9.9964E-05 9.9964E-05
0.66256 9.9964E-05 9.9964E-05 0.245429 0.0916112 9.9964E-05 9.9964E-05
0.253382 0.0376913 0.079439 0.139342 0.104518 0.113127 0.272501
0.51595 9.9973E-05 9.9973E-05 0.248878 0.228782 9.9973E-05 0.0060897
0.427426 9.9964E-05 9.9964E-05 0.348269 0.223905 9.9964E-05 9.9964E-05
0.286711 9.9991E-05 0.153808 0.0963053 0.158622 0.00719721 0.297256
0.193286 9.9991E-05 0.0604194 0.178313 0.171841 0.0171938 0.378846
0.344802 9.9982E-05 9.9982E-05 0.260119 0.171946 0.0330381 0.189895
0.510401 9.9973E-05 9.9973E-05 0.239399 0.129538 9.9973E-05 0.120362
0.21113 0.0229241 0.0545277 0.145336 0.0590046 0.0122693 0.494809
0.436172 9.9991E-05 0.0697439 0.162482 0.153307 0.0828105 0.095384
0.580273 9.9964E-05 9.9964E-05 0.366336 0.0529907 9.9964E-05 9.9964E-05
0.0107929 0.0710373 0.0532824 0.203626 0.119768 0.0360452 0.505449
0.250145 0.040934 0.031348 0.144858 0.202704 9.9991E-05 0.32991
0.0991629 0.0367103 9.9991E-05 0.262431 0.203979 0.00179563 0.395821
0.0322794 9.9973E-05 9.9973E-05 0.148718 0.242253 9.9973E-05 0.576449
0.114922 9.9991E-05 0.0320799 0.107797 0.230774 0.026513 0.487813
0.0315164 0.00534755 0.0385601 0.170143 0.218971 0.0720878 0.463374
0.046508 9.9973E-05 9.9973E-05 0.430757 0.176426 9.9973E-05 0.34601
0.0720409 0.00156721 0.0377275 0.194569 0.158419 0.0378191 0.497857
0.0244832 0.0279426 9.9991E-05 0.245621 0.257666 0.010887 0.433301
0.073489 0.0298054 0.0975852 0.251749 0.212038 9.9991E-05 0.335234
9.9991E-05 0.108443 0.0184969 0.159705 0.164582 0.328639 0.220034
0.0610398 0.0280353 9.9991E-05 0.196251 0.122615 0.0420113 0.549948
0.122337 0.0137942 0.0187814 0.198252 0.187781 0.0462434 0.412811
9.9982E-05 9.9982E-05 0.109136 0.17029 0.0439281 0.0400192 0.636427
0.0369071 9.9973E-05 9.9973E-05 0.329322 0.230593 9.9973E-05 0.402878
0.112687 9.9982E-05 0.0131493 0.202653 0.0429616 9.9982E-05 0.628348
0.167361 9.9991E-05 0.0605796 0.326826 0.249988 0.0542961 0.140849
0.00227827 0.0884737 0.051835 0.165941 0.176724 9.9991E-05 0.514649
0.185003 9.9991E-05 0.0405666 0.203979 0.299813 0.0485763 0.221963
0.0495101 0.0968114 9.9982E-05 0.787737 9.9982E-05 0.0578994 0.0078417
0.0629841 0.719515 9.9973E-05 0.0304116 9.9973E-05 9.9973E-05 0.186789
9.9964E-05 0.94463 0.0399431 0.0150267 9.9964E-05 9.9964E-05 9.9964E-05
9.9964E-05 0.952598 9.9964E-05 0.0300746 9.9964E-05 9.9964E-05 0.0169274
0.0118502 0.882621 0.0703131 9.9973E-05 9.9973E-05 9.9973E-05 0.0349156
9.9973E-05 0.946645 9.9973E-05 0.00711808 0.0332897 9.9973E-05 0.0126476
9.9964E-05 0.845496 0.00715326 9.9964E-05 9.9964E-05 9.9964E-05 0.146951
9.9955E-05 0.993062 9.9955E-05 0.00643861 9.9955E-05 9.9955E-05 9.9955E-05
9.9964E-05 0.802159 9.9964E-05 0.187592 9.9964E-05 9.9964E-05 0.00984922
9.9964E-05 0.0353965 9.9964E-05 0.885786 9.9964E-05 9.9964E-05 0.0784174
9.9964E-05 0.114349 9.9964E-05 0.790894 9.9964E-05 9.9964E-05 0.0943572
9.9982E-05 0.0315667 9.9982E-05 0.888158 0.0507169 0.00718758 0.022171
0.0174797 0.0947504 0.0558782 0.824759 9.9982E-05 9.9982E-05 0.00693321
9.9973E-05 9.9973E-05 9.9973E-05 0.903481 0.0594526 0.0304706 0.00629562
9.9964E-05 0.0571514 0.0648189 0.87763 9.9964E-05 9.9964E-05 9.9964E-05
0.0170446 0.090109 0.0142785 0.715413 0.150998 9.9991E-05 0.0120568
9.9973E-05 9.9973E-05 0.064841 0.850718 0.0828745 0.00126647 9.9973E-05
9.9973E-05 0.138937 0.0631896 0.703633 9.9973E-05 9.9973E-05 0.0939404
9.9973E-05 9.9973E-05 9.9973E-05 0.901592 0.0906564 0.00626555 0.00118624
9.9964E-05 0.0120825 0.0287328 0.958785 9.9964E-05 9.9964E-05 9.9964E-05
0.0111672 0.0280703 0.000263952 0.864833 0.0296098 0.0113727 0.0546834
0.0135652 0.0501877 9.9982E-05 0.914717 0.0175369 9.9982E-05 0.00379308
0.0296197 9.9973E-05 9.9973E-05 0.888787 0.0242473 9.9973E-05 0.0570465
9.9973E-05 9.9973E-05 9.9973E-05 0.834013 0.0598998 0.0431548 0.0626324
9.9964E-05 9.9964E-05 9.9964E-05 0.865351 0.0631265 9.9964E-05 0.0711227
9.9964E-05 9.9964E-05 9.9964E-05 0.760722 0.130522 9.9964E-05 0.108356
9.9964E-05 9.9964E-05 9.9964E-05 0.774411 0.0977772 9.9964E-05 0.127412
9.9973E-05 9.9973E-05 9.9973E-05 0.770737 0.114703 0.00544855 0.108811
0.348967 0.038323 9.9982E-05 0.13906 9.9982E-05 0.0255427 0.447907
0.180226 9.9973E-05 9.9973E-05 0.0909585 9.9973E-05 0.0414715 0.687044
0.0969623 9.9991E-05 0.000664566 0.173867 0.0678576 0.0904545 0.570094
0.728007 9.9973E-05 0.00987304 9.9973E-05 9.9973E-05 0.188586 0.0732334
0.241679 0.107951 9.9973E-05 0.0649889 9.9973E-05 9.9973E-05 0.585081
0.814361 9.9964E-05 9.9964E-05 0.0805089 9.9964E-05 9.9964E-05 0.10473
0.235494 9.9982E-05 0.0294507 0.0665961 0.0199418 9.9982E-05 0.648317
0.280927 0.1034 9.9982E-05 0.053984 9.9982E-05 0.124724 0.436765
0.365458 0.0975122 9.9973E-05 0.0241012 9.9973E-05 9.9973E-05 0.512629
0.0457891 9.9982E-05 0.0798674 0.0658796 9.9982E-05 0.328525 0.479738
0.255436 0.169947 9.9973E-05 0.0801389 9.9973E-05 9.9973E-05 0.494178
0.175776 0.0712569 0.0968029 0.0160847 0.0382046 9.9991E-05 0.601775
0.255469 0.102815 9.9973E-05 0.0430696 9.9973E-05 9.9973E-05 0.598346
0.0760861 0.480533 0.13662 9.9982E-05 0.0590452 0.247515 9.9982E-05
0.822394 0.0596599 0.0750607 9.9973E-05 9.9973E-05 0.0425854 9.9973E-05
0.8246 0.00447723 9.9964E-05 9.9964E-05 9.9964E-05 9.9964E-05 0.170523
0.154374 0.162277 9.9982E-05 0.0428549 0.106191 9.9982E-05 0.534104
0.265316 0.0584394 0.0204054 0.0870984 0.0292205 9.9991E-05 0.539421
0.353766 9.9973E-05 9.9973E-05 0.0911929 9.9973E-05 0.0667069 0.488034
