0.0483598 9.9964E-05 9.9964E-05 0.0528143 0.898426 9.9964E-05 9.9964E-05
0.0361662 9.9973E-05 0.017729 9.9973E-05 0.939274 9.9973E-05 0.00653067
0.0174036 0.121294 0.00571835 0.0336258 0.821758 9.9982E-05 9.9982E-05
0.0793428 0.056217 9.9973E-05 0.0598056 0.804335 9.9973E-05 9.9973E-05
0.00073988 0.0446566 9.9982E-05 0.0564023 0.85441 9.9982E-05 0.0435913
0.102847 0.0385513 0.0764805 0.0656696 0.600786 9.9991E-05 0.115566
9.9955E-05 9.9955E-05 9.9955E-05 9.9955E-05 0.837968 9.9955E-05 0.161532
0.106522 9.9973E-05 9.9973E-05 0.0132154 0.727016 9.9973E-05 0.152946
0.0710591 9.99729E-05 0.0294247 9.99729E-05 0.826519 9.99729E-05 0.0726974
0.0484384 0.0925656 9.9991E-05 0.0282434 0.682774 0.0333617 0.114517
0.167704 0.00471382 0.0211813 9.9982E-05 0.730421 9.9982E-05 0.0757801
0.433716 0.215156 0.252415 0.0941486 9.9982E-05 9.9982E-05 0.0043643
0.28363 0.473017 9.9982E-05 0.0736675 0.0484392 0.121046 9.9982E-05
0.361536 0.250766 0.168757 0.0440385 0.0479625 0.126839 9.9991E-05
0.335035 0.309105 0.111374 0.129031 0.0516922 0.063663 9.9991E-05
0.14678 0.345412 0.133762 0.139619 0.126817 0.0851084 0.0225014
0.0446116 0.596563 0.12311 0.091912 0.0921673 0.0515359 9.9991E-05
0.185198 0.375592 0.204125 0.132554 0.0202139 0.0171949 0.0651224
0.312403 0.307114 0.152472 0.113989 0.0861861 0.0277359 9.9991E-05
0.577589 9.9982E-05 0.179236 0.0791142 0.0515936 9.9982E-05 0.112268
0.248733 0.372718 0.081795 0.112066 0.0458607 0.122534 0.0162932
0.223408 0.504692 0.00961692 0.0143885 9.9991E-05 0.169533 0.0782617
0.143771 0.498521 0.249351 0.0683355 0.00241576 0.0266684 0.0109373
0.391946 0.242934 0.161151 0.145241 0.0169361 0.0416911 9.9991E-05
0.103928 0.645123 0.0489881 0.0752957 9.9991E-05 0.0505844 0.0759806
0.284359 0.532727 9.9991E-05 0.075315 0.035848 0.0052007 0.0664496
0.433176 0.123275 0.225773 0.142284 0.00959 9.9991E-05 0.0658019
0.432845 0.202117 0.0410883 0.17743 9.9991E-05 0.0787957 0.0676236
0.351014 0.201922 0.167716 9.9991E-05 0.0281572 0.20573 0.0453607
9.9964E-05 0.112291 9.9964E-05 0.0116653 0.875644 9.9964E-05 9.9964E-05
9.9955E-05 0.158818 9.9955E-05 9.9955E-05 0.840682 9.9955E-05 9.9955E-05
0.021386 0.130315 0.00107346 0.043519 0.803506 9.9982E-05 9.9982E-05
9.9973E-05 0.157946 9.9973E-05 0.0755045 0.715279 9.9973E-05 0.0509706
0.153456 0.548111 0.197458 0.00126157 0.00275719 0.0731726 0.0237837
0.0608304 0.57057 0.215949 0.0456521 0.106799 9.9982E-05 9.9982E-05
9.9964E-05 0.554937 0.392901 9.9964E-05 0.0517618 9.9964E-05 9.9964E-05
0.627764 0.0953183 0.109584 0.0733258 0.0474175 0.0464901 9.9991E-05
9.9982E-05 0.308879 0.529596 9.9982E-05 0.0303382 0.116559 0.0144286
0.188768 0.444681 0.245737 0.0275989 0.0238843 0.0692305 9.9991E-05
9.9982E-05 0.621382 0.236225 0.0577126 0.0115107 9.9982E-05 0.07297
0.0528882 0.57237 0.0477048 9.9982E-05 0.108565 9.9982E-05 0.218272
0.0954893 0.639428 0.0716451 9.9982E-05 0.132992 9.9982E-05 0.0602454
0.116441 0.103204 0.706249 9.9982E-05 0.0417897 9.9982E-05 0.0321159
9.999E-05 0.58018 0.0757374 0.0523823 0.0270607 0.00663294 0.257907
9.999E-05 0.461097 0.181872 0.162929 0.0577518 0.0727025 0.0635472
0.0777063 0.496127 0.108784 0.0759884 0.120221 0.0332967 0.0878762
9.9964E-05 0.312852 0.651671 9.9964E-05 9.9964E-05 0.035077 9.9964E-05
9.999E-05 0.583184 0.195707 0.0349732 0.0362687 0.102389 0.047378
9.9991E-05 0.596492 0.134175 0.0819622 0.00869609 0.0563255 0.122249
9.9973E-05 9.9973E-05 0.660793 9.9973E-05 0.0839676 0.00983272 0.245107
0.423471 0.188533 0.294742 9.9982E-05 9.9982E-05 0.0539012 0.0391528
0.175945 0.089075 0.294318 0.00703102 9.9991E-05 0.169654 0.263877
0.167965 0.51224 0.155435 0.0946976 0.0276178 0.00271015 0.0393339
0.0706198 0.612062 0.0139492 0.00730211 0.156147 0.128716 0.0112043
0.114289 0.511717 0.108294 0.131699 0.0472404 0.00352473 0.0832359
0.350446 0.143849 0.288817 9.9991E-05 0.107588 0.0235676 0.0856321
0.225831 0.578723 0.0554116 0.00216146 0.0211224 0.0899498 0.0268002
0.161646 0.473202 0.0618211 0.138121 0.0271503 0.0124722 0.125587
0.231906 0.382205 0.0914289 0.0173908 0.0937001 0.072227 0.111143
0.264901 0.0309868 0.211108 0.0788981 0.17642 0.0649501 0.172736
0.115726 0.575749 0.101268 0.0450293 0.0405185 0.045128 0.0765813
0.28096 0.387181 0.134886 0.0591292 0.0485565 0.0525117 0.0367756
0.490968 0.0232092 0.31556 9.9982E-05 0.0289029 9.9982E-05 0.14116
0.216995 0.484778 0.155464 0.013126 0.0157798 0.0463492 0.0675078
0.0695924 0.587482 0.134902 0.0302824 0.00786081 0.102229 0.067652
0.195562 0.507058 0.032214 0.0881927 0.00689232 0.14179 0.0282904
0.247437 0.226371 0.337029 0.114076 0.0259286 9.9991E-05 0.0490588
0.16063 0.460946 0.0730111 0.0554261 9.9982E-05 9.9982E-05 0.249787
0.162414 0.663738 0.00089112 0.0148539 0.0613628 0.0899146 0.00682621
0.367761 0.215077 0.184937 9.9991E-05 0.0141979 0.087214 0.130713
0.0685762 0.55669 0.327298 9.9982E-05 9.9982E-05 0.0102748 0.0369614
0.0402048 0.238679 0.720717 9.9964E-05 9.9964E-05 9.9964E-05 9.9964E-05
0.0347745 0.505889 0.231599 0.00693635 0.147639 0.0237866 0.0493753
0.195037 0.447738 0.0460332 0.0748213 0.0526108 0.0779525 0.105808
9.9955E-05 9.9955E-05 0.865021 9.9955E-05 9.9955E-05 9.9955E-05 0.134479
9.9964E-05 9.9964E-05 0.867262 9.9964E-05 9.9964E-05 0.0346494 0.0976887
9.9973E-05 0.291875 0.684091 0.00122494 9.9973E-05 0.022509 9.9973E-05
9.9973E-05 0.44122 0.510148 0.0415967 9.9973E-05 9.9973E-05 0.00673602
0.0499258 0.467009 0.19319 0.0659066 0.158979 0.0648892 9.9991E-05
0.0255484 0.464577 0.423322 0.021304 0.0248378 9.9991E-05 0.0403111
0.167659 0.115682 0.621505 0.05458 0.0403742 9.9982E-05 9.9982E-05
0.216157 0.218029 0.53475 9.9973E-05 0.0307641 9.9973E-05 9.9973E-05
0.0183361 0.440565 0.195345 0.0887291 0.113983 0.142941 9.9991E-05
0.0456039 0.238134 0.54511 0.0724851 0.0384538 0.0601133 9.9991E-05
9.9964E-05 0.358598 0.525592 9.9964E-05 0.11541 9.9964E-05 9.9964E-05
9.9964E-05 0.409885 0.45498 9.9964E-05 9.9964E-05 0.134735 9.9964E-05
0.00304358 9.9973E-05 0.697388 9.9973E-05 9.9973E-05 0.173535 0.125733
0.0389987 0.635494 0.226663 9.9991E-05 0.0892682 0.00896917 0.000507313
0.0252803 0.142179 9.9973E-05 0.00352137 0.828719 9.9973E-05 9.9973E-05
9.9955E-05 0.101371 9.9955E-05 9.9955E-05 0.898129 9.9955E-05 9.9955E-05
9.9964E-05 0.0936941 9.9964E-05 0.0126435 0.893263 9.9964E-05 9.9964E-05
9.9964E-05 0.0801473 9.9964E-05 9.9964E-05 0.918735 9.9964E-05 0.0007179
9.9964E-05 0.0998023 9.9964E-05 9.9964E-05 0.879556 0.0202419 9.9964E-05
9.9973E-05 0.0238122 9.9973E-05 9.9973E-05 0.928927 0.0204665 0.0264947
0.0228544 0.0505269 9.9973E-05 0.0173754 0.908943 9.9973E-05 9.9973E-05
0.00490216 0.580324 0.144484 9.9982E-05 0.206634 0.0634556 9.9982E-05
0.00381489 0.544232 0.225967 0.0805157 0.0588149 0.0105449 0.0761105
0.061683 0.0387717 0.782799 9.9982E-05 0.0354631 0.0810834 9.9982E-05
9.9982E-05 0.593006 0.202215 0.0260163 0.108232 0.0703316 9.9982E-05
0.0638393 0.421304 0.50262 9.9973E-05 0.0119368 9.9973E-05 9.9973E-05
9.9982E-05 0.590867 0.20836 0.00632525 0.104365 0.0898829 9.9982E-05
9.9973E-05 0.584376 0.232101 9.9973E-05 0.0925956 0.0906278 9.9973E-05
9.9982E-05 0.429283 0.442909 0.0894639 0.00563886 0.0325057 9.9982E-05
0.195311 9.9964E-05 0.74428 9.9964E-05 0.0600095 9.9964E-05 9.9964E-05
0.0696984 0.527313 0.128863 0.10376 0.0775098 9.9991E-05 0.0927558
9.9973E-05 0.671794 0.103078 9.9973E-05 0.0473109 0.177517 9.9973E-05
0.0702071 0.551735 0.117778 0.156709 0.00115859 0.0686107 0.0338023
9.9964E-05 0.277409 0.640364 9.9964E-05 9.9964E-05 9.9964E-05 0.0818271
0.0209623 0.522262 0.329111 0.000123023 0.00356433 0.123878 9.9991E-05
0.0547612 0.43868 0.460089 9.9973E-05 0.0461703 9.9973E-05 9.9973E-05
9.9964E-05 0.265108 0.635232 0.0992602 9.9964E-05 9.9964E-05 9.9964E-05
0.0447853 0.419494 0.424446 9.9982E-05 0.107954 0.00312098 9.9982E-05
0.10482 0.514093 0.210942 0.0398968 0.130049 9.9982E-05 9.9982E-05
0.368576 0.190817 0.107819 0.0344884 0.0325502 0.194906 0.0708444
0.0980458 0.459473 0.0323252 0.117385 0.153613 0.130956 0.00820278
0.322469 0.481891 9.9973E-05 9.9973E-05 0.123176 9.9973E-05 0.0721646
0.158844 0.482348 0.0070991 0.0848516 0.0758487 0.136579 0.0544295
0.176508 0.589634 0.0521791 0.0326553 0.0363984 0.112525 9.9991E-05
0.390443 0.587089 9.9973E-05 9.9973E-05 0.0112412 0.0109272 9.9973E-05
0.226993 0.593604 9.9982E-05 0.026709 9.9982E-05 0.125977 0.0265162
0.371504 0.527106 9.9973E-05 0.0211273 9.9973E-05 0.0799627 9.9973E-05
0.176096 0.542838 0.0429995 9.9982E-05 0.0890221 0.148844 9.9982E-05
0.183733 0.641088 0.00517058 0.0271793 0.0651479 9.9991E-05 0.0775812
0.158809 0.637738 0.0285133 9.9991E-05 0.0415778 0.0355776 0.097685
0.392388 0.554678 0.0326046 9.9973E-05 9.9973E-05 0.0200291 9.9973E-05
0.127386 0.532773 0.120893 0.114142 0.0392022 9.9991E-05 0.0655051
0.00661021 0.600298 0.0738026 9.9991E-05 0.11571 0.175265 0.0282144
0.22964 0.477823 0.076175 0.109733 9.9982E-05 0.106429 9.9982E-05
0.19574 0.473643 9.9982E-05 0.156323 9.9982E-05 0.000648514 0.173445
0.225263 0.45105 0.0821655 0.118541 0.0257283 0.0903113 0.00694101
0.267573 0.382578 9.9991E-05 0.0174317 0.0751093 0.136346 0.120862
0.0765188 0.623339 0.0383539 0.0730051 0.0144455 0.0962252 0.0781128
0.154036 0.696989 9.9964E-05 9.9964E-05 9.9964E-05 0.148575 9.9964E-05
0.395305 0.216758 0.191853 0.0844312 9.9982E-05 0.111452 9.9982E-05
0.286499 0.138861 0.116519 0.0298027 0.0230793 0.273751 0.131488
0.18073 0.502409 0.0624227 0.0418125 0.0759277 0.00401449 0.132683
0.229963 0.0746258 0.237565 0.0131977 9.9991E-05 0.258769 0.185779
0.426625 0.253611 0.150631 9.9982E-05 0.0270891 0.141843 9.9982E-05
0.318793 0.466372 0.161059 9.9973E-05 9.9973E-05 0.0534768 9.9973E-05
0.410527 0.280315 0.272625 9.9973E-05 0.0362323 9.9973E-05 9.9973E-05
0.431394 0.259659 0.185042 0.0683449 9.9982E-05 9.9982E-05 0.0553602
0.0745162 0.600239 0.0818294 0.0736984 0.0350378 0.116165 0.0185141
0.110661 0.530236 9.9991E-05 0.0230727 0.119164 0.0893022 0.127464
0.160996 0.45137 0.0689632 0.0684368 0.119299 0.130835 9.9991E-05
0.305788 0.13173 0.143472 0.0757269 9.9991E-05 0.139533 0.203649
0.0843249 0.503646 0.0493237 9.9982E-05 0.193377 0.169128 9.9982E-05
0.0167329 0.406847 0.100528 0.0754805 0.0482121 0.0141413 0.338058
0.203761 0.00650952 0.13412 9.9991E-05 0.119912 0.0721378 0.463459
9.9973E-05 0.620732 9.9973E-05 9.9973E-05 0.0967398 0.15136 0.130868
0.116605 0.31711 0.225748 0.0516762 0.0873937 0.0614818 0.139985
9.9991E-05 0.436474 0.0416817 0.0964777 0.0342974 0.152923 0.238046
0.0733992 0.249373 0.108169 0.0324429 0.034134 0.0391163 0.463365
0.16218 0.189397 0.104357 9.9991E-05 0.0119874 0.0860497 0.445929
0.15072 0.424679 0.0985728 9.9982E-05 9.9982E-05 0.112612 0.213216
0.114197 0.577512 9.9991E-05 0.04065 0.032604 0.0992515 0.135686
0.132933 0.391541 0.0545694 0.0127907 0.136747 0.0461825 0.225237
0.0312388 0.422117 0.0887593 0.125421 0.154666 0.142086 0.0357127
0.0275809 0.421895 0.154407 0.157086 0.036292 0.0107466 0.191992
0.0292765 9.9991E-05 0.404945 0.174675 0.0164492 0.0630845 0.31147
0.155709 0.587119 0.0864928 0.0423117 9.9982E-05 9.9982E-05 0.128167
0.108778 0.495097 0.0741501 0.132404 0.0520852 0.0744479 0.0630374
0.0670384 0.394484 0.178772 9.9982E-05 9.9982E-05 0.0137467 0.345759
0.0768075 0.480936 0.156638 9.9982E-05 9.9982E-05 0.124063 0.161356
9.9982E-05 0.556513 0.218388 9.9982E-05 0.117811 0.0518684 0.0552199
0.105047 0.383712 0.042317 0.229158 0.108323 0.0943768 0.0370659
0.0107884 0.0779202 0.01874 0.318586 0.225558 0.0464906 0.301917
9.9964E-05 9.9964E-05 9.9964E-05 0.112146 0.472962 9.9964E-05 0.414492
9.9973E-05 9.9973E-05 9.9973E-05 0.125812 0.408095 0.0255914 0.440202
0.0164144 0.0630334 9.9982E-05 0.305533 0.369171 9.9982E-05 0.245649
0.0351508 0.672573 0.0495763 9.9982E-05 9.9982E-05 0.0212369 0.221263
0.0399763 0.521195 0.114643 0.00557527 0.0779045 0.129253 0.111453
9.9955E-05 0.379431 9.9955E-05 0.62007 9.9955E-05 9.9955E-05 9.9955E-05
0.073564 0.29817 0.048644 0.521837 0.0171285 0.0405569 9.9991E-05
0.165255 0.305507 9.9991E-05 0.415645 0.043828 0.00769198 0.0619732
0.000297544 0.281518 0.069948 0.00195086 9.9991E-05 0.218809 0.427377
0.0950036 0.456828 0.184697 0.0266109 0.0140828 0.0211601 0.201617
0.0118931 0.245338 0.0440048 9.9982E-05 9.9982E-05 0.155944 0.54262
9.9964E-05 0.644341 0.0760826 9.9964E-05 9.9964E-05 9.9964E-05 0.279177
0.0517768 0.505679 0.0949754 9.9982E-05 9.9982E-05 0.101306 0.246063
9.9973E-05 0.610443 9.9973E-05 9.9973E-05 0.0021089 0.0617097 0.325439
0.0808325 0.221124 0.152421 9.9982E-05 9.9982E-05 0.158446 0.386976
9.9991E-05 0.674893 0.02245 0.0795259 0.0526029 0.0564907 0.113937
9.9982E-05 0.556819 0.15128 9.9982E-05 0.0804529 0.00522159 0.206026
0.0801488 0.509085 9.9982E-05 0.24814 0.101509 0.0609166 9.9982E-05
9.9955E-05 9.9955E-05 0.0159672 0.983533 9.9955E-05 9.9955E-05 9.9955E-05
0.0179836 0.0583074 9.9964E-05 0.923309 9.9964E-05 9.9964E-05 9.9964E-05
0.0544496 0.305793 9.9982E-05 0.558423 0.0211717 9.9982E-05 0.0599626
0.0205602 0.244799 9.9982E-05 0.670288 0.0143992 0.0497527 9.9982E-05
0.00493595 0.115739 9.9973E-05 0.867167 0.0118583 9.9973E-05 9.9973E-05
9.995E-05 9.995E-05 9.995E-05 0.9994 9.995E-05 9.995E-05 9.995E-05
0.0138731 9.9973E-05 0.0103171 0.955435 9.9973E-05 0.0200747 9.9973E-05
9.9955E-05 0.055345 9.9955E-05 0.944155 9.9955E-05 9.9955E-05 9.9955E-05
0.0229787 0.0449065 9.9964E-05 0.931715 9.9964E-05 9.9964E-05 9.9964E-05
9.9955E-05 9.9955E-05 9.9955E-05 0.998546 9.9955E-05 9.9955E-05 0.000953921
9.995E-05 9.995E-05 9.995E-05 0.9994 9.995E-05 9.995E-05 9.995E-05
0.0110048 0.20258 9.9973E-05 0.738413 0.0477025 9.9973E-05 9.9973E-05
0.0229292 0.128802 9.9973E-05 0.806508 0.0414607 9.9973E-05 9.9973E-05
9.9955E-05 9.9955E-05 0.0307262 0.968774 9.9955E-05 9.9955E-05 9.9955E-05
0.0964532 0.340482 0.0046854 0.442967 0.0765027 0.0388095 9.9991E-05
9.9982E-05 0.186533 0.0920447 0.587257 0.112739 9.9982E-05 0.0212262
9.9982E-05 0.166763 0.0433532 0.730905 0.00587306 9.9982E-05 0.0529062
0.0650149 0.0390002 9.9964E-05 0.895585 9.9964E-05 9.9964E-05 9.9964E-05
9.9955E-05 0.0594389 9.9955E-05 0.940061 9.9955E-05 9.9955E-05 9.9955E-05
9.9973E-05 0.0097864 9.9973E-05 0.913219 0.0489199 0.0277749 9.9973E-05
9.995E-05 9.995E-05 9.995E-05 0.9994 9.995E-05 9.995E-05 9.995E-05
0.0867217 0.112402 0.0332539 0.70614 9.9982E-05 9.9982E-05 0.0612823
0.00866683 9.9973E-05 9.9973E-05 0.904244 0.0338345 0.0529544 9.9973E-05
9.9982E-05 9.9982E-05 0.0129261 0.0178216 0.309205 0.0600785 0.599769
0.142657 0.378867 9.9982E-05 0.064862 0.162429 9.9982E-05 0.250986
0.0431028 0.466512 9.9982E-05 0.0259309 0.228835 9.9982E-05 0.235419
0.0243113 0.146773 0.0699116 0.13568 0.16603 9.9991E-05 0.457194
0.096375 0.367195 0.0563903 0.174381 0.0811427 0.0798937 0.144623
9.9991E-05 0.162153 0.073176 0.113179 0.261431 0.0486072 0.341354
0.0193672 0.418188 0.0547303 0.0627806 0.161654 0.128602 0.154677
9.9982E-05 0.321546 0.06864 0.174689 0.0833778 9.9982E-05 0.351547
0.0342424 0.453038 9.9991E-05 0.149795 0.106163 0.0611145 0.195546
9.9973E-05 0.376046 9.9973E-05 0.16197 0.113373 9.9973E-05 0.348312
9.9991E-05 0.406252 0.0826243 0.165267 0.0934085 0.0834832 0.168865
9.9982E-05 0.391011 0.0581406 0.11542 0.173287 9.9982E-05 0.261941
0.0528171 0.0414257 9.9973E-05 9.9973E-05 0.825999 9.9973E-05 0.0794583
9.9964E-05 9.9964E-05 9.9964E-05 0.0435503 0.89146 0.0645899 9.9964E-05
0.0363744 0.0176504 9.9973E-05 9.9973E-05 0.937989 9.9973E-05 0.00768661
0.0248311 0.00102039 9.9973E-05 9.9973E-05 0.958847 9.9973E-05 0.0150016
0.0495833 0.000272512 9.9982E-05 0.0149956 0.867521 9.9982E-05 0.0674279
9.99725E-05 9.99725E-05 9.99725E-05 0.0617843 0.875429 0.0623872 9.99725E-05
0.0172294 9.9964E-05 9.9964E-05 0.0966761 0.885695 9.9964E-05 9.9964E-05
0.0414776 0.0253393 9.9982E-05 9.9982E-05 0.850959 0.0152588 0.0667653
9.9973E-05 0.0209729 0.0180628 9.9973E-05 0.931127 0.0295371 9.9973E-05
9.9982E-05 0.0151934 0.00134832 0.0921813 0.846752 9.9982E-05 0.0443248
0.153407 9.9973E-05 0.130969 9.9973E-05 0.625056 0.0902682 9.9973E-05
0.329726 9.9982E-05 0.0810815 0.0165877 0.540941 0.0314642 9.9982E-05
0.264137 9.9982E-05 0.0764449 9.9982E-05 0.510469 0.0912468 0.0575025
0.298232 9.9982E-05 0.139462 9.9982E-05 0.496127 0.0229848 0.0429943
0.175065 0.532232 0.180184 9.9991E-05 0.0477224 0.0626236 0.00207275
0.0362762 0.442421 0.324808 0.0833688 0.0127975 0.100229 9.9991E-05
0.172396 0.451051 0.188029 0.0768737 0.0312108 9.9991E-05 0.0803403
0.167757 0.505064 0.111124 0.142334 0.0727369 0.00088419 9.9991E-05
0.237265 0.423832 0.248991 9.9982E-05 9.9982E-05 0.0581241 0.0315884
0.589645 0.160618 0.164091 0.0338618 9.9982E-05 0.0515842 9.9982E-05
9.9982E-05 0.505372 0.213921 0.0899394 0.0551909 0.135377 9.9982E-05
0.0340841 0.528996 0.359303 0.0317173 9.9991E-05 0.0221827 0.0236167
0.101664 0.477555 0.289187 0.00550447 9.9991E-05 0.0903799 0.0356098
9.9973E-05 0.28394 0.605931 0.0843783 9.9973E-05 9.9973E-05 0.0254508
0.139775 0.592038 0.11517 0.0247393 0.0438177 9.9991E-05 0.0843589
0.177674 0.395131 0.40948 9.9982E-05 0.00407031 0.0134447 9.9982E-05
0.0293245 9.9964E-05 0.751187 9.9964E-05 9.9964E-05 0.219088 9.9964E-05
0.195483 0.520772 0.225453 0.00243465 0.0395515 9.9991E-05 0.0162063
9.9982E-05 0.256199 0.519999 0.00162708 9.9982E-05 0.0482106 0.173764
0.0414639 0.456799 0.461757 0.00890167 0.00919499 9.9991E-05 0.0217837
0.172648 0.108969 0.684622 9.9973E-05 0.0334606 9.9973E-05 9.9973E-05
0.747792 0.0219662 9.9973E-05 9.9973E-05 0.122268 9.9973E-05 0.107674
0.70593 0.0644696 9.9973E-05 9.9973E-05 0.0773766 9.9973E-05 0.151924
0.805691 0.0213372 9.9973E-05 9.9973E-05 9.9973E-05 0.0494324 0.12324
0.777487 9.9982E-05 0.037192 9.9982E-05 0.0874262 0.00554976 0.0921451
0.761226 0.070063 9.9982E-05 9.9982E-05 0.00451974 0.00170676 0.162285
0.754055 0.0305876 9.9991E-05 0.0856898 0.0532108 0.010245 0.0661121
9.9982E-05 0.0476606 0.00509989 0.0266473 0.88186 0.0385321 9.9982E-05
0.0601721 0.087885 9.9973E-05 0.0401765 0.811466 9.9973E-05 9.9973E-05
9.9964E-05 0.119537 9.9964E-05 0.113642 0.766421 9.9964E-05 9.9964E-05
0.095587 0.05322 9.9982E-05 0.0761885 0.758902 0.0159022 9.9982E-05
9.9973E-05 0.0976377 9.9973E-05 0.0688329 0.814582 9.9973E-05 0.0186473
0.521873 9.9964E-05 9.9964E-05 9.9964E-05 0.361023 9.9964E-05 0.116704
0.354213 9.9982E-05 0.0303577 9.9982E-05 0.467638 0.0870692 0.0605222
0.365949 9.9973E-05 0.0328074 9.9973E-05 0.444118 0.156826 9.9973E-05
0.00630341 0.157083 9.9964E-05 9.9964E-05 0.836214 9.9964E-05 9.9964E-05
0.452488 9.9982E-05 0.0413997 9.9982E-05 0.383897 0.0883252 0.0336899
9.9982E-05 0.2366 9.9982E-05 0.377382 0.190857 0.0998307 0.0951304
0.0343409 0.584723 9.9991E-05 0.194741 0.12731 0.0259996 0.0327863
9.9964E-05 0.538011 9.9964E-05 0.243994 0.217596 9.9964E-05 9.9964E-05
9.9991E-05 0.397324 0.0544439 0.180708 0.321202 0.00244735 0.0437756
0.156266 0.418211 0.108978 0.136508 0.160731 9.9991E-05 0.0192065
9.9964E-05 9.9964E-05 9.9964E-05 0.294303 0.432315 9.9964E-05 0.272982
0.352485 0.444493 0.0949676 9.9982E-05 9.9982E-05 0.0643019 0.043553
0.201809 0.399698 0.115444 9.9982E-05 9.9982E-05 0.180034 0.102815
0.516922 0.273657 0.0412448 9.9991E-05 0.101469 0.0608037 0.00580385
0.161402 0.396354 0.13777 0.0327677 0.00476699 0.234291 0.0326486
0.158002 9.9973E-05 0.190261 9.9973E-05 9.9973E-05 0.392541 0.258896
0.158496 0.474058 0.0686512 0.0561322 0.104217 0.0820571 0.0563886
0.219181 0.530003 9.9991E-05 0.012136 0.002321 0.152275 0.0839842
0.363273 0.340973 0.12741 9.9982E-05 0.0624717 0.105672 9.9982E-05
0.197093 0.453948 0.0662321 0.119652 0.0126264 0.100934 0.049515
0.291184 0.153874 0.187899 9.9982E-05 9.9982E-05 0.160353 0.20649
0.205195 0.444559 0.00471211 0.0423164 9.9991E-05 0.167598 0.13552
0.306922 0.477779 0.114149 0.0442738 9.9982E-05 9.9982E-05 0.0566764
0.0445609 0.376184 0.169707 0.205097 0.134949 9.9991E-05 0.069401
0.266342 0.341202 0.0648207 0.051699 9.9991E-05 0.240185 0.0356512
0.283134 0.489481 0.0737779 9.9991E-05 0.0273879 0.118701 0.00741885
0.0640854 0.43586 0.137226 0.10308 9.9991E-05 0.100146 0.159501
0.16459 0.472872 0.169328 9.9982E-05 9.9982E-05 0.172501 0.0205087
0.042574 0.600247 0.130906 0.0741799 9.9991E-05 0.11664 0.0353532
0.0972975 0.490848 0.104281 0.00613389 0.116893 0.0287776 0.155769
0.156851 0.53797 0.0209597 0.058304 0.0370762 0.0668813 0.121957
9.9973E-05 0.0816194 9.9973E-05 0.127352 0.772706 0.018022 9.9973E-05
9.9982E-05 0.056274 0.00565227 0.0181386 0.857434 0.0623012 9.9982E-05
0.0273177 0.0520593 0.0745243 0.00919742 0.790599 0.0306592 0.0156435
9.9973E-05 9.9973E-05 0.0318582 0.0952917 0.800722 0.0718277 9.9973E-05
9.9964E-05 0.14392 9.9964E-05 0.00867497 0.847005 9.9964E-05 9.9964E-05
0.579884 0.158483 0.176565 0.060703 0.0200511 0.00421377 9.9991E-05
0.122038 0.363472 0.190366 0.0644293 0.11219 0.12657 0.0209357
9.9991E-05 0.368695 0.0369349 0.217055 0.178905 0.0223094 0.176001
0.187787 0.652143 9.9982E-05 0.068368 0.0403179 9.9982E-05 0.0511834
0.215618 0.482613 0.176893 9.9982E-05 0.10559 0.0190871 9.9982E-05
0.386661 0.243105 9.9982E-05 0.0968367 9.9982E-05 0.193284 0.0799136
0.550836 9.9982E-05 0.210458 9.9982E-05 0.100836 0.0010736 0.136596
0.300951 0.515576 0.123483 9.9991E-05 0.0204496 0.0098075 0.0296329
0.493137 0.133843 0.0357771 0.0476429 0.0923996 0.197101 9.9991E-05
0.223638 0.338674 0.104804 0.108569 0.0211046 0.144489 0.0587209
0.469771 0.112473 0.13487 0.0222297 0.132581 0.127977 9.9991E-05
0.218762 0.595487 0.0121609 0.000188123 0.0724746 0.100828 9.9991E-05
0.464997 0.240179 0.137491 9.9982E-05 0.125933 9.9982E-05 0.0312011
0.0914533 0.478221 0.139346 0.09255 0.0672291 0.131101 9.9991E-05
0.300523 0.403731 0.116923 0.0183112 0.0208032 0.0049821 0.134727
0.109216 0.451117 0.0745682 0.0622151 0.0428429 0.0371061 0.222935
0.0609599 0.299506 0.0643751 9.9982E-05 9.9982E-05 0.139924 0.435035
0.10611 0.583974 0.00920018 9.9982E-05 0.0504931 9.9982E-05 0.250023
0.0494877 0.457542 0.133336 0.087679 0.0224854 0.051046 0.198423
0.0948898 0.371407 9.9973E-05 9.9973E-05 9.9973E-05 0.0728603 0.460543
0.024248 0.465665 0.057917 0.113496 0.0847276 0.0670093 0.186938
0.012563 0.616858 0.0356704 9.9991E-05 0.154545 0.0633891 0.116875
0.00257792 0.531061 0.0728563 9.9991E-05 0.02558 0.0817183 0.286106
0.0998829 0.153653 0.126301 9.9982E-05 9.9982E-05 0.101163 0.5188
0.042373 0.303246 0.0799886 9.99818E-05 9.99818E-05 9.99818E-05 0.574093
0.0652038 0.486522 9.9973E-05 9.9973E-05 9.9973E-05 0.097582 0.350392
0.0373819 0.144426 0.366092 9.9982E-05 9.9982E-05 0.0309124 0.420988
0.0765853 0.428402 0.134464 9.9973E-05 9.9973E-05 9.9973E-05 0.360249
0.641925 0.0565334 0.205122 0.0585313 9.9982E-05 0.037688 9.9982E-05
0.306546 0.227354 0.152171 0.00712746 9.9991E-05 0.273917 0.032785
0.315947 0.311708 0.137442 0.118534 0.0457554 0.0705135 9.9991E-05
0.283157 0.605763 0.01759 0.038765 0.0341702 9.9991E-05 0.0204549
0.489594 0.200579 0.206792 0.00968443 9.9982E-05 0.0931511 9.9982E-05
0.223284 0.416086 9.9991E-05 0.117798 0.0291367 0.14809 0.0655052
0.291552 0.541354 9.9982E-05 0.0442809 0.0977497 9.9982E-05 0.0248633
0.349839 0.341346 0.130521 0.120072 0.0366792 0.0214427 9.9991E-05
0.348994 0.342588 0.0842913 0.095078 9.9982E-05 0.128848 9.9982E-05
0.287256 0.513426 0.110792 0.0545025 0.0338241 9.9982E-05 9.9982E-05
0.455255 0.203557 0.241261 0.0996274 9.9973E-05 9.9973E-05 9.9973E-05
0.380504 0.267203 0.172642 0.0896566 9.9982E-05 0.0897939 9.9982E-05
0.181651 0.509884 9.9982E-05 0.124654 9.9982E-05 0.156099 0.0275118
0.164905 0.59599 0.0659563 0.0903678 0.00582448 0.0679823 0.00897507
0.248385 0.369669 0.0743409 9.9991E-05 0.0246641 0.213182 0.0696581
0.258727 0.424243 0.0214451 0.124894 9.9982E-05 0.17049 9.9982E-05
0.402582 0.390306 0.0141808 0.0420704 0.0491817 0.0393769 0.0623023
0.135297 0.671044 0.0278487 9.9982E-05 0.0407077 0.124903 9.9982E-05
0.267445 0.499907 0.00440665 0.1075 9.9982E-05 0.120541 9.9982E-05
0.22884 0.389924 0.14275 0.117569 0.0649345 0.0382177 0.0177636
9.9982E-05 0.390172 0.0530655 0.132517 0.368569 9.9982E-05 0.0554764
9.9991E-05 0.411135 0.0838466 0.195697 0.156369 0.0263747 0.126477
0.0646651 0.401994 0.133544 0.112475 0.175478 0.111744 9.9991E-05
0.101964 0.57441 9.9991E-05 0.0919196 0.105223 0.111632 0.0147515
9.9982E-05 0.415617 0.0933655 0.160687 0.210522 0.119607 9.9982E-05
0.211411 0.426399 0.0064181 0.0510956 9.9991E-05 0.224555 0.0800211
9.9982E-05 0.524173 0.103935 0.13986 0.203276 0.0285564 9.9982E-05
9.9982E-05 9.9982E-05 0.185509 0.167191 0.219298 0.0434571 0.384345
0.0585813 0.514547 0.0339863 0.179565 0.103556 0.085521 0.0242428
0.0703149 0.482698 9.9982E-05 0.152979 0.164338 0.12947 9.9982E-05
0.0606292 0.423802 0.00821869 0.28272 0.0358891 0.074296 0.114445
0.0939947 0.292803 0.0805666 0.121982 0.186196 0.0409353 0.183522
9.9991E-05 0.548578 0.0312629 0.0979685 0.259462 0.018661 0.0439673
9.9982E-05 0.458454 9.9982E-05 0.189038 0.125426 0.119431 0.107451
9.9973E-05 9.9973E-05 0.0811783 0.16715 0.456421 9.9973E-05 0.294951
9.9982E-05 0.513974 0.0201441 0.189661 0.190338 0.085683 9.9982E-05
9.9991E-05 0.567594 0.0815598 0.127213 0.207843 0.00594377 0.0097472
0.0119542 0.480646 0.0636283 0.19862 0.0638446 0.0592486 0.122058
9.9982E-05 0.564159 9.9982E-05 0.227337 0.120907 0.00522984 0.0821669
0.0107953 0.537782 0.0159858 0.103241 0.17512 0.0721839 0.0848929
0.0364239 0.460568 0.0749151 0.0251693 9.9991E-05 0.326728 0.0760951
0.0571193 0.541234 0.0705544 9.9991E-05 0.08911 0.239959 0.00192314
0.0297476 9.9964E-05 0.0886386 9.9964E-05 9.9964E-05 0.881214 9.9964E-05
0.0151449 0.484046 9.9982E-05 0.0540232 0.233865 0.212722 9.9982E-05
9.9991E-05 0.461899 0.195135 0.0728718 0.114314 0.1519 0.00378068
0.0642597 9.9973E-05 9.9973E-05 9.9973E-05 0.00992905 0.909366 0.0161449
0.0744706 0.38237 0.0119177 0.188013 0.0244549 0.318674 9.9991E-05
9.9982E-05 0.362054 9.9982E-05 0.334055 0.112223 0.128339 0.0631292
9.9973E-05 0.184853 9.9973E-05 0.394057 0.0641977 0.356592 9.9973E-05
9.9982E-05 0.110139 9.9982E-05 0.28534 0.198172 0.220876 0.185273
9.9973E-05 0.315695 9.9973E-05 0.26208 0.175625 0.2463 9.9973E-05
0.0720577 0.467839 0.0516797 0.0659198 0.153569 0.109522 0.079413
9.9982E-05 0.0798061 9.9982E-05 0.0403963 0.101889 0.64898 0.128728
9.9991E-05 0.0916378 0.0111309 0.0844066 0.14152 0.656298 0.014906
9.9973E-05 0.430477 9.9973E-05 0.130501 0.0193606 0.419361 9.9973E-05
9.9973E-05 0.364996 9.9973E-05 0.139916 0.0451712 0.449616 9.9973E-05
9.9973E-05 0.0912591 9.9973E-05 0.103595 0.0573448 0.747501 9.9973E-05
9.9982E-05 0.455768 0.0696212 0.0627543 0.0637253 0.347931 9.9982E-05
9.9982E-05 0.474008 0.00131721 0.142298 9.9982E-05 0.339865 0.042312
0.0827655 0.384721 0.0498577 0.134612 0.104427 0.228058 0.0155591
0.0325431 0.306 0.0628645 9.9982E-05 0.0258784 0.572514 9.9982E-05
0.101156 0.31981 0.0538252 0.0179576 0.00655917 0.490259 0.0104328
0.0459853 0.507513 0.069692 9.9991E-05 0.0713168 0.262374 0.0430189
0.13169 0.36589 9.9991E-05 0.0112717 0.0328017 0.395676 0.0625708
0.0577788 0.44741 0.101295 9.9991E-05 0.189267 0.177879 0.0262699
0.0503874 0.363445 9.9991E-05 0.169279 0.0501197 0.260164 0.106505
0.0023093 0.393787 0.0424798 9.9991E-05 0.0314819 0.456258 0.0735839
0.094399 0.181362 9.9973E-05 9.9973E-05 9.9973E-05 0.715867 0.00807122
9.9964E-05 0.54397 9.9964E-05 0.0549812 9.9964E-05 0.400649 9.9964E-05
0.126465 0.443492 0.00192066 0.153534 9.9991E-05 0.105545 0.168944
0.020863 0.181173 0.045599 9.9973E-05 9.9973E-05 0.752065 9.9973E-05
9.9964E-05 0.38471 9.9964E-05 9.9964E-05 0.0109394 0.603951 9.9964E-05
0.0219937 0.57454 0.0149287 9.9982E-05 0.0692399 0.319098 9.9982E-05
0.0768512 0.411466 0.182444 0.050219 0.0362406 0.24268 9.9991E-05
0.0229546 0.431695 0.0691737 0.11644 0.185601 0.0759209 0.0982151
0.0907732 0.419845 9.9991E-05 0.140996 0.125961 0.191587 0.0307383
0.035473 0.342296 9.9991E-05 0.286762 0.107281 0.0765023 0.151587
0.127184 0.423147 0.05006 0.145011 0.179642 0.0748564 9.9991E-05
0.192383 0.290735 9.9991E-05 0.264692 0.0637705 0.0359732 0.152346
0.0675567 0.529531 0.0941428 0.13549 0.168167 9.9991E-05 0.00501328
0.0689947 0.29256 0.0620409 0.248755 0.154111 0.173438 9.9991E-05
9.9973E-05 9.9973E-05 9.9973E-05 0.128359 0.128639 0.617994 0.124708
9.9982E-05 0.532035 9.9982E-05 0.260024 0.0466136 0.099979 0.0611481
9.9973E-05 9.9973E-05 9.9973E-05 0.103574 0.362594 0.332328 0.201205
9.9973E-05 0.423013 9.9973E-05 0.202441 0.0451157 0.329131 9.9973E-05
9.9973E-05 0.034079 0.110555 9.9973E-05 9.9973E-05 0.844302 0.0107641
9.9955E-05 9.9955E-05 0.0487191 9.9955E-05 9.9955E-05 0.950781 9.9955E-05
0.0232873 0.464534 0.0218674 9.9973E-05 9.9973E-05 0.490011 9.9973E-05
9.9955E-05 0.589267 9.9955E-05 9.9955E-05 9.9955E-05 0.410233 9.9955E-05
0.0258591 0.359921 9.9964E-05 9.9964E-05 9.9964E-05 0.61382 9.9964E-05
9.9955E-05 0.462481 9.9955E-05 9.9955E-05 9.9955E-05 0.537019 9.9955E-05
9.9955E-05 0.509483 9.9955E-05 9.9955E-05 9.9955E-05 0.490017 9.9955E-05
0.0252075 0.0419066 0.0312589 0.0330811 0.810793 0.0576524 9.9991E-05
0.143521 9.9964E-05 9.9964E-05 0.154649 0.70143 9.9964E-05 9.9964E-05
0.00846634 9.9964E-05 9.9964E-05 0.066518 0.924616 9.9964E-05 9.9964E-05
9.9964E-05 0.0548556 9.9964E-05 9.9964E-05 0.926943 0.0178018 9.9964E-05
0.0140196 0.414369 0.37069 0.0183344 0.0617173 0.12077 9.9991E-05
0.0326165 0.441377 0.384998 0.0564424 0.0843662 9.9982E-05 9.9982E-05
0.037674 0.460716 0.468491 9.9973E-05 0.0328187 9.9973E-05 9.9973E-05
0.0245076 0.584479 0.251808 0.0488523 0.0901541 9.9982E-05 9.9982E-05
0.107108 0.499233 0.0742722 0.0834228 0.065219 0.0273105 0.143434
0.103446 0.190065 0.574831 0.0397713 9.9991E-05 0.0256624 0.0661239
9.9973E-05 0.54127 0.346406 9.9973E-05 0.0448779 0.0671466 9.9973E-05
9.9982E-05 0.314209 0.413076 9.9982E-05 0.0271023 0.120477 0.124935
0.0606719 0.458134 9.9982E-05 0.149624 0.313278 0.018092 9.9982E-05
0.0563512 0.37797 0.327478 0.0584643 9.9991E-05 0.17822 0.00141688
0.0717239 0.365208 0.505703 9.9973E-05 0.0570652 9.9973E-05 9.9973E-05
0.0126608 0.450935 0.147506 0.108551 0.124672 0.155576 9.9991E-05
9.9982E-05 0.539953 0.366039 0.00138412 0.030142 0.0622824 9.9982E-05
0.0407249 0.382511 0.473735 9.9973E-05 9.9973E-05 0.102729 9.9973E-05
9.9973E-05 0.516633 0.379874 9.9973E-05 9.9973E-05 0.0938715 0.00932245
9.9973E-05 0.592583 0.191139 9.9973E-05 0.0394007 0.176577 9.9973E-05
9.9964E-05 0.0335402 0.860988 9.9964E-05 9.9964E-05 0.105072 9.9964E-05
0.0218366 0.17581 0.62233 9.9991E-05 0.0939766 0.0144098 0.0715372
9.9973E-05 0.308054 0.668759 0.00267076 0.0202158 9.9973E-05 9.9973E-05
9.9955E-05 9.9955E-05 0.872658 9.9955E-05 9.9955E-05 9.9955E-05 0.126842
0.0297016 0.433285 0.109901 0.160612 0.144601 9.9991E-05 0.1218
0.0797074 0.418144 0.403069 9.9991E-05 0.0337672 0.0617912 0.00342133
0.00937958 0.112629 0.609818 9.9973E-05 9.9973E-05 9.9973E-05 0.267873
9.9964E-05 9.9964E-05 0.75574 9.9964E-05 9.9964E-05 0.106761 0.137099
0.0312769 0.467175 0.329023 0.0982125 0.0272402 0.04502 0.00205225
0.0686007 0.172209 0.645557 9.9982E-05 0.0900923 0.0233413 9.9982E-05
0.0852273 0.351301 0.39565 0.0854758 0.0394372 9.9991E-05 0.0428087
0.00525529 0.614352 0.161208 9.9982E-05 0.138449 9.9982E-05 0.080536
0.0762611 0.501625 0.319782 0.0497269 9.9982E-05 9.9982E-05 0.0524045
0.27968 0.265861 0.160605 0.0683547 9.9991E-05 0.0766177 0.148782
0.0400966 0.56053 0.279217 9.9991E-05 0.0499343 0.0672389 0.00288305
0.105372 0.425463 0.374907 0.0527714 0.0390597 0.00232697 9.9991E-05
9.9964E-05 0.344218 0.625989 9.9964E-05 9.9964E-05 9.9964E-05 0.0293927
0.0705592 0.506762 0.144525 9.9982E-05 0.0698651 0.208089 9.9982E-05
0.209629 9.9982E-05 0.0327915 9.9982E-05 0.645619 0.0555513 0.0562089
0.0449929 0.0456107 0.083667 9.9991E-05 0.779466 0.0258596 0.0203038
0.12133 9.9964E-05 9.9964E-05 9.9964E-05 0.783907 9.9964E-05 0.0943634
0.141356 9.9973E-05 9.9973E-05 9.9973E-05 0.794367 0.0196841 0.0442927
0.250715 0.0111342 9.9973E-05 9.9973E-05 0.721545 9.9973E-05 0.0163059
0.121916 0.0827435 0.730634 0.00645233 0.0580549 9.9982E-05 9.9982E-05
0.142689 0.11223 0.605675 9.9982E-05 0.0608382 0.0783683 9.9982E-05
9.9973E-05 0.124356 0.768337 9.9973E-05 9.9973E-05 0.0556407 0.0513667
0.0334497 0.43264 0.158323 0.123558 0.0582093 0.12389 0.0699309
0.0420078 0.468279 0.277163 0.0677693 0.112403 0.00894087 0.023437
9.9982E-05 0.244375 0.627318 0.00851462 0.0702938 9.9982E-05 0.0492981
9.9982E-05 0.594429 0.270494 0.0557887 9.9982E-05 0.06917 0.00991834
9.9982E-05 0.356539 0.440691 9.9982E-05 0.0499109 0.0612671 0.0913922
0.0154372 0.469729 0.280372 0.0802925 0.0999358 0.0433353 0.0108983
0.0599241 0.531174 0.30552 0.00114556 0.0323697 0.0526237 0.0172435
0.0271933 0.601528 0.215161 0.0482145 0.0384084 9.9991E-05 0.0693949
0.103705 0.192608 0.586653 0.0781939 9.9991E-05 0.0117255 0.0270143
0.0765924 0.296664 0.563028 0.0277094 0.0358063 9.9982E-05 9.9982E-05
0.0868443 0.290615 0.617044 0.00519753 9.9973E-05 9.9973E-05 9.9973E-05
0.0772663 0.5778 0.056177 9.9982E-05 0.0964045 9.9982E-05 0.192152
0.0344167 0.385653 0.55799 9.9973E-05 0.0216405 9.9973E-05 9.9973E-05
0.0448059 0.400987 0.425119 0.0396483 9.9982E-05 9.9982E-05 0.0892397
0.0124383 0.38442 0.0997121 0.409376 0.023254 9.9991E-05 0.0707001
0.0545764 0.35428 9.9982E-05 0.445751 0.0983411 9.9982E-05 0.0468519
9.9973E-05 0.459853 9.9973E-05 0.407943 0.117152 9.9973E-05 0.0147534
9.9973E-05 0.236417 9.9973E-05 0.550757 0.101847 9.9973E-05 0.110678
9.9982E-05 0.408209 9.9982E-05 0.292951 0.0970461 0.0957355 0.105859
9.9973E-05 0.522462 0.285512 0.0134419 9.9973E-05 9.9973E-05 0.178284
9.9973E-05 0.0327819 9.9973E-05 0.662838 0.207971 9.9973E-05 0.0961099
9.9982E-05 0.338726 0.00345866 0.492538 0.147193 0.0178848 9.9982E-05
9.9982E-05 0.402737 0.0474596 0.202511 0.09366 9.9982E-05 0.253432
9.9964E-05 0.576519 9.9964E-05 9.9964E-05 0.0808417 9.9964E-05 0.34224
0.143899 0.431675 0.0672819 9.9982E-05 0.110239 9.9982E-05 0.246706
0.0602688 0.611134 0.021747 0.00168985 0.0565527 9.9991E-05 0.248507
0.0572223 0.555277 0.121939 0.0251273 0.0411399 9.9991E-05 0.199195
9.9973E-05 0.360476 9.9973E-05 0.408887 0.223368 9.9973E-05 0.00696875
0.101674 0.384743 0.0181712 0.3445 0.129853 0.0209591 9.9991E-05
9.9973E-05 0.393358 9.9973E-05 0.476826 0.0556681 9.9973E-05 0.0738478
0.14888 0.433258 0.00508403 0.25184 0.153373 9.9991E-05 0.00746522
9.9982E-05 0.19207 0.0903288 0.546845 0.139524 9.9982E-05 0.0310325
0.0592914 0.31449 0.0619889 0.33925 0.156737 9.9991E-05 0.0681429
9.9973E-05 0.232083 9.9973E-05 0.565811 0.13784 0.0639664 9.9973E-05
0.084854 0.290362 9.9973E-05 0.492729 9.9973E-05 0.131755 9.9973E-05
0.068424 0.553435 0.059559 9.9982E-05 0.025769 9.9982E-05 0.292613
0.0568698 0.340301 9.9991E-05 0.270216 0.179858 0.103704 0.0489502
9.9982E-05 0.125814 9.9982E-05 0.655793 0.17861 0.00419051 0.035392
9.9982E-05 0.379542 9.9982E-05 0.283233 0.183376 0.104881 0.0487683
0.0692016 0.38064 9.9991E-05 0.32362 0.128709 0.063695 0.0340346
0.235629 0.207824 0.122244 9.9982E-05 0.116436 9.9982E-05 0.317667
0.0931779 0.588907 0.0245656 0.0398887 9.9982E-05 9.9982E-05 0.25326
0.075989 0.401794 9.9991E-05 0.341837 0.113526 0.0217809 0.0449738
0.0261236 0.61133 9.9982E-05 9.9982E-05 0.165232 0.0141213 0.182993
0.0614821 0.501543 0.0870831 9.9982E-05 0.141995 9.9982E-05 0.207697
0.0402639 0.340721 0.0798427 0.276286 0.147231 0.0661748 0.0494801
9.9982E-05 0.292822 0.00931208 0.283508 0.232768 0.18139 9.9982E-05
0.104936 0.508687 0.0714658 0.107333 0.0259331 0.0676881 0.113957
0.061275 0.387596 0.0835269 0.334404 0.122894 9.9991E-05 0.0102048
9.9982E-05 0.33575 0.0976355 0.329688 0.183731 9.9982E-05 0.0529957
9.9973E-05 0.389761 9.9973E-05 0.434591 0.117825 0.0575218 9.9973E-05
9.9982E-05 0.135663 0.011503 0.61355 0.144403 9.9982E-05 0.0946818
0.0892628 0.633237 0.031249 0.0597505 9.9991E-05 0.0152698 0.171131
0.0390808 0.497536 0.0956091 9.9982E-05 0.11547 9.9982E-05 0.252104
9.9973E-05 0.191258 0.0423187 9.9973E-05 0.0477679 9.9973E-05 0.718356
0.0849657 0.494914 0.0913947 0.0916686 0.0617498 0.0844924 0.0908153
0.207301 0.395869 0.109863 0.0182668 0.164394 0.104207 9.9991E-05
0.00856726 0.540758 0.0147289 0.0426649 0.161903 9.9991E-05 0.231277
0.00733378 0.512559 9.9991E-05 0.0237986 0.162023 0.114812 0.179374
9.9964E-05 9.9964E-05 9.9964E-05 0.191604 0.217898 9.9964E-05 0.590099
9.9964E-05 9.9964E-05 9.9964E-05 0.0713055 0.212021 9.9964E-05 0.716274
0.0601467 0.365654 0.0265301 0.0354826 0.152022 0.0612934 0.298871
9.9973E-05 9.9973E-05 0.0631881 0.241666 0.270318 9.9973E-05 0.424528
9.9964E-05 9.9964E-05 9.9964E-05 0.200274 0.429298 9.9964E-05 0.370028
0.0276863 0.361782 9.9991E-05 0.144626 0.0665072 0.100184 0.299114
9.9991E-05 0.338521 0.100763 0.0854579 0.211865 0.044614 0.218679
9.9982E-05 0.14609 0.115936 0.208355 0.229022 9.9982E-05 0.300398
0.00270136 0.104689 9.9982E-05 0.15986 0.266483 9.9982E-05 0.466067
0.0409864 0.482953 0.127513 0.0546834 0.175091 9.9991E-05 0.118674
9.9982E-05 0.160888 0.125857 0.177819 0.166659 9.9982E-05 0.368578
9.9964E-05 9.9964E-05 9.9964E-05 0.0742938 0.339058 9.9964E-05 0.586249
0.159303 0.473324 0.0119452 0.168456 0.153976 9.9991E-05 0.0328947
9.9982E-05 0.266861 9.9982E-05 0.297971 0.176105 0.0531496 0.205713
0.0141877 0.380776 0.0969519 0.159206 0.348678 9.9982E-05 9.9982E-05
9.9982E-05 0.53149 0.0255319 0.226968 0.197286 9.9982E-05 0.0185239
0.152896 0.342529 0.0377359 0.134316 0.151837 0.121927 0.0587592
9.9982E-05 0.494201 0.111933 0.238337 0.124608 9.9982E-05 0.0307211
9.9982E-05 0.428957 9.9982E-05 0.249525 0.205728 0.0755679 0.0400225
9.9973E-05 0.398399 9.9973E-05 0.174847 0.383127 9.9973E-05 0.0433272
0.0506795 0.549517 0.0200449 0.135527 0.197349 9.9991E-05 0.0467827
9.9973E-05 0.449598 0.054773 0.181859 0.31347 9.9973E-05 9.9973E-05
9.9982E-05 0.365941 0.0122451 0.17794 0.289871 9.9982E-05 0.153803
0.0717613 0.244203 0.321093 0.149844 0.164756 9.9991E-05 0.0482438
9.9982E-05 0.526714 0.134965 0.0919175 0.17354 9.9982E-05 0.0726637
0.150944 0.509783 0.0258051 0.142195 0.148009 0.0181852 0.00507944
0.0146763 0.627748 0.058068 0.0753137 0.109864 0.0596519 0.0546784
9.9973E-05 0.411871 9.9973E-05 0.172772 0.320295 9.9973E-05 0.0947616
0.0633013 0.390967 0.127393 0.218927 0.177056 9.9991E-05 0.0222556
9.9973E-05 0.240104 9.9973E-05 0.174979 0.342048 9.9973E-05 0.242569
0.0135146 0.588608 9.9982E-05 0.191284 0.153088 0.0533063 9.9982E-05
9.9982E-05 0.22788 9.9982E-05 0.324755 0.215936 0.036671 0.194558
0.0660129 9.9982E-05 0.0788186 9.9982E-05 0.819661 0.01016 0.025148
0.787585 0.114531 9.9982E-05 0.0182899 0.0548564 0.024538 9.9982E-05
0.967541 9.9955E-05 9.9955E-05 9.9955E-05 0.0319593 9.9955E-05 9.9955E-05
0.975021 9.9955E-05 9.9955E-05 9.9955E-05 0.0244789 9.9955E-05 9.9955E-05
0.929918 0.0359204 9.9973E-05 0.0125559 9.9973E-05 0.021306 9.9973E-05
0.915138 0.027752 9.9964E-05 0.0567103 9.9964E-05 9.9964E-05 9.9964E-05
0.917471 0.0820292 9.9955E-05 9.9955E-05 9.9955E-05 9.9955E-05 9.9955E-05
0.97063 9.9955E-05 9.9955E-05 9.9955E-05 0.0288705 9.9955E-05 9.9955E-05
0.773611 9.9955E-05 9.9955E-05 9.9955E-05 0.225889 9.9955E-05 9.9955E-05
9.9973E-05 0.0343272 9.9973E-05 0.0293043 0.902982 9.9973E-05 0.0330862
0.120108 0.0745345 9.9964E-05 9.9964E-05 0.804957 9.9964E-05 9.9964E-05
9.9973E-05 0.01185 0.0458473 0.0410178 0.900985 9.9973E-05 9.9973E-05
0.124232 0.0171741 9.9982E-05 9.9982E-05 0.778818 0.0794503 0.000125715
0.0562184 9.9973E-05 0.0355866 0.0749106 0.832985 9.9973E-05 9.9973E-05
0.0293166 9.9973E-05 9.9973E-05 0.015821 0.907436 0.0471266 9.9973E-05
0.0444356 0.0171073 9.9982E-05 0.180063 0.750198 9.9982E-05 0.00799648
0.0194009 9.9991E-05 0.00916939 0.0908629 0.843466 0.0013273 0.0356739
0.114468 0.0591132 9.9982E-05 0.0642581 0.759917 9.9982E-05 0.00204344
9.9973E-05 0.0316389 9.9973E-05 0.0325415 0.930901 0.00461911 9.9973E-05
9.9955E-05 9.9955E-05 9.9955E-05 9.9955E-05 0.968439 0.0310609 9.9955E-05
0.0523489 0.0188214 0.0073503 0.0568998 0.814219 9.9991E-05 0.0502603
0.0489602 9.9964E-05 9.9964E-05 0.0333387 0.917301 9.9964E-05 9.9964E-05
9.9973E-05 0.0407855 9.9973E-05 0.038784 0.853328 9.9973E-05 0.0668026
9.9973E-05 0.0601895 0.0437301 0.0572354 0.838545 9.9973E-05 9.9973E-05
9.9973E-05 0.112479 9.9973E-05 0.0276787 0.854034 0.00550921 9.9973E-05
9.9964E-05 0.074288 9.9964E-05 0.140414 0.784899 9.9964E-05 9.9964E-05
