0.921082 0.0788184 9.9991E-05
0.915028 0.05266 0.0323123
0.827956 0.171944 9.9991E-05
0.817636 0.182264 9.9991E-05
0.862782 0.137118 9.9991E-05
0.68765 0.121544 0.190806
0.874944 0.045578 0.0794779
0.813158 0.0717934 0.115049
0.901621 9.9991E-05 0.0982786
0.767585 0.159014 0.0734017
0.805659 0.0452863 0.149055
0.0989454 0.204961 0.696093
0.0464449 0.389685 0.56387
0.135707 0.216384 0.647909
0.123543 0.341852 0.534605
0.182117 0.311064 0.50682
9.9991E-05 0.475222 0.524678
0.0666777 0.373021 0.560301
0.21649 0.25048 0.53303
0.235609 9.9991E-05 0.764291
0.0567762 0.308266 0.634958
0.0501473 0.312754 0.637099
0.0332355 0.349742 0.617023
0.112464 0.199632 0.687904
0.0532727 0.433247 0.51348
0.0217128 0.409305 0.568983
0.13231 0.161331 0.706359
0.131686 0.247175 0.621139
0.0838268 0.100037 0.816136
0.810521 0.189379 9.9991E-05
0.809903 0.189997 9.9991E-05
0.794762 0.193476 0.011762
0.752659 0.221388 0.0259537
9.9991E-05 0.345288 0.654612
9.9991E-05 0.412824 0.587076
9.9991E-05 0.408612 0.591288
0.214697 0.0124507 0.772853
9.9991E-05 0.212629 0.787271
0.0193465 0.354243 0.626411
9.9991E-05 0.479916 0.519984
0.0220655 0.412885 0.565049
0.0575396 0.440612 0.501848
0.121906 9.9991E-05 0.877994
9.9991E-05 0.420549 0.579351
9.9991E-05 0.484985 0.514915
9.9991E-05 0.473781 0.526119
9.9991E-05 0.185248 0.814652
9.9991E-05 0.448872 0.551028
0.0782006 0.448274 0.473526
0.18763 9.9991E-05 0.81227
0.0632443 0.0142694 0.922486
0.1605 0.005472 0.834028
0.00179561 0.450492 0.547712
0.0214758 0.505915 0.472609
0.0207865 0.440274 0.53894
0.234554 0.0175592 0.747887
0.0312408 0.347559 0.6212
0.0741515 0.368431 0.557417
0.152287 0.245143 0.60257
0.309048 0.0358263 0.655126
0.0413533 0.397449 0.561198
0.126035 0.32442 0.549545
0.190019 9.9991E-05 0.809881
9.9991E-05 0.309622 0.690278
0.0015472 0.444706 0.553747
0.0123899 0.425082 0.562529
0.0849752 0.214763 0.700262
0.0149398 0.408119 0.576941
9.9991E-05 0.380152 0.619748
0.141121 0.0130304 0.845848
9.9991E-05 0.293925 0.705975
9.9991E-05 0.142046 0.857854
0.0797114 0.333063 0.587226
0.0530939 0.427369 0.519537
0.0359696 9.9991E-05 0.96393
0.0377741 9.9991E-05 0.962126
9.9991E-05 0.131537 0.868363
9.9991E-05 0.241661 0.758239
0.0993169 0.386333 0.514351
9.9991E-05 0.301503 0.698397
0.0860017 0.100679 0.813319
0.0868488 0.0727789 0.840372
0.0371357 0.371728 0.591136
0.0515454 0.209847 0.738608
0.00428814 0.213142 0.78257
9.9991E-05 0.214062 0.785838
0.04208 9.9991E-05 0.95782
9.9991E-05 0.438414 0.561486
0.810325 0.169503 0.0201718
0.87086 0.12904 9.9991E-05
0.836862 0.163038 9.9991E-05
0.869201 0.130699 9.9991E-05
0.851806 0.133856 0.0143383
0.906122 0.0937781 9.9991E-05
0.91265 0.0872497 9.9991E-05
0.0160243 0.453341 0.530635
0.0170995 0.382139 0.600761
0.0655993 9.9991E-05 0.934301
0.0559581 0.443326 0.500716
0.0476644 0.216019 0.736316
9.9991E-05 0.420848 0.579052
9.9991E-05 0.429758 0.570142
9.9991E-05 0.388128 0.611772
0.128769 9.9991E-05 0.871131
0.133679 0.433526 0.432795
9.9991E-05 0.457046 0.542854
0.0769036 0.463218 0.459879
9.9991E-05 0.199235 0.800665
9.9991E-05 0.343167 0.656733
0.00807918 0.246566 0.745355
9.9991E-05 0.27068 0.72922
0.0173761 0.278769 0.703855
0.147312 0.337555 0.515132
0.138134 0.0906438 0.771222
0.143897 0.445311 0.410792
0.172099 0.244243 0.583658
0.0266404 0.406672 0.566687
0.0613642 0.411846 0.52679
0.115371 0.210412 0.674217
0.0125429 0.404349 0.583108
0.00489528 0.305 0.690105
0.0836746 0.373516 0.542809
0.0265612 0.395269 0.57817
0.0326814 0.358371 0.608947
0.0454565 0.245852 0.708692
9.9991E-05 0.475009 0.524891
0.0349571 0.473722 0.491321
9.9991E-05 0.325742 0.674158
0.0604159 0.440304 0.499281
9.9991E-05 0.448986 0.550914
0.142852 0.259978 0.59717
9.9991E-05 0.469915 0.529985
9.9991E-05 0.473082 0.526818
0.0672842 0.173702 0.759014
0.162219 0.0961391 0.741642
9.9991E-05 0.330582 0.669318
0.010569 0.0773523 0.912079
0.138839 0.0927116 0.768449
0.0259984 0.197892 0.77611
0.0775597 0.0961436 0.826297
0.0665786 0.170141 0.76328
9.9991E-05 0.466735 0.533165
0.0719899 0.410338 0.517673
0.112281 0.344836 0.542883
0.0900764 0.0449417 0.864982
0.159607 0.348518 0.491875
0.0364919 0.339743 0.623765
0.281283 9.9991E-05 0.718617
9.9991E-05 0.457909 0.541991
0.162299 0.25123 0.586471
0.110265 0.350009 0.539727
0.147916 0.149026 0.703057
0.197393 0.0442095 0.758398
0.059881 0.27693 0.663189
0.0803877 0.376657 0.542956
0.170169 0.263653 0.566179
0.176956 0.405213 0.417831
0.144456 0.404639 0.450905
0.182934 0.102681 0.714385
0.0109455 0.504917 0.484137
0.11313 0.34665 0.54022
9.9991E-05 0.175278 0.824622
9.9991E-05 0.302909 0.696991
0.0673664 0.373743 0.55889
0.174342 0.458364 0.367294
0.408116 0.382314 0.20957
0.75783 0.16254 0.0796299
0.718107 0.10246 0.179433
0.507605 0.391206 0.101189
9.9991E-05 0.470332 0.529568
0.0192334 0.454616 0.526151
0.0250949 0.899396 0.0755096
0.118864 0.628654 0.252482
0.126415 0.702264 0.171321
0.0529005 0.164757 0.782342
0.0763898 0.388227 0.535383
0.12053 0.136154 0.743315
9.9991E-05 0.375449 0.624451
0.0214701 0.28291 0.69562
0.0369575 0.433632 0.52941
0.0534822 0.129463 0.817055
9.9991E-05 0.479295 0.520605
0.070252 0.381753 0.547995
0.165488 0.544537 0.289975
0.0740062 0.925894 9.9991E-05
0.0718669 0.928033 9.9991E-05
0.0177443 0.804179 0.178076
0.0122872 0.919953 0.06776
0.135682 0.864218 9.9991E-05
0.0861196 0.91378 9.9991E-05
0.124286 0.875614 9.9991E-05
0.0205681 0.979332 9.9991E-05
0.031919 0.967981 9.9991E-05
0.036636 0.963264 9.9991E-05
0.116604 0.883296 9.9991E-05
0.143546 0.856354 9.9991E-05
0.141797 0.858103 9.9991E-05
0.099644 0.900256 9.9991E-05
0.124673 0.66357 0.211757
0.155445 0.786477 0.0580778
0.140161 0.859739 9.9991E-05
0.103139 0.896761 9.9991E-05
0.0532377 0.946662 9.9991E-05
0.110208 0.889692 9.9991E-05
0.0529545 0.946946 9.9991E-05
0.107821 0.826086 0.0660928
0.112831 0.887069 9.9991E-05
0.528416 9.9991E-05 0.471484
0.225722 0.301325 0.472953
0.211058 0.342299 0.446643
0.305064 0.219034 0.475902
0.156795 0.434301 0.408905
0.379552 0.181065 0.439383
0.206398 0.412083 0.381519
0.191792 0.394043 0.414164
0.148385 0.48865 0.362965
0.241256 0.434244 0.3245
0.0887809 0.513058 0.398161
0.233918 0.36427 0.401813
0.852503 0.0742652 0.0732321
0.9031 0.0967996 9.9991E-05
0.955107 0.0447931 9.9991E-05
0.920624 0.0792756 9.9991E-05
0.900569 0.0993309 9.9991E-05
0.902353 0.0975471 9.9991E-05
0.859149 0.140751 9.9991E-05
0.914172 0.0571815 0.0286468
0.903321 0.0965793 9.9991E-05
0.874934 0.124966 9.9991E-05
0.707141 0.00845716 0.284402
0.654487 0.0100833 0.33543
0.646804 9.9991E-05 0.353096
0.596419 9.9991E-05 0.403481
9.9991E-05 0.357793 0.642107
9.9991E-05 0.332778 0.667122
0.0342722 0.299237 0.66649
0.0949475 0.349594 0.555459
0.0533229 0.206051 0.740626
0.120659 0.0382668 0.841074
0.00297752 0.41228 0.584742
9.9991E-05 0.360399 0.639501
9.9991E-05 0.284175 0.715725
9.9991E-05 0.256649 0.743251
0.0289999 0.382915 0.588085
9.9991E-05 0.23068 0.76922
0.014272 9.9991E-05 0.985628
0.0220009 0.417579 0.56042
0.029983 0.157391 0.812626
9.9991E-05 0.338226 0.661674
0.0808743 9.9991E-05 0.919026
0.329393 9.9991E-05 0.670507
0.251464 9.9991E-05 0.748436
0.230187 9.9991E-05 0.769713
0.308405 9.9991E-05 0.691495
0.22935 9.9991E-05 0.77055
0.254952 9.9991E-05 0.744948
0.87146 0.12844 9.9991E-05
0.823664 0.176236 9.9991E-05
0.774987 0.208351 0.0166624
0.804469 0.195431 9.9991E-05
0.814064 0.185836 9.9991E-05
0.531066 9.9991E-05 0.468834
0.610437 9.9991E-05 0.389463
0.562671 9.9991E-05 0.437229
0.805332 0.194568 9.9991E-05
0.53605 9.9991E-05 0.46385
0.276664 0.569288 0.154048
0.0177006 0.590072 0.392228
0.178472 0.610077 0.211451
0.249873 0.420568 0.329559
0.124483 0.510294 0.365223
0.576222 0.334267 0.0895104
0.023323 0.264611 0.712066
0.031634 0.224368 0.743998
0.155653 0.103991 0.740356
9.9991E-05 0.240316 0.759584
0.0962969 9.9991E-05 0.903603
0.0470602 0.303414 0.649525
0.00318388 0.277812 0.719004
0.136945 0.140311 0.722744
0.068637 0.417916 0.513447
0.115045 0.022466 0.862489
0.0212383 0.333122 0.645639
9.9991E-05 0.32516 0.67474
0.133917 0.423611 0.442472
9.9991E-05 0.229031 0.770869
0.000519549 0.290221 0.709259
0.0547054 0.314902 0.630393
9.9991E-05 0.307245 0.692655
9.9991E-05 0.445709 0.554191
0.0789744 0.453441 0.467584
0.0723592 0.405744 0.521897
0.772788 0.227112 9.9991E-05
0.858357 0.141543 9.9991E-05
0.811259 0.105182 0.0835583
0.837466 0.0812308 0.0813028
0.832589 0.167311 9.9991E-05
0.12229 0.0798705 0.797839
0.0952117 0.37783 0.526959
0.217588 0.401333 0.381079
9.9991E-05 0.410074 0.589826
0.0386929 0.314871 0.646436
0.0975647 0.220307 0.682128
0.293303 9.9991E-05 0.706597
0.0296454 0.314705 0.655649
0.223125 0.0375185 0.739356
0.0490057 0.274096 0.676898
0.280903 9.9991E-05 0.718997
0.0577963 0.437489 0.504715
0.215529 0.0671619 0.717309
0.129243 0.45435 0.416407
0.131532 0.230762 0.637706
0.0900539 0.318715 0.591231
0.133259 0.13795 0.728792
0.0228454 0.369338 0.607817
0.114812 0.450925 0.434263
0.0408242 0.168839 0.790336
0.111147 0.296295 0.592558
0.0506413 0.481069 0.46829
0.0416834 0.388209 0.570108
0.0530723 0.0203824 0.926545
0.0461863 0.151151 0.802663
0.0211747 0.309457 0.669368
0.129228 9.9991E-05 0.870672
9.9991E-05 0.263083 0.736817
0.161445 9.9991E-05 0.838455
9.9991E-05 0.144205 0.855695
0.0389337 0.229321 0.731745
9.9991E-05 0.431568 0.568332
0.0163887 0.101345 0.882266
0.0925389 0.410263 0.497199
9.9991E-05 0.41532 0.58458
0.00687459 0.334556 0.65857
9.9991E-05 0.378973 0.620927
9.9991E-05 0.324015 0.675885
0.0433058 0.172428 0.784266
0.0558305 0.261759 0.682411
9.9991E-05 0.397787 0.602113
0.0180409 0.418605 0.563354
0.111331 0.245124 0.643545
0.00841921 0.3977 0.59388
0.101212 0.215133 0.683655
0.00169002 0.423199 0.575111
0.0306204 0.329873 0.639506
0.0998668 0.450508 0.449625
0.318798 0.394201 0.287001
0.0781981 0.564208 0.357593
0.140328 0.536426 0.323246
0.0239271 0.537249 0.438824
0.148634 0.519863 0.331504
9.9991E-05 0.271708 0.728192
0.141946 0.415923 0.44213
0.387567 0.150156 0.462278
0.0955115 0.496089 0.408399
0.0176901 0.555535 0.426775
0.0990326 0.520157 0.38081
0.217255 0.299296 0.483449
0.135081 0.487959 0.37696
0.0841403 0.589875 0.325985
0.68711 0.143624 0.169266
0.115246 0.596868 0.287886
0.183726 0.581237 0.235037
0.103158 0.431937 0.464905
0.157597 0.580568 0.261835
0.113735 0.476467 0.409798
0.0478643 0.290329 0.661806
0.0852266 0.412954 0.50182
0.038889 9.9991E-05 0.961011
0.0526352 0.400755 0.54661
0.151074 0.389801 0.459125
0.139176 9.9991E-05 0.860724
0.0205184 0.426251 0.553231
0.135062 0.595026 0.269911
0.134251 0.631732 0.234017
0.304619 0.42079 0.274591
0.18431 0.507415 0.308274
0.0906982 0.480015 0.429287
0.21302 0.138347 0.648633
0.178448 0.210255 0.611298
9.9991E-05 0.454283 0.545617
0.0385627 0.412812 0.548625
0.142336 0.2227 0.634964
0.00351085 0.45385 0.542639
9.9991E-05 0.505829 0.494071
0.0577238 0.483229 0.459047
9.9991E-05 0.142655 0.857245
0.0306537 0.276513 0.692833
0.0124449 0.358692 0.628863
0.0612793 0.259987 0.678733
0.108293 0.322598 0.569109
0.0941677 0.396709 0.509124
9.9991E-05 0.33679 0.66311
0.0418291 0.117961 0.84021
0.0010059 0.362673 0.636321
0.0688739 0.37741 0.553716
0.00159018 0.144423 0.853987
0.00859092 0.23708 0.754329
9.9991E-05 0.405712 0.594188
0.0383525 0.342769 0.618879
0.16355 0.495408 0.341042
0.119822 0.388974 0.491204
0.256557 0.402243 0.3412
0.117862 0.478527 0.403611
0.212317 0.463672 0.324011
0.155421 0.450269 0.39431
0.149035 0.495326 0.355639
0.363081 0.117215 0.519705
0.0529749 0.646122 0.300903
0.566134 0.132901 0.300966
0.0347711 0.531443 0.433785
0.0194049 0.0268221 0.953773
0.101859 9.9991E-05 0.898041
9.9991E-05 0.305335 0.694565
9.9991E-05 0.418461 0.581439
9.9991E-05 0.213195 0.786705
9.9991E-05 0.35982 0.64008
9.9991E-05 0.37631 0.62359
0.82501 0.123481 0.0515092
0.801001 0.15092 0.0480796
0.912439 0.0874615 9.9991E-05
0.903741 0.0961594 9.9991E-05
9.9991E-05 0.330391 0.669509
0.0150293 0.296634 0.688337
9.9991E-05 0.241802 0.758098
0.0647895 0.406236 0.528975
0.0378431 0.355452 0.606705
0.034385 0.123612 0.842003
9.9991E-05 0.406587 0.593313
9.9991E-05 0.170084 0.829816
0.221873 0.470525 0.307601
9.9991E-05 0.292226 0.707674
9.9991E-05 0.169065 0.830835
0.0831808 0.376071 0.540748
9.9991E-05 0.358001 0.641899
9.9991E-05 0.231248 0.768652
9.9991E-05 0.400162 0.599738
0.0112915 0.36277 0.625938
9.9991E-05 0.00813572 0.991764
0.00190287 0.189088 0.809009
9.9991E-05 0.198117 0.801783
9.999E-05 9.999E-05 0.9998
0.144263 0.503764 0.351973
0.0042248 0.235935 0.759841
0.0378372 0.051672 0.910491
0.091972 9.9991E-05 0.907928
9.9991E-05 0.498867 0.501033
0.0705371 0.0751285 0.854334
9.9991E-05 0.319685 0.680215
0.00574806 0.440554 0.553698
9.9991E-05 0.329232 0.670668
0.000990694 0.293035 0.705975
9.9991E-05 0.411831 0.588069
0.032607 0.311041 0.656352
9.9991E-05 0.142532 0.857368
0.0862633 0.347866 0.56587
0.743929 0.00636225 0.249709
0.775303 0.0471045 0.177593
0.889993 9.9991E-05 0.109907
0.867085 9.9991E-05 0.132815
0.776758 0.0118509 0.211391
0.0818721 0.0400751 0.878053
0.121152 0.0657309 0.813117
9.9991E-05 0.0956825 0.904218
0.0226864 0.469804 0.50751
0.0915865 0.379921 0.528492
0.0457943 0.224282 0.729924
9.9991E-05 0.445419 0.554481
0.0535657 0.293042 0.653393
0.0836555 0.387218 0.529126
9.9991E-05 0.331349 0.668551
9.9991E-05 0.423662 0.576238
9.9991E-05 0.138657 0.861243
9.9991E-05 0.149455 0.850445
9.9991E-05 0.187988 0.811912
0.0847368 0.414373 0.50089
9.9991E-05 0.224942 0.774958
9.9991E-05 0.296163 0.703737
0.0717782 0.651073 0.277149
0.173604 0.687688 0.138707
0.0792894 0.799941 0.12077
0.223203 0.683682 0.0931153
0.0468494 0.659096 0.294054
9.9991E-05 0.37653 0.62337
0.346613 0.653287 9.9991E-05
0.17303 0.629027 0.197943
0.127816 0.49807 0.374114
0.152203 0.366783 0.481014
0.150889 0.297483 0.551628
0.0985417 0.403584 0.497874
9.9991E-05 0.433676 0.566224
0.254049 0.723719 0.0222317
0.121426 0.636408 0.242166
0.0581182 0.860819 0.0810628
0.111745 0.667668 0.220588
0.178659 0.755812 0.0655293
0.0623578 0.665982 0.271661
0.184637 0.725729 0.0896338
0.104598 0.655809 0.239592
0.0727642 0.398784 0.528451
0.157208 0.618817 0.223974
0.25156 0.74834 9.9991E-05
0.0581176 0.556612 0.385271
0.136766 0.686202 0.177032
0.247605 0.104399 0.647996
0.0186806 0.433501 0.547819
0.238302 0.54965 0.212048
0.0552844 0.442684 0.502032
0.16502 0.316379 0.518601
0.226653 0.428295 0.345051
0.222123 0.555989 0.221887
0.0845636 0.458165 0.457271
0.144121 0.573292 0.282587
0.116639 0.670403 0.212958
0.138533 0.816839 0.0446281
0.233821 0.735059 0.0311196
0.0547816 0.459136 0.486082
0.125763 0.28617 0.588067
0.261919 0.150114 0.587967
0.122983 0.499288 0.377728
0.0966847 0.301027 0.602288
0.19471 0.498984 0.306306
0.121511 0.43515 0.443339
0.484283 0.209201 0.306516
0.533125 0.125976 0.340898
0.249049 0.251222 0.499729
0.485347 0.250386 0.264267
0.599487 0.263814 0.1367
0.149618 0.35368 0.496701
0.247677 0.433355 0.318968
0.368676 0.29232 0.339004
0.4338 0.248314 0.317886
0.115222 0.422749 0.462029
0.323773 0.248735 0.427491
0.643411 0.0793744 0.277215
0.0418289 0.505182 0.452989
0.233618 0.469814 0.296568
0.242332 0.484818 0.27285
0.171916 0.691701 0.136384
0.141341 0.487498 0.371161
0.166494 0.518554 0.314952
0.137688 0.593479 0.268833
0.341408 0.481269 0.177323
0.174928 0.5255 0.299571
0.193059 0.584727 0.222214
0.268086 0.444516 0.287399
0.158762 0.301537 0.539702
0.143034 0.406755 0.450211
0.064658 0.523552 0.41179
0.0410563 0.458728 0.500216
0.306426 0.510336 0.183238
0.201157 0.55199 0.246852
0.428416 0.366116 0.205468
0.151227 0.516583 0.33219
0.336927 0.505029 0.158044
0.845432 0.0397161 0.114852
0.232577 9.9991E-05 0.767323
0.258408 9.9991E-05 0.741492
0.265415 9.9991E-05 0.734485
0.194385 9.9991E-05 0.805515
0.234247 9.9991E-05 0.765653
0.206094 9.9991E-05 0.793806
0.266824 9.9991E-05 0.733076
0.415193 9.9991E-05 0.584707
0.912679 0.0872209 9.9991E-05
0.815376 0.0819647 0.10266
0.889421 0.110479 9.9991E-05
0.865091 0.0519733 0.082936
0.901512 0.0983881 9.9991E-05
0.897331 0.0956545 0.00701443
0.759836 0.203333 0.0368307
0.83954 0.16036 9.9991E-05
0.794968 0.108101 0.0969315
0.870516 0.129384 9.9991E-05
0.968682 0.0312184 9.9991E-05
0.853725 0.145495 0.000780148
0.929808 0.0700919 9.9991E-05
0.888756 0.111144 9.9991E-05
0.832634 0.167266 9.99989E-05
0.828227 0.171673 9.9991E-05
0.749257 0.250643 9.9991E-05
0.760532 0.239368 9.9991E-05
0.805853 0.194047 9.9991E-05
0.183102 0.279181 0.537717
0.00286481 0.390048 0.607087
0.0833861 0.477409 0.439205
0.221275 0.0325077 0.746217
0.056551 0.382566 0.560883
0.295932 0.0708277 0.633241
0.0604695 0.477318 0.462212
0.0882931 0.249993 0.661714
0.0946239 0.332011 0.573365
9.9991E-05 0.316284 0.683616
0.114265 0.292188 0.593547
0.0119803 0.416006 0.572014
0.0696518 0.373114 0.557234
0.151037 9.9991E-05 0.848863
0.213127 9.9991E-05 0.786773
0.226228 0.0766488 0.697123
0.080243 0.349321 0.570436
0.080927 0.306945 0.612128
0.155051 0.31113 0.533819
9.9991E-05 0.45047 0.54943
0.179417 0.529999 0.290584
0.0885981 0.582828 0.328573
0.480962 0.241687 0.277351
0.0480363 0.478151 0.473813
0.217941 0.376104 0.405956
0.560192 0.132413 0.307395
0.299492 0.433462 0.267046
0.379761 0.383172 0.237068
0.338082 0.338936 0.322982
0.146722 0.562258 0.29102
0.188455 0.481757 0.329788
0.100006 0.531804 0.36819
0.194379 0.419861 0.38576
0.477893 0.379525 0.142582
