9.9973E-05 0.0942289 0.853765 9.9973E-05 9.9973E-05 0.0517065
9.9973E-05 0.0452779 0.924734 9.9973E-05 0.029688 9.9973E-05
0.0939492 0.00468281 0.820191 9.9991E-05 0.0784089 0.00266794
0.0995144 0.0856752 0.777158 9.9982E-05 9.9982E-05 0.037452
0.0997587 9.9982E-05 0.867034 0.00176413 9.9982E-05 0.0312432
0.0393298 0.0907747 0.557486 0.112057 0.107278 0.0930739
9.9964E-05 9.9964E-05 0.836064 0.163536 9.9964E-05 9.9964E-05
9.9982E-05 0.140327 0.677071 0.152248 9.9982E-05 0.0301532
9.9982E-05 0.102016 0.813511 0.0584226 0.0258507 9.9982E-05
0.126208 9.9982E-05 0.709341 0.127727 9.9982E-05 0.0365229
0.0274001 0.166451 0.696312 0.109637 9.9982E-05 9.9982E-05
0.154373 0.458911 9.9991E-05 0.00401126 0.265901 0.116705
0.509727 0.247732 9.9991E-05 0.106553 0.0725635 0.0633245
0.208352 0.505136 9.9982E-05 9.9982E-05 0.155762 0.130549
0.269045 0.400206 0.0405429 9.9991E-05 0.10894 0.181165
0.319993 0.21107 0.0911877 0.0491551 0.146107 0.182487
0.513226 0.221914 9.9982E-05 9.9982E-05 0.0885281 0.176132
0.421105 0.229543 0.0279082 0.0107215 0.188823 0.1219
0.344882 0.311566 0.0925623 9.9991E-05 0.164881 0.0860091
9.999E-05 0.574097 0.00791044 0.159034 0.148748 0.110111
0.265385 0.266188 9.9991E-05 0.0821182 0.206498 0.179711
0.435739 0.149747 9.9991E-05 0.205512 0.13189 0.0770105
0.599992 0.144866 9.9991E-05 0.0283538 0.162859 0.0638295
0.22396 0.371831 9.9991E-05 0.0720629 0.175627 0.156419
0.553178 0.0867202 0.0723703 0.0669515 0.117384 0.103396
0.584488 0.234629 0.0168274 0.000569284 0.058348 0.105138
0.146259 0.498121 9.9982E-05 9.9982E-05 0.204905 0.150515
0.108137 0.432988 9.9982E-05 9.9982E-05 0.181362 0.277312
0.210366 0.456084 0.00135765 0.091333 0.196563 0.0442958
0.100692 9.9973E-05 0.839248 9.9973E-05 9.9973E-05 0.0597598
0.165701 9.9973E-05 0.793241 9.9973E-05 9.9973E-05 0.0407582
0.147156 9.9982E-05 0.78217 9.9982E-05 0.02851 0.0419648
0.0592708 9.9982E-05 0.73321 9.9982E-05 0.129319 0.0780001
0.532405 0.147383 0.0345512 0.0202275 0.247644 0.017789
0.390182 0.0678292 0.0997216 9.9991E-05 0.343405 0.0987623
0.593546 0.0235993 0.0133365 9.9982E-05 0.369318 9.9982E-05
0.184507 0.514849 0.0904045 0.00937657 0.200762 9.9991E-05
0.29737 0.0399303 0.0168193 0.0829472 0.537882 0.025051
0.552739 0.195976 0.0624089 9.9982E-05 0.188676 9.9982E-05
0.700998 0.00525477 9.9991E-05 0.0539693 0.237899 0.00177928
0.547557 0.0395443 0.123492 0.197305 0.0829604 0.00914165
0.580209 0.113486 0.0925419 0.0172232 0.18389 0.0126503
0.0776129 0.0851964 0.10018 9.9982E-05 0.73681 9.9982E-05
0.606192 0.0106855 0.0322932 0.215453 0.0695938 0.0657827
0.511635 9.9991E-05 0.148817 0.0789598 0.235992 0.0244964
0.664958 0.0524942 0.113017 0.00228708 0.116705 0.0505395
0.299389 9.9973E-05 0.00412947 9.9973E-05 0.696181 9.9973E-05
0.640164 0.01197 0.00628 9.9991E-05 0.275624 0.0658617
0.543465 0.0434194 0.0884723 0.0829774 0.196607 0.0450586
9.9973E-05 9.9973E-05 0.108993 0.275692 0.615014 9.9973E-05
0.21761 0.432304 9.9982E-05 0.0917702 0.258115 9.9982E-05
0.0461135 0.247352 9.9991E-05 0.460188 0.218828 0.0274177
0.556825 0.251254 0.00599826 9.9991E-05 0.0690618 0.116761
0.621175 0.155991 0.0382968 0.0886176 0.013171 0.0827482
0.522298 0.155087 9.9991E-05 0.1374 0.0624192 0.122696
0.158859 0.344057 0.129129 0.0936657 0.274189 9.9991E-05
0.54188 0.264326 9.9982E-05 0.117364 0.0762294 9.9982E-05
0.469961 0.147414 0.0607185 0.0430711 0.132829 0.146007
0.393893 0.182746 0.15307 0.147385 0.122807 9.9991E-05
0.135017 0.290085 0.217289 0.205533 0.150133 0.00194235
0.446453 0.133494 0.0148043 0.0939102 0.222781 0.0885582
0.406427 0.279263 0.0530794 0.0148599 0.161719 0.0846512
9.9982E-05 0.462021 0.0346681 0.233584 0.269526 9.9982E-05
0.453059 0.235629 9.9991E-05 0.135775 0.143514 0.031922
0.681408 0.00792999 0.027704 0.211961 0.0187833 0.0522143
0.546453 0.149041 0.137492 0.0360289 0.0793322 0.0516527
0.283743 0.263353 9.9991E-05 0.123073 0.234297 0.0954337
0.506149 0.159271 0.0556116 0.0764722 0.179901 0.0225951
0.551776 0.142889 0.0980621 0.00641817 0.126553 0.0743017
0.217096 0.33559 0.0233406 0.130578 0.293296 9.9991E-05
0.545165 0.0618782 9.9982E-05 0.0125268 0.38023 9.9982E-05
0.151212 0.0855007 9.9982E-05 9.9982E-05 0.738566 0.0245214
0.518945 9.9982E-05 9.9982E-05 0.172979 0.263259 0.0446169
0.48058 0.0602002 0.144421 0.0189547 0.226656 0.0691883
9.9973E-05 9.9973E-05 0.0216259 0.182445 0.795629 9.9973E-05
9.9982E-05 0.00476787 9.9982E-05 0.117468 0.87649 0.00107408
0.266043 9.9973E-05 9.9973E-05 0.0226733 0.710984 9.9973E-05
0.494261 0.00736558 0.0813677 9.9982E-05 0.416806 9.9982E-05
0.561042 0.0194244 0.184386 0.0187948 0.187045 0.0293077
0.423731 0.11597 9.9982E-05 9.9982E-05 0.440682 0.0194166
9.9973E-05 0.140027 9.9973E-05 9.9973E-05 0.744505 0.115168
0.14213 0.217224 0.0343864 9.9991E-05 0.556485 0.0496746
0.449998 0.0714274 0.0930714 0.0480075 0.316428 0.0210676
0.180878 0.049202 9.9982E-05 9.9982E-05 0.669301 0.100419
0.387844 9.9973E-05 0.0867941 9.9973E-05 0.525062 9.9973E-05
0.4371 9.9973E-05 9.9973E-05 0.120309 0.442291 9.9973E-05
9.9982E-05 0.0219241 0.000126308 0.295551 0.682198 9.9982E-05
0.681649 0.100541 0.00823951 0.00528049 0.20419 9.9991E-05
0.132167 0.0117999 0.828429 9.9982E-05 9.9982E-05 0.0274037
0.105303 9.9964E-05 0.894297 9.9964E-05 9.9964E-05 9.9964E-05
0.123404 9.9964E-05 0.876196 9.9964E-05 9.9964E-05 9.9964E-05
0.0858545 9.9973E-05 0.895707 9.9973E-05 0.0181385 9.9973E-05
0.0984855 9.9982E-05 0.852794 0.0470772 0.00144296 9.9982E-05
0.0394684 9.9973E-05 0.943724 0.0165081 9.9973E-05 9.9973E-05
0.0920611 9.9973E-05 0.897446 9.9973E-05 9.9973E-05 0.0101929
0.508702 0.0598632 0.12015 0.0314721 0.209574 0.0702394
0.550556 0.0393978 0.157846 0.000209583 0.223307 0.0286833
9.9982E-05 0.0572269 0.0230861 0.0241578 0.895329 9.9982E-05
0.589198 0.0195956 0.161608 0.072851 0.156647 9.9991E-05
0.43805 0.133002 0.0484732 9.9982E-05 0.380275 9.9982E-05
0.593665 9.9982E-05 0.00832147 9.9982E-05 0.385697 0.0121161
0.563391 9.9982E-05 0.0249393 0.192825 0.218644 9.9982E-05
0.353546 9.9973E-05 9.9973E-05 9.9973E-05 0.476901 0.169253
9.9973E-05 0.174535 0.0557734 9.9973E-05 0.769392 9.9973E-05
0.525442 0.0632657 0.115288 0.13895 0.156954 9.9991E-05
0.691158 0.0267214 0.0424004 9.9982E-05 0.239521 9.9982E-05
0.45349 0.0693483 0.177366 0.0592136 0.186296 0.0542856
0.313465 9.9982E-05 0.0155888 0.151564 0.519183 9.9982E-05
0.516598 9.9982E-05 9.9982E-05 0.055988 0.420926 0.00628755
0.454909 0.0801789 0.0207824 9.9991E-05 0.43749 0.00654035
0.296638 9.9973E-05 9.9973E-05 9.9973E-05 0.61377 0.0892916
0.444359 0.134725 9.9982E-05 0.0404559 0.38026 9.9982E-05
0.57887 0.107036 0.177149 0.027161 0.109684 9.9991E-05
0.203483 0.342642 9.9991E-05 0.2869 0.0701198 0.0967561
0.534996 0.100471 0.112332 0.191977 9.9991E-05 0.0601239
0.326753 0.31149 0.0941685 0.0892169 0.0581816 0.12019
0.589887 0.163162 0.0747435 0.0894016 0.0525418 0.0302638
0.574223 0.120855 0.142697 0.0485762 0.0965517 0.0170967
0.534091 0.287032 0.0433515 9.9982E-05 0.135326 9.9982E-05
0.660707 0.225114 9.9982E-05 0.0801431 9.9982E-05 0.0338356
0.512235 0.364265 0.0243961 9.9982E-05 0.0989037 9.9982E-05
0.581524 0.134797 0.0882061 0.0418034 0.15357 9.9991E-05
0.539705 0.169966 9.9991E-05 0.0940794 0.115181 0.0809683
0.645286 0.212872 0.0431729 0.0659947 0.0325747 9.9991E-05
0.541498 0.353244 9.9982E-05 0.0152151 0.089843 9.9982E-05
0.621971 0.157009 9.9991E-05 0.116044 0.0270209 0.0778547
0.633094 0.135315 0.03471 0.172702 9.9991E-05 0.0240799
0.619599 0.27603 9.9991E-05 0.0569013 0.0382015 0.00916772
0.660637 0.122514 0.0681834 0.105795 9.9991E-05 0.0427704
0.558346 0.285799 9.9982E-05 0.0990927 9.9982E-05 0.0565626
0.435451 0.220103 0.112222 0.226449 9.9991E-05 0.00567565
0.652675 0.147625 9.9991E-05 0.0649947 0.0764867 0.0581184
0.748469 0.147607 9.9982E-05 0.101919 9.9982E-05 0.00180509
0.182339 0.420553 9.9991E-05 0.0187496 0.262179 0.116079
0.186986 0.310971 0.0212624 0.362776 0.117904 9.9991E-05
0.562693 0.232196 0.00643042 0.0844964 0.0737275 0.0404567
0.0546448 0.274748 9.9991E-05 0.39692 0.254694 0.0188918
0.323745 0.467993 0.0395293 0.0439186 0.124714 9.9991E-05
0.436471 0.362475 9.9982E-05 9.9982E-05 0.196335 0.00451884
0.273912 0.382725 0.0386324 0.0117637 0.292868 9.9991E-05
0.316136 0.395144 0.000616756 9.9991E-05 0.258194 0.0298089
0.630749 0.0831357 0.087313 0.100693 0.0200757 0.0780334
0.60039 0.114103 0.109217 0.12147 0.0503343 0.00448547
0.554945 0.161853 0.0468351 0.015257 0.219256 0.00185478
0.0920344 0.37006 9.9991E-05 0.318308 0.125862 0.093635
0.545284 0.0245199 0.156162 0.153194 0.12074 9.9991E-05
0.429753 9.9991E-05 0.0836551 0.234853 0.208039 0.0435994
0.0168486 0.139829 0.167407 0.534958 0.140857 9.9991E-05
0.715922 9.9991E-05 0.0510444 0.119919 0.057083 0.0559321
0.387322 0.0871742 0.111175 0.232265 0.165568 0.0164959
0.587764 9.9982E-05 0.0861124 0.161571 0.164353 9.9982E-05
0.248238 0.125168 0.162801 0.352335 0.111359 9.9991E-05
0.196755 0.110663 0.0706593 0.510372 0.111451 9.9991E-05
0.410525 0.141219 0.0244845 0.275894 0.147777 9.9991E-05
0.536485 0.0793614 0.127716 0.256237 9.9982E-05 9.9982E-05
0.410548 0.108125 0.101277 0.195097 0.115548 0.0694062
0.499188 0.0167021 0.229037 0.0800515 0.119034 0.0559876
0.50974 0.0788586 0.21521 9.9991E-05 0.0401317 0.15596
9.9991E-05 0.0715974 0.0555909 0.397808 0.303132 0.171771
0.588641 0.119815 0.0506943 0.144926 0.0472516 0.0486721
0.523105 0.0435939 0.157995 0.0436999 0.184351 0.0472559
0.317067 0.0729661 9.9982E-05 0.361545 0.248221 9.9982E-05
0.49993 0.0426802 9.9982E-05 0.283034 0.174156 9.9982E-05
0.621035 0.0509606 0.0553356 0.19995 0.0557403 0.0169789
0.402515 0.0731047 0.135397 9.9991E-05 0.164218 0.224665
0.133848 0.00450042 0.261667 0.283511 9.9991E-05 0.316374
9.9973E-05 9.9973E-05 0.535551 0.328983 9.9973E-05 0.135166
9.9973E-05 9.9973E-05 0.448796 0.454914 9.9973E-05 0.0959904
0.0859778 9.9982E-05 0.365193 0.238076 9.9982E-05 0.310552
0.660534 9.9973E-05 9.9973E-05 0.271912 0.0672539 9.9973E-05
0.61868 0.114376 0.078728 0.149293 0.0388225 9.9991E-05
0.279774 0.052492 9.9973E-05 9.9973E-05 9.9973E-05 0.667434
0.337548 0.139733 0.0128889 9.9991E-05 0.0103566 0.499374
0.329214 0.100538 0.0941673 9.9991E-05 0.0762275 0.399753
0.292883 0.00210584 9.9991E-05 0.597926 0.0685709 0.0384146
0.517709 0.0282527 0.0853701 0.252981 0.102558 0.013129
0.210136 0.0475273 9.9991E-05 0.713822 0.0091747 0.0192396
0.635079 9.9982E-05 0.0273758 0.267107 0.0702377 9.9982E-05
0.455036 9.9991E-05 0.0526426 0.278384 0.170732 0.0431057
0.630078 9.9991E-05 0.055158 0.26845 0.0390372 0.00717661
0.223362 0.0534205 9.9982E-05 0.613673 0.109345 9.9982E-05
0.65214 0.0550116 0.0187563 0.0960762 0.0583793 0.119636
0.613176 9.9982E-05 0.063708 0.222719 0.100198 9.9982E-05
0.436937 0.0454172 0.144684 0.0359448 0.15377 0.183248
9.996E-05 9.996E-05 9.996E-05 9.996E-05 9.996E-05 0.9995
0.0758372 0.0134479 9.9973E-05 9.9973E-05 9.9973E-05 0.910415
0.219979 0.0870331 9.9991E-05 0.0591944 0.0424326 0.591261
0.374335 9.9964E-05 9.9964E-05 9.9964E-05 9.9964E-05 0.625265
0.140707 0.014467 0.00435546 9.9982E-05 9.9982E-05 0.840271
9.996E-05 9.996E-05 9.996E-05 9.996E-05 9.996E-05 0.9995
9.9964E-05 0.0459748 9.9964E-05 9.9964E-05 9.9964E-05 0.953625
0.12154 9.9964E-05 9.9964E-05 9.9964E-05 9.9964E-05 0.87806
9.9964E-05 9.9964E-05 9.9964E-05 9.9964E-05 0.0260627 0.973537
9.996E-05 9.996E-05 9.996E-05 9.996E-05 9.996E-05 0.9995
9.996E-05 9.996E-05 9.996E-05 9.996E-05 9.996E-05 0.9995
0.233078 9.9973E-05 0.0677916 9.9973E-05 9.9973E-05 0.698831
0.106704 0.0618173 0.0095276 9.9991E-05 0.0414202 0.780431
9.9964E-05 9.9964E-05 9.9964E-05 9.9964E-05 0.0237709 0.975829
0.35386 0.01007 0.0795418 9.9991E-05 0.106087 0.450341
0.157277 0.102261 0.00163911 0.0111868 9.9991E-05 0.727537
0.163515 0.0124525 0.0898178 9.9991E-05 0.0183501 0.715765
0.071043 0.0516374 0.00819635 9.9982E-05 9.9982E-05 0.868923
0.00402308 9.9973E-05 0.00874765 9.9973E-05 9.9973E-05 0.986929
0.0346848 0.0100898 0.0119122 9.9991E-05 0.0298147 0.913398
9.996E-05 9.996E-05 9.996E-05 9.996E-05 9.996E-05 0.9995
0.220314 0.0317836 0.051502 9.9991E-05 0.0764942 0.619806
9.9973E-05 0.0487264 9.9973E-05 9.9973E-05 0.0447098 0.906264
9.9973E-05 9.9973E-05 0.344022 0.627501 9.9973E-05 0.0281772
0.372839 0.0975899 0.136366 0.271814 9.9991E-05 0.121291
0.491769 0.0586632 0.191496 0.216805 0.0192442 0.0220231
0.238654 9.9982E-05 0.242266 0.465854 9.9982E-05 0.0530269
0.41334 0.0575 0.106293 0.219619 0.011647 0.191602
0.165054 9.9991E-05 0.285097 0.346495 0.117738 0.085516
0.391741 0.0435169 0.196749 0.205542 0.145206 0.0172454
0.306638 9.9991E-05 0.119675 0.409293 0.0306079 0.133686
0.45785 9.9982E-05 0.132784 0.234598 9.9982E-05 0.174568
0.325937 9.9982E-05 0.137347 0.352959 9.9982E-05 0.183558
0.442036 0.0473338 0.149932 0.112041 0.152032 0.0966256
0.458939 0.0889222 0.133372 0.103043 0.133683 0.082041
0.0751892 0.0622288 0.823178 0.0392043 9.9982E-05 9.9982E-05
0.000511027 0.0305749 0.90096 0.0293545 0.0138945 0.0247048
0.0279165 9.9982E-05 0.946779 0.00523674 0.0198676 9.9982E-05
0.0453787 0.0384078 0.915294 0.000719551 9.9982E-05 9.9982E-05
0.0468912 0.0687734 0.884035 9.9973E-05 9.9973E-05 9.9973E-05
9.9982E-05 9.9982E-05 0.906821 0.0149135 0.0199896 0.0580763
9.9973E-05 9.9973E-05 0.907256 9.9973E-05 0.0273974 0.0650463
0.029657 9.9973E-05 0.897239 0.0728036 9.9973E-05 9.9973E-05
9.9973E-05 9.9973E-05 0.915622 9.9973E-05 0.0826225 0.00145557
0.0437769 0.0127806 0.866873 9.9982E-05 9.9982E-05 0.0763697
9.9973E-05 0.244835 0.608141 9.9973E-05 0.146725 9.9973E-05
9.9973E-05 0.324164 0.581806 9.9973E-05 0.0937298 9.9973E-05
9.9982E-05 0.295944 0.535177 0.0949046 0.0737748 9.9982E-05
9.9982E-05 0.301108 0.488345 0.0818878 0.128459 9.9982E-05
0.525166 0.197543 0.0239403 9.9982E-05 0.253151 9.9982E-05
0.434721 0.115196 9.9991E-05 0.114712 0.279663 0.0556082
0.54463 0.160647 9.9991E-05 0.0309547 0.230386 0.0332824
0.511447 0.129276 0.124472 0.06321 0.154154 0.0174413
0.411665 0.3088 0.0151584 9.9982E-05 0.264177 9.9982E-05
0.142865 0.555233 9.9991E-05 0.0248028 0.215641 0.0613573
0.658407 0.0271007 0.0160035 9.9991E-05 0.274229 0.0241596
0.588902 0.0199383 9.9982E-05 9.9982E-05 0.385156 0.00580356
0.543121 0.0852302 9.9982E-05 0.0669316 0.304517 9.9982E-05
0.340282 9.9982E-05 9.9982E-05 0.124371 0.474825 0.0603224
0.668754 0.122028 0.017494 0.126018 0.0656061 9.9991E-05
0.329203 0.110631 9.9982E-05 9.9982E-05 0.535887 0.0240795
9.9964E-05 9.9964E-05 9.9964E-05 0.184677 0.814923 9.9964E-05
0.508437 0.171442 0.0289864 0.111051 0.158821 0.021262
0.239922 9.9982E-05 0.0118517 0.257233 0.490793 9.9982E-05
0.523021 9.9982E-05 9.9982E-05 0.0513363 0.414157 0.0112855
0.0655173 0.133088 0.0661763 9.9982E-05 0.735019 9.9982E-05
0.00253245 0.767112 0.123169 0.106986 9.9982E-05 9.9982E-05
0.0423976 0.718911 0.100021 0.13847 9.9982E-05 9.9982E-05
9.9973E-05 0.826637 0.0391206 0.133942 9.9973E-05 9.9973E-05
9.9973E-05 0.794564 0.0527235 0.152413 9.9973E-05 9.9973E-05
0.0231377 0.809498 9.9982E-05 0.145688 9.9982E-05 0.0214762
0.0531573 0.781833 0.0349366 0.0847342 9.9991E-05 0.0452392
0.107369 9.9964E-05 0.892232 9.9964E-05 9.9964E-05 9.9964E-05
0.0158774 0.0984313 0.809367 9.9982E-05 9.9982E-05 0.0761243
0.120777 9.9973E-05 0.781162 9.9973E-05 9.9973E-05 0.0977602
0.0804845 0.101743 0.743419 9.9982E-05 9.9982E-05 0.0741534
0.0975546 0.0071738 0.811387 9.9982E-05 9.9982E-05 0.083685
9.9982E-05 0.581503 0.351587 0.0618828 0.00482723 9.9982E-05
9.9982E-05 0.345761 0.466465 0.109045 0.0785287 9.9982E-05
9.9982E-05 0.383641 0.473599 0.0539942 0.088566 9.9982E-05
0.134129 0.0484089 0.785565 9.9982E-05 9.9982E-05 0.0316973
9.9991E-05 0.513654 0.37552 0.0264613 0.0836688 0.000596063
0.268068 9.9982E-05 0.204873 0.167979 9.9982E-05 0.358881
0.528064 0.0803125 0.177052 9.9991E-05 0.0666208 0.14785
0.56295 9.9973E-05 0.219142 9.9973E-05 9.9973E-05 0.217608
0.352191 9.9991E-05 0.216149 0.143102 0.0662243 0.222234
0.469138 0.0402213 0.168609 0.11336 9.9991E-05 0.208572
9.9973E-05 9.9973E-05 0.441816 0.262806 9.9973E-05 0.295078
0.479015 0.341014 9.9982E-05 0.0714105 0.108361 9.9982E-05
0.397174 0.212293 0.0127514 0.285472 0.0922103 9.9991E-05
0.309885 0.519646 0.0920004 0.0404007 0.0379674 9.9991E-05
0.499869 0.129068 9.9982E-05 0.208187 0.162676 9.9982E-05
9.9973E-05 0.120065 9.9973E-05 0.66764 0.211995 9.9973E-05
0.517082 0.184577 0.0590419 0.16538 0.00381721 0.070103
0.512068 0.253402 9.9982E-05 0.166069 0.0682606 9.9982E-05
0.330191 0.415496 0.0297569 0.0993929 0.125062 9.9991E-05
0.585947 0.16763 0.0230208 0.214356 9.9991E-05 0.00894669
0.12298 0.325626 9.9982E-05 0.327824 0.22337 9.9982E-05
0.427252 0.182457 9.9991E-05 0.257835 0.0663949 0.0659612
0.579434 0.28777 9.9991E-05 0.079198 0.0502875 0.00321108
0.314993 0.0442436 0.1305 0.106459 0.254936 0.148869
0.404236 0.294465 9.9991E-05 0.193999 0.0930254 0.0141744
0.486286 0.278007 0.0135163 0.123103 0.0976017 0.00148578
0.489122 0.047341 0.0213241 0.199554 0.164946 0.0777133
0.526916 0.106037 9.9982E-05 0.146396 0.220451 9.9982E-05
0.671543 0.108732 0.0162066 0.0577239 0.112028 0.0337664
0.465448 0.185557 0.0792748 0.0352412 0.100024 0.134455
0.608723 0.121399 0.133016 0.119376 9.9991E-05 0.0173853
0.116243 9.9973E-05 0.782542 9.9973E-05 9.9973E-05 0.100915
0.116087 9.9973E-05 0.85911 9.9973E-05 0.0245028 9.9973E-05
0.0752597 0.0524825 0.772636 0.055823 0.0436992 9.9991E-05
0.0284935 9.9982E-05 0.814601 9.9982E-05 0.118771 0.0379344
0.132569 9.9982E-05 0.841221 9.9982E-05 0.00384871 0.022161
0.118815 0.60614 9.9991E-05 0.061111 0.11672 0.0971145
0.438603 0.128534 0.115712 0.08884 0.204153 0.0241581
0.413066 9.9991E-05 0.226706 0.175026 0.0076673 0.177435
0.685259 0.098284 0.0938833 0.0786732 9.9991E-05 0.0438009
0.511213 0.303912 0.0614821 9.9982E-05 0.123193 9.9982E-05
0.269977 0.36654 9.9991E-05 0.273028 0.00764848 0.0827065
9.9982E-05 0.521851 0.137909 0.144853 0.195187 9.9982E-05
0.535214 0.294734 0.0392314 0.0985383 0.0198325 0.01245
0.17813 0.506222 0.0245684 0.172418 0.0698515 0.0488103
0.505866 0.131107 0.0630767 0.214739 0.0713232 0.0138873
0.0476518 0.452302 0.115672 0.0940832 0.229531 0.0607598
0.644881 0.255503 0.0452548 0.00175018 9.9991E-05 0.0525117
0.204357 0.488693 0.0958162 0.0321573 0.142518 0.036459
0.57359 0.0630487 0.126766 0.0065739 0.115965 0.114056
0.303612 0.305469 0.0123378 0.118325 0.130539 0.129717
0.543059 0.169071 0.0709296 0.178308 0.0291614 0.00947148
0.362839 0.0888563 9.9982E-05 0.472931 0.0751735 9.9982E-05
0.523315 0.112 0.0844642 0.28002 9.9982E-05 9.9982E-05
0.512535 0.0246942 0.11634 0.250762 0.0595722 0.0360969
0.362718 0.0784613 9.9982E-05 0.543646 0.0149745 9.9982E-05
0.630639 0.0443144 0.169145 0.0910905 0.0647111 9.9991E-05
0.508833 0.0789758 0.119402 0.254737 0.0379516 9.9991E-05
0.619421 0.036153 0.0325715 0.299244 0.0125108 9.9991E-05
0.132047 0.0730422 9.9982E-05 0.692841 0.101869 9.9982E-05
0.31046 0.0804237 9.9982E-05 0.573803 0.0351135 9.9982E-05
0.55445 0.0851948 9.9973E-05 0.360055 9.9973E-05 9.9973E-05
0.170369 0.153149 9.9982E-05 0.559064 0.117218 9.9982E-05
0.465119 0.147412 9.9982E-05 0.375303 0.0119656 9.9982E-05
0.106052 0.563669 0.0162487 0.0176494 0.270201 0.0261801
0.26919 0.320233 9.99849E-05 0.282259 0.128118 9.99849E-05
0.360407 0.432671 0.0266367 9.9991E-05 0.111344 0.068842
0.498784 0.109036 0.0162498 0.043003 0.199086 0.133841
0.211703 0.473732 9.9991E-05 0.0256565 0.286949 0.00186026
0.46391 0.235361 0.0605707 0.152124 9.9991E-05 0.0879345
0.594779 0.251464 0.0446992 9.9991E-05 0.0373588 0.0715991
0.469184 0.289054 0.0875813 0.0474537 0.0918937 0.0148328
0.451236 0.232031 9.9991E-05 0.054197 0.147623 0.114813
0.404379 0.330283 0.0416746 9.9991E-05 0.156604 0.0669601
0.152962 0.453651 9.9982E-05 9.9982E-05 0.261842 0.131345
0.260011 0.423972 9.9982E-05 9.9982E-05 0.15771 0.158108
0.633856 0.234059 9.9991E-05 0.0528335 0.0310712 0.0480801
0.581631 0.177164 0.0464078 0.175364 0.0193341 9.9991E-05
0.429894 0.296589 0.032397 0.166342 0.0693355 0.00544325
0.463557 0.260458 9.9991E-05 0.0810916 0.0703891 0.124404
0.410196 0.400545 0.0578768 0.102961 0.0264018 0.00202008
0.656547 0.19725 0.00286831 9.9991E-05 0.102562 0.0406731
0.599256 0.15615 0.0797538 0.16464 9.9982E-05 9.9982E-05
0.450446 0.185474 0.166732 0.0418078 0.0196711 0.135869
0.345192 0.0288854 0.339543 0.00580749 0.146002 0.134571
0.461789 9.9982E-05 0.160339 0.232023 9.9982E-05 0.145648
0.548952 9.9991E-05 0.176097 0.134544 0.0449968 0.09531
0.595254 0.0372108 0.110541 0.0911439 0.0673251 0.0985246
0.468582 9.9991E-05 0.155317 0.0889534 0.0625248 0.224523
0.387685 0.192351 9.9991E-05 0.252813 0.112894 0.0541569
0.492457 0.0721576 0.204935 0.0486477 0.0730656 0.108736
9.9991E-05 0.00355761 0.269397 0.469518 0.138958 0.118469
0.502318 0.0227264 0.131104 0.037611 0.138748 0.167492
0.618548 0.0289492 0.157326 0.081294 9.9991E-05 0.113783
0.475217 0.0518214 0.0511652 0.0736659 0.125136 0.222994
0.26042 0.0728552 0.197264 0.224231 0.0810686 0.164161
0.527446 0.00893199 0.186781 0.107232 0.0821951 0.0874136
0.528228 0.0131652 0.147055 0.102478 9.9991E-05 0.208973
9.9973E-05 9.9973E-05 0.503632 0.327784 9.9973E-05 0.168285
0.494017 9.9982E-05 0.24929 0.0410493 9.9982E-05 0.215444
0.59374 0.0044098 0.188915 9.9991E-05 0.0466809 0.166154
0.468429 0.0090484 0.0996775 0.10097 0.147114 0.17476
0.546714 9.9982E-05 0.173641 0.0793611 9.9982E-05 0.200084
0.510906 0.141066 0.156962 0.0197021 0.0530764 0.118288
0.463172 0.0109475 9.9991E-05 0.241234 0.228505 0.0560418
0.542363 0.0678015 0.0739738 0.185129 0.0728461 0.057887
0.0271681 0.131776 9.9982E-05 0.58858 0.252276 9.9982E-05
0.373122 0.107048 0.0128459 0.189667 0.167851 0.149466
0.463695 9.9991E-05 0.112477 0.145393 0.16075 0.117585
0.029668 0.1149 9.9982E-05 0.633773 0.221459 9.9982E-05
0.436094 0.0768502 0.0728459 0.185601 0.136887 0.0917224
0.450486 9.9982E-05 0.110689 0.186598 9.9982E-05 0.252027
0.372807 9.9982E-05 0.0966389 0.238655 9.9982E-05 0.291699
0.162879 9.9991E-05 0.168337 0.33482 0.0498598 0.284005
0.343955 9.9991E-05 0.156295 0.207935 0.0611224 0.230594
0.512495 9.9991E-05 0.124908 0.0700024 0.115848 0.176646
0.180205 9.9982E-05 0.0642766 0.670623 9.9982E-05 0.0846954
0.287963 9.9982E-05 0.112357 0.566845 9.9982E-05 0.0326351
0.488618 0.117803 9.9991E-05 0.189702 0.0822463 0.12153
0.513543 9.9991E-05 0.0704597 0.275492 0.0601897 0.0802156
0.247749 0.0344901 0.0613898 0.514697 0.0747474 0.0669263
0.492866 0.0102525 0.142401 0.0839576 0.165676 0.104847
0.514445 0.0730546 9.9991E-05 0.185652 0.132766 0.0939814
0.479496 0.0613436 0.0692245 0.111419 0.111761 0.166756
0.34039 0.0922635 9.9982E-05 0.370164 0.196983 9.9982E-05
0.392568 0.00414038 9.9991E-05 0.425083 0.163848 0.0142606
0.615929 0.036146 0.0610359 0.238343 0.0484467 9.9991E-05
0.46408 0.149703 0.049085 0.304787 0.0215147 0.0108298
0.390602 0.0528836 0.0722562 0.159998 0.151297 0.172963
0.534764 0.0959725 0.0363728 0.227744 0.0239566 0.0811901
0.536471 0.0486479 9.9982E-05 0.377414 0.037267 9.9982E-05
0.296418 0.11286 9.9982E-05 0.562279 0.0282425 9.9982E-05
0.65311 9.9982E-05 0.0158707 0.148733 0.182086 9.9982E-05
0.503477 9.9991E-05 0.0961871 0.161416 0.20576 0.0330603
0.216774 0.00347697 9.9982E-05 0.502327 0.277222 9.9982E-05
0.535963 9.9973E-05 9.9973E-05 0.429498 0.034239 9.9973E-05
0.562044 0.140723 0.073983 0.134992 0.0772057 0.0110522
0.572244 0.0327567 9.9982E-05 0.0929602 0.301839 9.9982E-05
0.47335 0.0529518 0.125474 0.144826 0.0344345 0.168964
0.377129 0.0604881 0.126673 0.161967 0.145394 0.128349
0.352461 0.0782792 0.103499 0.166114 0.0403717 0.259274
0.5102 0.0594704 0.181617 0.0399294 0.07826 0.130523
0.313356 0.0447609 0.188825 0.238236 9.9991E-05 0.214722
0.482359 0.141098 0.113379 9.9991E-05 0.0839225 0.179141
0.383198 0.0492142 0.136089 0.212915 0.0734861 0.145098
9.9991E-05 0.0122578 0.182815 0.597623 0.0528209 0.154384
0.664355 9.9982E-05 0.0886903 0.08897 9.9982E-05 0.157784
9.9973E-05 9.9973E-05 0.374891 0.492611 9.9973E-05 0.132199
0.465049 9.9982E-05 0.0213443 0.28378 9.9982E-05 0.229627
0.116968 9.9973E-05 9.9973E-05 0.587579 0.295153 9.9973E-05
9.9973E-05 0.037041 9.9973E-05 0.686643 0.276016 9.9973E-05
0.486679 0.0433032 9.9982E-05 0.344988 0.12483 9.9982E-05
0.69321 9.9982E-05 0.00191241 0.214884 0.0897935 9.9982E-05
0.448734 0.0564352 9.9982E-05 0.346696 0.147934 9.9982E-05
0.543801 9.9973E-05 9.9973E-05 0.274803 0.181096 9.9973E-05
0.607659 9.9982E-05 9.9982E-05 0.266029 0.113083 0.0130297
0.109361 0.034929 0.802276 0.0113853 0.00421069 0.0378379
9.9991E-05 0.150108 0.663384 0.00589525 0.00938653 0.171127
9.9973E-05 0.0373247 0.903426 9.9973E-05 9.9973E-05 0.0589497
0.0742597 9.9973E-05 0.922047 0.00339364 9.9973E-05 9.9973E-05
0.540085 0.058267 0.0041264 9.9991E-05 0.36544 0.031981
0.454274 9.9982E-05 0.0931991 9.9982E-05 0.415596 0.0367315
0.420536 9.9973E-05 0.0352748 9.9973E-05 0.54389 9.9973E-05
0.588062 9.9973E-05 0.151657 9.9973E-05 0.259981 9.9973E-05
0.466043 0.179098 0.103268 0.0411159 0.169961 0.0405136
0.188015 0.0595044 0.00349077 0.0746636 0.655844 0.0184828
0.56381 9.9982E-05 0.00239815 9.9982E-05 0.360017 0.0735753
0.320753 9.9973E-05 9.9973E-05 0.220551 0.458396 9.9973E-05
0.504289 0.0776753 0.265401 0.0242608 9.9991E-05 0.128274
0.416492 0.0673649 9.9991E-05 0.185787 0.317474 0.0127829
0.336895 0.129242 9.9973E-05 9.9973E-05 0.533562 9.9973E-05
0.501257 9.9991E-05 0.0656108 0.135083 0.229881 0.0680675
0.546125 0.0334251 9.9973E-05 9.9973E-05 0.42015 9.9973E-05
0.378309 0.0532567 0.0254868 9.9982E-05 0.542748 9.9982E-05
0.631704 9.9973E-05 9.9973E-05 0.039887 0.328109 9.9973E-05
0.602467 0.0574285 0.00809953 0.102376 0.228615 0.00101376
0.0289174 9.9973E-05 9.9973E-05 0.113648 0.857134 9.9973E-05
0.159893 9.9991E-05 0.0307578 0.155841 0.626788 0.026621
0.357182 0.0498101 9.9973E-05 9.9973E-05 0.592708 9.9973E-05
9.9964E-05 9.9964E-05 9.9964E-05 0.184023 0.815577 9.9964E-05
0.452716 0.108264 0.204727 0.110465 0.00443646 0.119392
0.392399 0.0442565 0.00187843 0.0180169 0.486471 0.0569778
0.12036 0.0231528 0.0016315 0.299754 0.555001 9.9991E-05
9.9964E-05 9.9964E-05 9.9964E-05 0.274246 0.725354 9.9964E-05
0.578727 0.00697423 0.051243 0.0167204 0.313347 0.0329879
0.147258 0.112365 0.061926 0.0312667 0.647084 9.9991E-05
0.308761 0.0839733 9.9991E-05 0.0240421 0.448861 0.134262
0.485332 9.9991E-05 0.0406827 0.0676887 0.252543 0.153654
0.574814 0.125623 0.0336495 9.9982E-05 0.265713 9.9982E-05
0.311045 0.186665 9.9991E-05 0.298586 0.125466 0.0781378
0.558283 9.9982E-05 0.0227069 0.0376127 0.381198 9.9982E-05
0.513764 0.13525 0.0307234 9.9991E-05 0.318902 0.00126075
0.279257 9.9964E-05 9.9964E-05 9.9964E-05 0.720343 9.9964E-05
0.476546 0.04443 0.0452969 0.11062 0.254335 0.0687725
9.9991E-05 0.235551 0.599248 0.114038 0.0421163 0.00894766
0.0406857 0.145294 0.760208 0.00787252 0.0458401 9.9991E-05
9.9973E-05 0.142173 0.785341 0.072186 9.9973E-05 9.9973E-05
9.9973E-05 0.16415 0.813989 0.021561 9.9973E-05 9.9973E-05
0.0282294 0.248523 0.722948 9.9973E-05 9.9973E-05 9.9973E-05
0.0554417 0.0718139 0.0281197 9.9991E-05 0.806512 0.0380124
0.0493944 0.0780127 0.0579462 0.0764208 0.738126 9.9991E-05
0.141973 9.9973E-05 9.9973E-05 0.163884 0.693843 9.9973E-05
0.541689 9.9982E-05 0.084559 9.9982E-05 0.280682 0.0928699
0.584718 0.00275275 0.161062 9.9991E-05 0.23047 0.0208966
0.268174 9.9991E-05 0.0135856 0.127592 0.573992 0.0165561
0.571466 0.0320266 0.00694021 9.9991E-05 0.302674 0.0867942
0.360646 9.9991E-05 0.0276145 0.0934365 0.470095 0.0481082
0.365761 0.0133156 0.187175 0.128185 0.240096 0.065468
0.555611 0.0354428 0.0429483 0.0298905 0.320277 0.0158306
0.601703 0.0601345 0.069091 9.9991E-05 0.23984 0.0291321
0.19201 0.0727234 9.9991E-05 0.0193228 0.679831 0.036012
0.328623 0.0613568 0.0134234 9.9982E-05 0.596396 9.9982E-05
0.277536 0.0856961 9.9973E-05 9.9973E-05 0.636468 9.9973E-05
0.558067 0.0656122 0.0572442 0.222035 0.0613319 0.0357103
0.382177 0.0544403 0.0194799 9.9982E-05 0.543703 9.9982E-05
0.38368 0.0347626 0.072216 0.0182717 0.456403 0.0346662
0.391872 0.0460167 9.9991E-05 0.0892194 0.0210408 0.451752
0.423018 9.9991E-05 0.119232 0.0615487 0.0322103 0.363891
0.391602 9.9982E-05 0.138824 0.0607121 9.9982E-05 0.408662
0.347837 9.9982E-05 0.158737 0.0506772 9.9982E-05 0.442549
0.469496 0.0125807 0.0854694 0.11532 9.9991E-05 0.317034
0.510897 9.9982E-05 0.0684103 0.20154 0.218953 9.9982E-05
0.0275597 9.9982E-05 0.290526 0.0225565 9.9982E-05 0.659158
0.30242 9.9982E-05 0.217315 0.0355867 9.9982E-05 0.444478
0.412687 9.9991E-05 0.118563 0.269298 0.0476205 0.151731
0.624201 0.0168094 0.118956 0.239835 9.9982E-05 9.9982E-05
0.450545 0.0565306 0.115506 0.361378 0.00313783 0.0129017
0.53598 0.0362731 0.084915 0.212853 0.0428195 0.0871593
0.606362 0.075229 0.0524052 0.0989031 0.116513 0.0505879
0.408411 9.9973E-05 0.165142 9.9973E-05 9.9973E-05 0.426147
0.298499 0.0553138 0.136243 9.9991E-05 0.125402 0.384443
0.419718 9.9982E-05 0.0642963 0.0276726 9.9982E-05 0.488113
0.470156 0.0145081 0.176631 0.129512 0.00483564 0.204357
0.335013 9.9991E-05 0.136417 0.011492 0.0333454 0.483634
0.400373 9.9982E-05 0.216012 0.0355164 9.9982E-05 0.347899
0.266882 9.9991E-05 0.183268 0.0514646 0.0149892 0.483296
0.267378 0.163191 0.0480989 9.9991E-05 0.0245247 0.496708
0.593509 0.036993 0.0515669 0.312941 9.9991E-05 0.0048899
0.451288 0.00319661 0.232805 0.0601985 9.9991E-05 0.252412
0.109559 9.9982E-05 0.16857 0.0580401 9.9982E-05 0.663631
0.451787 0.0773022 0.119823 9.9991E-05 0.103201 0.247786
0.317999 0.0941949 0.102317 9.9991E-05 0.0864769 0.398913
0.231587 0.316127 0.114872 0.245125 0.0921904 9.9991E-05
0.632194 0.0195868 9.9982E-05 0.302239 9.9982E-05 0.0457804
0.458955 0.070173 0.13445 0.0356593 9.9991E-05 0.300663
0.607073 0.163982 0.0667763 0.0853564 0.0367265 0.0400858
0.51632 0.0688509 0.124324 0.186796 0.0845755 0.0191343
0.368826 9.9991E-05 0.177392 0.0774019 0.176274 0.200006
0.338084 0.0616568 0.173384 0.160597 9.9991E-05 0.266178
0.583588 0.0296491 0.0772608 0.155369 0.12106 0.0330736
0.415616 0.11695 0.131095 9.9991E-05 0.0975618 0.238678
0.42333 0.0925012 0.157545 0.00251275 0.0300131 0.294099
0.353806 9.9982E-05 0.118959 0.0207774 9.9982E-05 0.506258
0.176774 9.9982E-05 0.234177 0.0353506 9.9982E-05 0.553499
0.692861 9.9982E-05 0.064627 0.206083 9.9982E-05 0.0362288
0.470015 0.087846 0.165918 0.187976 0.0881451 9.9991E-05
0.222612 9.9982E-05 0.133967 0.63253 9.9982E-05 0.0106898
0.607548 9.9991E-05 0.0748885 0.0791028 0.0861525 0.152209
0.451024 0.211149 0.112593 0.165193 0.0599411 9.9991E-05
0.409913 9.9991E-05 0.215801 0.128221 0.133646 0.11232
0.368761 0.274665 0.0564765 0.163703 0.0152892 0.121105
9.9973E-05 9.9973E-05 0.296867 0.521739 9.9973E-05 0.181094
9.9973E-05 9.9973E-05 0.285043 0.605393 9.9973E-05 0.109264
0.367878 0.100117 0.138107 0.298505 9.9991E-05 0.0952925
0.0155039 9.9991E-05 0.349867 0.410578 0.0445471 0.179403
9.9973E-05 9.9973E-05 0.463025 0.33549 9.9973E-05 0.201186
0.410526 9.9991E-05 0.0859513 0.331052 0.0398314 0.132539
0.354752 0.0621731 0.185672 0.190262 0.0273151 0.179825
0.144215 0.0140948 0.304673 0.275272 0.0993488 0.162396
0.119528 9.9982E-05 0.291261 0.424731 9.9982E-05 0.16428
0.489888 0.0204063 0.110316 0.193986 0.0543823 0.131022
0.0806883 0.0213654 0.234475 0.396394 0.124095 0.142983
9.9973E-05 9.9973E-05 0.466724 0.490033 9.9973E-05 0.0429433
0.520994 0.0706874 0.192403 0.0469396 0.0267007 0.142275
0.310597 9.9982E-05 0.146731 0.293549 9.9982E-05 0.248924
0.450839 9.9982E-05 0.327552 9.9982E-05 0.0552377 0.166171
0.625686 9.9982E-05 0.162692 0.0148084 9.9982E-05 0.196614
0.416534 0.0958255 0.210613 0.0682689 0.0722488 0.13651
0.509304 0.0129176 0.161382 0.0695376 0.0651069 0.181752
0.477866 0.0128768 0.114901 0.103569 0.0173147 0.273472
0.360779 0.0054187 0.396464 0.05011 9.9991E-05 0.187128
0.557998 9.9991E-05 0.25733 0.033089 0.0193505 0.132132
0.542854 9.9982E-05 0.240457 9.9982E-05 0.0408458 0.175644
0.377693 0.0769255 0.210938 0.106371 0.0195948 0.208477
0.242463 0.0666126 0.15366 0.14328 0.271229 0.122756
0.575571 0.0800761 0.180438 0.099112 0.0151603 0.049643
0.669122 9.9991E-05 0.229805 0.0149812 0.0213436 0.0646485
0.494599 0.0544364 0.0878769 9.9991E-05 0.204646 0.158342
0.387526 9.9982E-05 0.235453 0.0901331 9.9982E-05 0.286688
0.43197 0.00181003 0.193026 0.071476 0.126796 0.174922
0.256285 9.9982E-05 0.382177 0.206815 9.9982E-05 0.154524
0.497625 0.066414 0.17893 0.0379061 0.04005 0.179075
0.186241 9.9991E-05 0.238292 0.184539 0.0658602 0.324968
9.9982E-05 0.0856073 0.810481 0.0466172 0.0570944 9.9982E-05
0.0879858 0.790427 9.9991E-05 0.0502864 0.0246416 0.0465589
9.9973E-05 0.977472 0.00539358 9.9973E-05 0.0168345 9.9973E-05
9.9964E-05 0.980593 0.0190074 9.9964E-05 9.9964E-05 9.9964E-05
0.0170596 0.982541 9.9964E-05 9.9964E-05 9.9964E-05 9.9964E-05
0.0712368 0.915242 9.9973E-05 9.9973E-05 9.9973E-05 0.0132218
0.077043 0.922557 9.9964E-05 9.9964E-05 9.9964E-05 9.9964E-05
9.9964E-05 0.962788 0.0368124 9.9964E-05 9.9964E-05 9.9964E-05
0.00315644 0.80126 0.195283 9.9973E-05 9.9973E-05 9.9973E-05
0.0131158 9.9982E-05 0.891794 9.9982E-05 0.0479094 0.0469808
0.0896521 0.111083 0.798586 9.9982E-05 0.000478902 9.9982E-05
0.000565475 9.9982E-05 0.87385 9.9982E-05 0.068496 0.0568888
0.0813851 0.0763649 0.783645 0.058405 9.9982E-05 9.9982E-05
9.9982E-05 0.0582463 0.85236 9.9982E-05 0.0126138 0.0765796
9.9973E-05 0.0909882 0.900234 0.00847829 9.9973E-05 9.9973E-05
0.0122852 0.119271 0.726547 9.9982E-05 9.9982E-05 0.141697
0.064803 0.00575771 0.852431 9.9982E-05 9.9982E-05 0.0768079
9.9982E-05 0.18017 0.689079 0.03488 9.9982E-05 0.0956707
9.9973E-05 9.9973E-05 0.921846 9.9973E-05 0.0316554 0.0461991
9.9973E-05 0.0132395 0.973852 9.9973E-05 0.0126083 9.9973E-05
0.0506212 0.0544902 0.832238 0.0330946 9.9991E-05 0.0294556
9.9982E-05 0.059993 0.924252 0.00261832 9.9982E-05 0.0129366
0.0642078 9.9982E-05 0.87091 0.0384469 9.9982E-05 0.0262353
0.107106 0.0139176 0.831312 9.9991E-05 0.0263292 0.0212357
0.145372 9.9973E-05 0.839602 9.9973E-05 9.9973E-05 0.0147259
0.120874 9.9973E-05 0.797042 9.9973E-05 9.9973E-05 0.0817835
0.138636 9.9973E-05 0.796074 9.9973E-05 9.9973E-05 0.0649901
0.126932 9.9973E-05 0.819853 9.9973E-05 9.9973E-05 0.0529156
0.438872 0.0355672 0.140318 0.32083 0.0643126 9.9991E-05
0.673806 0.035992 0.0806369 0.0714397 0.138025 9.9991E-05
0.498426 0.0601888 0.111827 0.152882 0.0855998 0.0910766
0.171772 0.0586141 0.066442 0.673457 0.0296152 9.9991E-05
0.574109 0.108022 0.0970707 0.148794 0.0719037 9.9991E-05
0.141357 9.9982E-05 0.118709 0.719796 9.9982E-05 0.0199383
0.658489 0.0498916 0.0682105 0.223209 9.9982E-05 9.9982E-05
0.469005 0.120389 0.0779887 0.213172 0.119345 9.9991E-05
0.474818 0.0957214 0.087832 0.223905 0.0731432 0.0445808
0.460762 0.0832559 0.0504456 0.0437804 0.351835 0.00992058
0.424165 0.125159 0.0595134 0.383567 0.00749566 9.9991E-05
0.750509 0.0167663 0.040559 0.191966 9.9982E-05 9.9982E-05
0.593198 0.00896128 0.144939 0.173805 0.0637892 0.0153076
0.0137012 0.398806 9.9991E-05 0.310128 0.191199 0.0860658
9.9973E-05 0.0864123 0.0165906 0.896697 9.9973E-05 9.9973E-05
0.193283 0.0428276 0.033744 0.729946 9.9982E-05 9.9982E-05
0.592733 0.0956466 0.0837583 0.193084 9.9991E-05 0.034678
0.593309 0.0395301 0.0772557 0.289705 9.9982E-05 9.9982E-05
0.472707 0.0159884 0.14586 0.226986 0.138358 9.9991E-05
0.528818 9.9991E-05 0.0119066 0.279752 0.101873 0.0775512
0.487307 9.9991E-05 0.179414 0.177916 0.00618232 0.149081
0.581535 0.0368824 0.244014 9.9991E-05 0.00469006 0.132778
0.139723 0.0872005 0.445819 0.101574 0.0899901 0.135693
0.596643 0.0361094 0.177546 0.189502 9.9982E-05 9.9982E-05
0.412345 0.13585 0.200123 0.0673306 0.00569441 0.178657
9.9973E-05 9.9973E-05 0.401966 0.445276 9.9973E-05 0.152459
0.353743 9.9982E-05 0.276076 0.234767 9.9982E-05 0.135215
0.261392 0.0618472 0.356437 0.0127309 0.176398 0.131195
0.493413 0.135576 0.316092 0.00200336 0.01419 0.0387257
0.415601 0.156328 0.0291643 0.0350093 0.0589465 0.304951
0.537631 9.9991E-05 0.208887 0.0738936 0.0736314 0.105858
0.678377 9.9982E-05 0.224503 0.0184923 9.9982E-05 0.0784279
0.502131 9.9991E-05 0.222341 0.135699 0.0695242 0.0702045
0.320859 9.9991E-05 0.48248 0.0495745 0.0352675 0.11172
