9.9964E-05 9.9964E-05 0.86854 0.0538497 9.9964E-05 0.0117918 0.0654184 9.9964E-05
9.9973E-05 0.0124282 0.907546 9.9973E-05 9.9973E-05 0.0190438 0.0163322 0.0443495
9.9973E-05 9.9973E-05 0.799619 0.00434416 0.125327 9.9973E-05 0.011004 0.0594061
9.9964E-05 9.9964E-05 0.799793 0.0383283 0.0867732 9.9964E-05 0.0747055 9.9964E-05
0.0792624 0.0127255 0.806984 0.0612298 0.0327662 9.9982E-05 0.00683234 9.9982E-05
0.293072 9.9973E-05 0.555312 0.0971183 9.9973E-05 0.0506707 0.00352703 9.9973E-05
0.223156 9.9946E-05 0.776244 9.9946E-05 9.9946E-05 9.9946E-05 9.9946E-05 9.9946E-05
0.319268 9.9955E-05 0.675796 0.00443613 9.9955E-05 9.9955E-05 9.9955E-05 9.9955E-05
9.99639E-05 9.99639E-05 0.785681 9.99639E-05 9.99639E-05 0.0447112 0.106441 0.062767
0.271685 9.9955E-05 0.658179 0.0696355 9.9955E-05 9.9955E-05 9.9955E-05 9.9955E-05
0.261151 9.9955E-05 0.685976 9.9955E-05 9.9955E-05 9.9955E-05 0.0523731 9.9955E-05
9.9973E-05 9.9973E-05 9.9973E-05 0.0678575 0.249752 0.205087 0.417193 0.0598102
9.9973E-05 0.0506719 9.9973E-05 0.0541353 0.468492 9.9973E-05 0.26702 0.159381
9.9982E-05 0.0556314 9.9982E-05 0.0367708 0.247455 0.0537563 0.449502 0.156684
9.999E-05 0.00186668 0.00356475 0.0824308 0.331657 0.0646006 0.352293 0.163487
9.9982E-05 9.9982E-05 0.0707144 0.0932268 0.318817 0.19067 0.270869 0.0555028
0.0274877 9.9991E-05 0.057137 0.0278188 0.617037 0.0821207 0.0650604 0.123238
9.9982E-05 0.00543305 9.9982E-05 0.038133 0.453362 0.169927 0.243896 0.0890487
9.9982E-05 9.9982E-05 0.0665878 0.0348976 0.344788 0.163399 0.285306 0.104821
0.107324 9.9973E-05 9.9973E-05 0.0733786 9.9973E-05 0.151248 0.605749 0.0620015
0.0336386 0.0913665 9.9982E-05 0.151477 0.2783 0.196332 0.248686 9.9982E-05
0.120662 0.0137304 9.9982E-05 9.9982E-05 0.407704 0.100428 0.211865 0.145411
0.0990499 0.0544675 0.0477661 0.0239665 0.564014 0.0438352 0.166801 9.9991E-05
0.0420782 0.0053243 0.0100816 0.0929613 0.258262 0.236821 0.253743 0.100728
0.155448 0.0214849 0.126225 0.0619589 0.603638 9.9982E-05 0.0310448 9.9982E-05
0.0679708 9.9982E-05 9.9982E-05 0.0666415 0.509057 0.0957433 0.20269 0.0576974
9.9973E-05 9.9973E-05 9.9973E-05 0.130203 0.135064 0.224986 0.467638 0.0418089
9.9973E-05 9.9973E-05 9.9973E-05 0.12464 0.247831 0.0697186 0.417524 0.139987
0.0249257 0.104986 0.0021036 9.9991E-05 0.281482 0.184712 0.358003 0.0436886
9.9955E-05 9.9955E-05 0.833371 0.0622823 0.103847 9.9955E-05 9.9955E-05 9.9955E-05
9.9955E-05 9.9955E-05 0.815365 0.0274422 0.156693 9.9955E-05 9.9955E-05 9.9955E-05
9.9964E-05 9.9964E-05 0.770073 0.0581363 0.108817 0.062574 9.9964E-05 9.9964E-05
9.9973E-05 9.9973E-05 0.699401 0.0979741 0.0869215 0.0881837 9.9973E-05 0.0272195
0.120241 0.107375 0.0244593 0.00561418 0.461479 0.199239 0.0814925 9.9991E-05
0.0601295 9.9982E-05 0.0231423 0.111968 0.406122 0.33661 0.0618277 9.9982E-05
0.0622362 0.0371627 0.0603859 9.9973E-05 0.471988 0.367927 9.9973E-05 9.9973E-05
9.9991E-05 0.0334735 0.0835319 0.00736594 0.118126 0.131304 0.572738 0.0533603
9.9982E-05 0.0545229 0.00247726 0.00944029 0.352689 0.521833 9.9982E-05 0.058837
9.9973E-05 9.9973E-05 0.0762591 9.9973E-05 0.566992 0.236061 0.10089 0.019498
0.08714 9.9964E-05 9.9964E-05 9.9964E-05 0.610196 0.186245 9.9964E-05 0.116019
0.335679 9.9982E-05 0.0715546 0.0619559 0.427121 0.0713775 0.0321111 9.9982E-05
0.179171 9.9964E-05 0.119367 9.9964E-05 0.606874 0.0941882 9.9964E-05 9.9964E-05
9.9964E-05 9.9964E-05 0.0509005 9.9964E-05 0.0808632 0.765934 0.101902 9.9964E-05
0.298412 0.0255264 0.0144783 0.0631842 0.487433 0.0558616 9.9991E-05 0.0550049
9.9982E-05 9.9982E-05 0.0378824 0.0677853 0.50445 0.347732 0.0143336 0.027617
0.148317 0.0644846 0.0423201 0.0550238 0.424088 0.0336674 0.0883836 0.143716
9.9964E-05 9.9964E-05 0.00134286 9.9964E-05 0.338278 0.650744 9.9964E-05 0.00923523
9.9971E-05 0.0336864 9.9971E-05 9.9971E-05 0.615983 0.298412 9.9971E-05 0.0515183
0.0410088 9.9991E-05 0.100274 0.0791899 0.501901 0.14025 0.0874672 0.0498088
9.9964E-05 0.0419131 0.043681 9.9964E-05 9.9964E-05 0.693471 9.9964E-05 0.220535
0.104275 0.0274278 9.9982E-05 9.9982E-05 0.158411 0.211754 0.387302 0.11063
0.0353415 0.137935 9.9982E-05 9.9982E-05 0.0711847 0.249649 0.243115 0.262575
0.202576 9.9982E-05 9.9982E-05 0.149909 0.382509 0.0629157 0.133026 0.0688642
0.140372 0.135793 0.102703 0.0298801 0.543407 9.9982E-05 0.0476443 9.9982E-05
0.0541486 0.147865 0.075834 0.0606014 0.549637 0.0530308 0.0490137 0.00986955
9.9982E-05 0.0403701 0.0628387 9.9982E-05 0.175327 0.261722 0.338505 0.121037
0.0105157 0.0326253 0.0390639 0.00598639 0.595877 0.112683 0.197321 0.00592749
0.0974669 9.9982E-05 0.0485783 9.9982E-05 0.558492 0.0505606 0.0919307 0.152772
0.0676736 0.0569148 0.0937205 9.9991E-05 0.353486 0.126125 0.192766 0.109214
0.00494898 0.0606325 0.146225 9.9991E-05 0.113563 0.146416 0.330564 0.19755
0.0836589 0.00205696 0.0695395 9.9991E-05 0.508547 0.178675 0.125973 0.0314501
9.9982E-05 0.0733088 9.9982E-05 0.0399369 0.450861 0.0284214 0.338025 0.0692475
0.0833154 0.0115359 0.00328353 9.9991E-05 0.00754178 0.28179 0.464052 0.148381
9.9973E-05 0.0594379 9.9973E-05 9.9973E-05 0.521042 0.0237865 0.246057 0.149376
0.0508092 0.139186 9.9973E-05 9.9973E-05 0.672963 0.0190589 9.9973E-05 0.117683
9.9973E-05 0.0277885 0.0363092 9.9973E-05 0.589905 9.9973E-05 0.236425 0.109273
9.9982E-05 0.0791773 9.9982E-05 0.0174123 0.320215 0.219465 0.233532 0.129999
9.9991E-05 0.0605947 0.0289843 0.0342483 0.433769 0.169041 0.166307 0.106955
0.0375233 0.00316972 0.0396494 9.9991E-05 0.622352 0.0721501 0.102227 0.122829
9.9982E-05 0.0264505 0.00329462 9.9982E-05 0.246224 0.252997 0.394473 0.0763607
9.9955E-05 9.9955E-05 9.9955E-05 9.9955E-05 0.546499 0.390141 0.0628601 9.9955E-05
0.0326834 9.9973E-05 9.9973E-05 0.0392705 0.141284 0.705044 0.081418 9.9973E-05
9.9991E-05 0.0909746 0.102018 0.0578 0.415512 0.2448 0.0874091 0.00138602
0.133131 9.9991E-05 0.0706302 0.138284 0.440881 0.151727 0.0111937 0.0540521
0.0722416 9.9964E-05 0.00694269 9.9964E-05 9.9964E-05 0.858432 9.9964E-05 0.0619835
9.9964E-05 0.0924839 9.9964E-05 9.9964E-05 9.9964E-05 0.858243 0.00434108 0.0445318
9.9973E-05 0.0243099 9.9973E-05 9.9973E-05 0.327353 0.594156 0.0524113 0.00146962
9.9964E-05 9.9964E-05 9.9964E-05 9.9964E-05 0.431432 0.475386 0.0552106 0.0375716
0.15809 9.9982E-05 0.159659 0.0298602 0.451446 0.127358 0.0733874 9.9982E-05
9.9973E-05 0.00616177 9.9973E-05 9.9973E-05 0.42151 0.488228 0.0432792 0.0405206
9.9964E-05 9.9964E-05 9.9964E-05 0.0801682 0.0864097 0.690166 0.142856 9.9964E-05
9.9973E-05 9.9973E-05 0.000643526 0.0279859 0.186117 0.590445 0.194509 9.9973E-05
9.9964E-05 9.9964E-05 0.0962863 9.9964E-05 0.542186 0.314097 9.9964E-05 0.0470309
0.0911497 9.9973E-05 0.0612541 9.9973E-05 0.237573 0.598292 0.0114314 9.9973E-05
0.0638626 9.9964E-05 0.0457759 9.9964E-05 0.381379 0.508583 9.9964E-05 9.9964E-05
0.0861755 0.0451198 0.0239521 9.9973E-05 0.328843 0.51561 9.9973E-05 9.9973E-05
0.0562125 0.202726 9.9964E-05 9.9964E-05 9.9964E-05 0.674452 9.9964E-05 0.0662098
9.9973E-05 9.9973E-05 9.9973E-05 0.0930046 0.473586 0.31514 0.098003 0.0199665
9.9964E-05 9.9964E-05 0.794364 0.0544606 0.110648 9.9964E-05 0.0401281 9.9964E-05
9.99461E-05 9.99461E-05 0.873484 9.99461E-05 0.125916 9.99461E-05 9.99461E-05 9.99461E-05
9.9964E-05 9.9964E-05 0.860296 0.0407784 0.0821328 9.9964E-05 9.9964E-05 0.0163933
9.9955E-05 9.9955E-05 0.849118 9.9955E-05 0.0634456 9.9955E-05 9.9955E-05 0.0869364
9.9964E-05 9.9964E-05 0.840913 9.9964E-05 0.0918035 0.00631965 9.9964E-05 0.0605636
9.9955E-05 9.9955E-05 0.911148 9.9955E-05 0.0576018 9.9955E-05 9.9955E-05 0.0307509
0.0381317 9.9964E-05 0.867834 0.0468097 0.0468249 9.9964E-05 9.9964E-05 9.9964E-05
9.9982E-05 9.9982E-05 0.0628539 0.0116757 0.525564 0.176159 0.143836 0.0797115
0.0184567 9.9991E-05 0.0330838 0.0377763 0.559805 0.157293 0.131821 0.061664
9.9973E-05 0.0189542 0.0216888 9.9973E-05 0.0436779 0.829399 0.0859799 9.9973E-05
0.089053 0.0873797 0.0684149 0.0757627 0.570379 0.108811 9.9982E-05 9.9982E-05
0.0822488 9.9973E-05 0.00183805 9.9973E-05 0.428466 0.42182 0.0653269 9.9973E-05
0.0397638 9.9973E-05 0.0564639 0.0416336 0.594142 0.267697 9.9973E-05 9.9973E-05
0.0528013 0.0221597 0.064044 9.9973E-05 0.585562 0.275133 9.9973E-05 9.9973E-05
9.9982E-05 0.00737508 0.0161249 0.114486 0.400265 0.416734 9.9982E-05 0.0448158
0.0381704 0.00729656 0.0686788 9.9973E-05 9.9973E-05 0.68399 0.201565 9.9973E-05
9.9991E-05 0.0180266 0.129241 0.052395 0.449407 0.229191 0.0575435 0.0640962
0.0689786 0.0593383 0.0691503 9.9973E-05 0.663527 0.138706 9.9973E-05 9.9973E-05
0.212641 9.9982E-05 0.0631813 0.0558433 0.601539 0.0408775 0.0257175 9.9982E-05
0.0923796 0.0630112 0.0303364 9.9982E-05 0.310634 0.490707 9.9982E-05 0.0127315
0.00900052 0.0507098 9.9982E-05 9.9982E-05 0.476863 0.424615 0.0229009 0.0157101
0.0347462 9.9982E-05 0.0391184 9.9982E-05 0.366493 0.439506 0.109607 0.0103289
9.9955E-05 9.9955E-05 9.9955E-05 0.103736 0.292378 0.603387 9.9955E-05 9.9955E-05
9.9964E-05 9.9964E-05 0.13506 9.9964E-05 0.392783 0.391395 0.0803621 9.9964E-05
9.9991E-05 0.0466983 0.127054 0.033653 0.542153 0.0890788 0.0554158 0.105847
9.9973E-05 0.135013 9.9973E-05 9.9973E-05 0.254325 0.0747798 0.344307 0.191275
0.1828 9.9982E-05 0.108647 0.0582081 0.443279 9.9982E-05 0.203744 0.00312195
0.0414775 9.9991E-05 0.125295 0.0181799 0.447379 0.0510108 0.245023 0.0715346
0.0465778 0.0412332 0.0669307 0.0695372 0.592688 9.9982E-05 0.182833 9.9982E-05
0.0810171 0.0502847 0.0822745 0.000123395 0.625337 0.0976849 0.0615996 0.00167875
9.9973E-05 0.00878575 0.0719201 9.9973E-05 0.536928 9.9973E-05 0.363833 0.0182328
0.076853 9.9973E-05 9.9973E-05 0.0266598 0.612507 0.0199713 0.263709 9.9973E-05
0.0415265 0.0746978 0.0652489 0.00589553 0.461441 0.0582966 0.292794 9.9991E-05
0.0674157 0.0413231 0.122955 9.9991E-05 0.50953 0.0317883 0.187441 0.0394463
0.102429 9.9982E-05 9.9982E-05 0.0568474 0.509357 0.121032 0.173631 0.036504
0.0450757 0.0525637 9.9982E-05 9.9982E-05 0.604907 0.0386334 0.192315 0.066305
0.0781949 0.0310845 9.9982E-05 9.9982E-05 0.456006 0.0657756 0.333771 0.0349675
0.184141 0.0639066 0.0693163 0.0176776 0.579198 0.00553496 0.0801256 9.9991E-05
0.00472261 0.142166 0.046858 0.0357371 0.590164 0.0155465 0.146222 0.0185834
9.9973E-05 0.0939163 9.9973E-05 9.9973E-05 0.605541 0.0284714 0.240789 0.0309826
9.9982E-05 0.0467806 0.0351515 0.0167374 0.58429 9.9982E-05 0.152274 0.164567
9.9982E-05 0.10145 9.9982E-05 0.0285323 0.56057 0.0923541 0.183703 0.0331904
0.0231426 0.0815015 0.0771948 9.9982E-05 0.398394 9.9982E-05 0.326493 0.0930743
0.0460645 0.0510084 9.9982E-05 0.068435 0.544823 9.9982E-05 0.220388 0.0690812
9.9973E-05 0.0754936 0.0253029 9.9973E-05 0.675122 9.9973E-05 0.218479 0.0053019
9.9982E-05 0.159155 9.9982E-05 0.0667972 0.26111 0.0982913 0.366976 0.0474706
0.0741073 0.235099 0.040155 0.00210785 0.161713 0.0949712 0.285602 0.106245
0.0648415 0.0395283 9.9991E-05 0.0803834 0.426319 0.0933898 0.239796 0.0556425
9.9982E-05 0.331382 9.9982E-05 0.0290447 0.0513205 0.214563 0.273432 0.100058
0.0679778 0.0576607 0.0568112 9.9991E-05 0.248378 0.18725 0.367576 0.0142462
9.9964E-05 0.0606123 9.9964E-05 9.9964E-05 0.434233 0.170832 0.333922 9.9964E-05
9.9964E-05 9.9964E-05 0.0231872 9.9964E-05 0.392778 0.197659 0.385976 9.9964E-05
0.00263904 9.9973E-05 9.9973E-05 9.9973E-05 0.273203 0.207089 0.505178 0.0115903
0.118073 9.9982E-05 0.08514 0.0167254 0.631535 0.0412411 0.107085 9.9982E-05
9.9982E-05 9.9982E-05 0.0136329 0.0599403 0.580551 0.0902457 0.158744 0.0966853
9.9973E-05 0.057666 0.0794165 9.9973E-05 0.590472 0.0822866 0.189859 9.9973E-05
9.9973E-05 0.133478 9.9973E-05 9.9973E-05 0.172284 0.093544 0.372112 0.228283
0.140227 0.0416779 0.172021 9.9982E-05 0.492184 0.106328 0.0473628 9.9982E-05
0.222999 0.0620578 9.9982E-05 9.9982E-05 0.446302 0.111083 0.0477811 0.109578
0.318418 0.107775 0.0812057 9.9982E-05 9.9982E-05 0.200341 0.095582 0.196478
0.0808808 0.0648904 0.0428509 9.9991E-05 0.667186 0.078671 0.0592957 0.00612525
0.152994 0.0613978 0.0367517 9.9991E-05 0.34073 0.225995 0.0182659 0.163765
0.0182903 0.157978 0.0316016 0.0190351 0.497581 0.0239605 0.0544879 0.197066
0.207904 0.0257729 0.035027 9.9991E-05 0.213056 0.158826 0.0786909 0.280624
0.455466 0.11777 0.0134056 9.9991E-05 0.131553 0.0707155 0.0849359 0.126054
0.192321 0.124539 0.0029367 9.9991E-05 0.401826 0.131135 0.0372667 0.109876
0.0967478 9.9991E-05 0.0140748 0.0972189 0.372219 0.134621 0.100757 0.184262
0.0549133 0.156489 0.0620771 0.0197107 0.464461 0.0267846 0.141788 0.0737765
9.9982E-05 0.106524 0.165842 0.0785492 0.407459 9.9982E-05 0.183768 0.0576582
0.0544922 9.9991E-05 0.00884948 0.129749 0.472724 0.100653 0.130928 0.102504
0.111889 0.0768334 9.9982E-05 0.128558 9.9982E-05 0.321897 0.0960801 0.264543
0.182621 0.104652 0.0257625 0.066571 0.503025 0.0613244 0.0201341 0.0359097
0.159923 0.02081 0.149908 0.0974714 0.438844 0.0738422 0.0240922 0.0351091
0.2695 0.0249118 9.9982E-05 9.9982E-05 0.365248 0.279449 0.0219251 0.0387654
0.109521 0.137268 9.9982E-05 9.9982E-05 0.444514 0.17529 0.0706077 0.0625991
0.0602 0.156707 0.0440535 9.9991E-05 0.570073 0.0796835 0.00226986 0.0869135
0.239694 9.9991E-05 0.104072 0.195029 0.335756 0.00493615 0.0277091 0.0927034
0.168863 0.00729242 0.230694 0.283287 0.106327 9.9982E-05 9.9982E-05 0.203336
0.0540924 9.9964E-05 0.406144 0.10458 9.9964E-05 9.9964E-05 9.9964E-05 0.434784
9.9964E-05 0.060529 0.295481 0.0583543 9.9964E-05 9.9964E-05 9.9964E-05 0.585236
0.110117 9.9973E-05 0.339782 0.202712 0.125929 9.9973E-05 9.9973E-05 0.22116
0.26774 0.0132998 9.9964E-05 9.9964E-05 0.611981 0.106579 9.9964E-05 9.9964E-05
0.274809 0.0271725 0.0934531 0.123496 0.474303 9.9982E-05 0.00656588 9.9982E-05
9.9964E-05 9.9964E-05 0.00910342 0.626986 0.322607 9.9964E-05 0.0409032 9.9964E-05
9.9973E-05 9.9973E-05 0.00817981 0.381003 0.414696 9.9973E-05 0.153667 0.0421546
0.0363665 9.9982E-05 9.9982E-05 0.290356 0.445578 0.0241491 0.0918494 0.111501
0.409492 0.213555 9.9982E-05 0.00681488 0.249401 0.0746411 9.9982E-05 0.0458953
0.0690587 0.131366 0.0492029 0.051696 0.476463 9.9991E-05 0.102263 0.119851
0.534097 0.140101 9.9982E-05 0.0329677 0.0975087 0.0610637 9.9982E-05 0.134062
0.261615 0.0506314 9.9982E-05 9.9982E-05 0.539879 0.0863878 0.0348953 0.0263913
0.277935 0.10661 0.0466132 9.9991E-05 0.418801 0.100827 0.0465679 0.00254616
0.237327 0.0667527 9.9991E-05 0.0334811 0.579411 0.00559827 0.0070827 0.0702477
0.422662 0.119149 9.9991E-05 0.0237373 0.107222 0.164041 0.008137 0.154952
0.247584 0.00302261 0.043878 9.9973E-05 0.690163 0.0150525 9.9973E-05 9.9973E-05
0.150322 0.0336898 0.0645364 0.0736767 0.389775 0.185704 0.00125493 0.101042
0.108187 9.9982E-05 0.0435637 0.223841 0.358092 0.136566 0.129551 9.9982E-05
9.9955E-05 0.0189539 9.9955E-05 0.972641 9.9955E-05 0.00790583 9.9955E-05 9.9955E-05
9.9955E-05 9.9955E-05 9.9955E-05 0.941581 9.9955E-05 0.0220373 0.0358819 9.9955E-05
0.186012 9.9982E-05 0.00800244 0.58437 0.17517 0.0323774 0.0138673 9.9982E-05
9.9955E-05 9.9955E-05 0.000866731 0.645261 0.353373 9.9955E-05 9.9955E-05 9.9955E-05
9.9955E-05 9.9955E-05 9.9955E-05 0.862813 0.030536 0.106152 9.9955E-05 9.9955E-05
9.9946E-05 9.9946E-05 9.9946E-05 0.982253 9.9946E-05 9.9946E-05 9.9946E-05 0.0171475
9.9955E-05 0.0616838 9.9955E-05 0.925943 9.9955E-05 9.9955E-05 0.0118731 9.9955E-05
9.9946E-05 9.9946E-05 9.9946E-05 0.854615 0.144786 9.9946E-05 9.9946E-05 9.9946E-05
0.00355647 9.9955E-05 9.9955E-05 0.938487 9.9955E-05 9.9955E-05 0.0574568 9.9955E-05
9.994E-05 9.994E-05 9.994E-05 0.9993 9.994E-05 9.994E-05 9.994E-05 9.994E-05
9.994E-05 9.994E-05 9.994E-05 0.9993 9.994E-05 9.994E-05 9.994E-05 9.994E-05
9.9964E-05 0.0174411 0.0366198 0.747282 0.198257 9.9964E-05 9.9964E-05 9.9964E-05
9.9973E-05 9.9973E-05 0.0421704 0.785514 0.0749295 9.9973E-05 0.0466818 0.0504043
9.9946E-05 9.9946E-05 9.9946E-05 0.980446 9.9946E-05 0.0189539 9.9946E-05 9.9946E-05
9.9982E-05 0.0134036 0.0690579 0.364472 0.33336 9.9982E-05 0.161166 0.0583403
0.0772348 9.9973E-05 0.0104581 0.640431 0.213823 9.9973E-05 0.0577532 9.9973E-05
9.9982E-05 0.0123785 0.0126594 0.62694 0.242499 9.9982E-05 0.0254021 0.0799209
9.9964E-05 9.9964E-05 0.054238 0.868524 0.0492394 9.9964E-05 0.0275986 9.9964E-05
9.9955E-05 9.9955E-05 9.9955E-05 0.97703 0.00958188 9.9955E-05 9.9955E-05 0.0128887
9.9964E-05 9.9964E-05 0.0209035 0.91771 0.0305814 9.9964E-05 9.9964E-05 0.0304051
0.012474 9.9955E-05 0.00687754 0.980149 9.9955E-05 9.9955E-05 9.9955E-05 9.9955E-05
0.0644309 9.9982E-05 0.0461716 0.642407 0.217274 0.00391372 0.0256036 9.9982E-05
0.0104522 0.0589625 9.9973E-05 0.902729 9.9973E-05 0.0127043 0.0148522 9.9973E-05
0.444626 9.9955E-05 0.19926 9.9955E-05 9.9955E-05 9.9955E-05 9.9955E-05 0.355614
0.237558 9.9982E-05 0.121358 0.0944292 0.334875 9.9982E-05 0.0896188 0.121961
0.27559 0.0608253 0.208174 0.00111166 0.338207 0.00908966 9.9991E-05 0.106902
0.426265 0.0109563 0.00348461 0.110965 0.100992 9.9982E-05 9.9982E-05 0.347137
0.165738 9.9982E-05 0.109519 0.127436 0.366112 0.127736 9.9982E-05 0.103259
0.230481 9.9982E-05 0.228724 0.0789528 0.12122 0.115422 9.9982E-05 0.225001
0.144406 0.0439937 0.162552 0.056207 0.430345 0.102215 0.0504239 0.00985658
0.399165 9.9973E-05 0.0670332 0.181225 0.217319 9.9973E-05 9.9973E-05 0.134959
0.189641 9.9991E-05 0.0388471 0.159833 0.458774 0.00723534 0.0246178 0.120952
0.335898 9.9973E-05 0.0610504 0.152137 0.314423 9.9973E-05 9.9973E-05 0.136192
9.9982E-05 0.144558 0.145075 0.13976 0.40828 0.0873851 9.9982E-05 0.0747406
0.17936 9.9991E-05 0.138386 0.0731517 0.424862 0.101683 0.0167187 0.0657389
0.0999808 0.00195105 0.794675 9.9973E-05 0.0706679 9.9973E-05 0.0324254 9.9973E-05
0.0144615 9.9973E-05 0.873177 0.00324048 0.057673 9.9973E-05 9.9973E-05 0.0511484
9.9955E-05 9.9955E-05 0.884397 9.9955E-05 0.027927 9.9955E-05 9.9955E-05 0.0871764
0.00066997 9.9973E-05 0.916173 9.9973E-05 0.043113 9.9973E-05 0.00098525 0.0387589
9.9982E-05 0.00142929 0.876407 0.0294352 0.0232149 9.9982E-05 0.0357829 0.0335311
9.9964E-05 0.010965 0.815241 0.0720207 9.9964E-05 9.9964E-05 9.9964E-05 0.101374
9.9964E-05 9.9964E-05 0.87896 0.058339 0.00825395 9.9964E-05 9.9964E-05 0.0540468
9.9973E-05 0.0401207 0.837441 9.9973E-05 0.0335009 9.9973E-05 0.0109524 0.0776847
9.9964E-05 0.0191872 0.864377 9.9964E-05 0.0390303 9.9964E-05 9.9964E-05 0.0770053
9.9964E-05 9.9964E-05 0.775419 0.0655863 0.0315597 9.9964E-05 9.9964E-05 0.127035
9.9964E-05 0.119111 0.601044 9.9964E-05 9.9964E-05 0.0812172 0.198228 9.9964E-05
9.9982E-05 0.0186781 0.537344 0.0407928 9.9982E-05 0.0711423 0.314528 0.0173148
9.9973E-05 0.0561316 0.4972 9.9973E-05 9.9973E-05 0.103058 0.279141 0.0641692
0.0782653 0.0502907 0.490607 9.9973E-05 9.9973E-05 0.0835923 0.296945 9.9973E-05
0.0267238 9.9973E-05 0.0802642 9.9973E-05 0.499058 0.272204 0.12145 9.9973E-05
9.9982E-05 0.087033 0.0124852 0.0333324 0.458566 0.319661 0.0887218 9.9982E-05
0.105184 9.9982E-05 9.9982E-05 0.0595956 0.496875 0.224386 0.0760697 0.0376897
0.052109 0.0580452 0.115414 0.0703186 0.458176 0.153079 0.092759 9.9991E-05
9.9964E-05 9.9964E-05 9.9964E-05 9.9964E-05 0.405296 0.302611 0.233844 0.0578494
0.0922553 0.00507713 9.9982E-05 0.0321643 0.164586 0.17977 0.525947 9.9982E-05
0.0836048 0.0783613 0.0618068 0.00189155 0.59912 0.175015 9.9982E-05 9.9982E-05
9.9973E-05 0.0115744 9.9973E-05 0.0904327 0.495293 0.377192 0.025208 9.9973E-05
0.0820506 9.9973E-05 9.9973E-05 9.9973E-05 0.438586 0.391885 0.0828584 0.00431988
0.0764289 0.0177073 9.9973E-05 0.0376277 0.331362 0.536574 9.9973E-05 9.9973E-05
0.0315743 0.0356242 0.00207523 0.0551572 0.655756 0.0843725 0.135341 9.9991E-05
0.00165829 0.0661034 9.9973E-05 9.9973E-05 0.382878 0.451844 0.0972157 9.9973E-05
9.9955E-05 0.185852 9.9955E-05 9.9955E-05 9.9955E-05 0.810688 0.00296069 9.9955E-05
0.0478907 0.143442 0.0821273 9.9991E-05 0.459553 0.150574 0.0946164 0.0216961
0.00219353 0.0916583 9.9973E-05 9.9973E-05 0.191743 0.555839 9.9973E-05 0.158266
0.00345044 0.0231368 9.9982E-05 0.0554709 0.461976 0.453919 0.00184745 9.9982E-05
9.9964E-05 9.9964E-05 0.0448736 9.9964E-05 0.0738296 0.750627 0.13027 9.9964E-05
0.311434 9.9955E-05 0.108324 9.9955E-05 9.9955E-05 9.9955E-05 0.579742 9.9955E-05
0.351782 9.9955E-05 0.073621 9.9955E-05 9.9955E-05 9.9955E-05 0.574097 9.9955E-05
0.375968 9.9955E-05 0.0168272 9.9955E-05 9.9955E-05 9.9955E-05 0.606705 9.9955E-05
0.35867 0.018862 0.0690083 9.9964E-05 9.9964E-05 9.9964E-05 0.553059 9.9964E-05
0.358075 0.00418299 9.9964E-05 0.00840097 9.9964E-05 9.9964E-05 0.628941 9.9964E-05
0.288184 9.9964E-05 0.0436449 0.0485212 9.9964E-05 9.9964E-05 0.619251 9.9964E-05
9.9964E-05 0.00355433 0.874864 0.0130271 0.108155 9.9964E-05 9.9964E-05 9.9964E-05
9.9973E-05 9.9973E-05 0.828594 0.06543 0.0465059 9.9973E-05 0.0464694 0.0127008
0.0182414 9.9973E-05 0.766592 0.0623524 0.139121 9.9973E-05 9.9973E-05 0.0133942
9.9973E-05 9.9973E-05 0.741622 0.0858324 0.0713635 9.9973E-05 0.0675725 0.0333093
9.9964E-05 9.9964E-05 0.807029 0.0646479 0.102388 9.9964E-05 9.9964E-05 0.0255346
0.146425 9.9964E-05 0.380288 9.9964E-05 9.9964E-05 0.0255837 0.447303 9.9964E-05
0.15296 0.00509037 0.467867 9.9973E-05 9.9973E-05 0.10778 0.266003 9.9973E-05
0.0161426 0.130604 0.478948 9.9973E-05 9.9973E-05 0.0126985 0.361307 9.9973E-05
9.9964E-05 9.9964E-05 0.774607 0.0593562 0.123542 9.9964E-05 0.0420954 9.9964E-05
0.0688014 0.0457768 0.361937 0.0162471 9.9991E-05 0.0664016 0.418065 0.0226708
9.9982E-05 0.0170308 0.160735 0.301061 0.298619 9.9982E-05 0.0149895 0.207365
9.9973E-05 0.0280933 0.169936 0.141169 0.612574 9.9973E-05 0.0479286 9.9973E-05
0.00248075 9.9973E-05 0.218677 0.181412 0.589172 9.9973E-05 9.9973E-05 0.00795873
0.0555269 0.0341936 0.250016 0.178319 0.378938 0.0160043 9.9991E-05 0.0869013
0.0744572 0.00331205 0.123182 0.14733 0.5309 0.0275264 0.0931912 9.9991E-05
0.0157691 0.00835793 0.36337 0.240486 9.9973E-05 9.9973E-05 9.9973E-05 0.371717
0.122977 0.0356745 9.9973E-05 9.9973E-05 0.445413 0.0916472 0.303989 9.9973E-05
9.9973E-05 0.1331 9.9973E-05 9.9973E-05 0.374002 0.0931359 0.280479 0.118983
9.9982E-05 0.029999 0.0731475 9.9982E-05 0.299633 0.0419555 0.496628 0.0584363
9.9973E-05 0.224446 9.9973E-05 9.9973E-05 0.464517 0.0819586 0.223649 0.00512945
9.9964E-05 0.357772 9.9964E-05 9.9964E-05 9.9964E-05 0.276117 0.168226 0.197486
0.00587207 0.0191123 0.0461627 0.0831187 0.410168 0.214691 0.178253 0.0426229
0.0388949 0.223922 0.0863249 9.9982E-05 0.48349 0.0525184 0.11465 9.9982E-05
9.9982E-05 0.0994688 0.0191588 9.9982E-05 0.357183 0.0875471 0.387138 0.0493042
0.142482 0.0272488 0.0113171 0.0759226 0.480418 0.0847056 0.131192 0.0467127
0.00994826 0.105953 9.9982E-05 9.9982E-05 0.168012 0.214818 0.266922 0.234147
0.0714894 0.148689 9.9982E-05 9.9982E-05 0.438097 0.0413168 0.164343 0.135865
0.109699 9.9973E-05 9.9973E-05 9.9973E-05 0.48306 0.125143 0.252173 0.0296245
9.9982E-05 9.9982E-05 0.0901186 0.13457 0.386875 0.211186 0.091051 0.0859989
0.00307857 0.191323 9.9982E-05 9.9982E-05 0.423991 0.0759643 0.26895 0.036493
9.9982E-05 0.132608 0.0515557 9.9982E-05 0.475957 0.0989716 0.180409 0.0602991
0.0991582 0.11579 0.040405 0.0992881 0.487589 0.123113 0.0345566 9.9991E-05
0.0482777 0.184216 0.0420091 9.9982E-05 0.470821 0.192104 0.0623721 9.9982E-05
9.9991E-05 0.0576642 0.00690175 0.00230253 0.700419 0.0564984 0.167022 0.00909232
0.0307873 9.9982E-05 9.9982E-05 0.127596 0.434925 0.141906 0.150979 0.113607
9.9973E-05 9.9973E-05 0.00709618 9.9973E-05 0.51405 0.185566 0.140204 0.152784
9.9964E-05 9.9964E-05 0.766738 0.134505 0.0956307 9.9964E-05 9.9964E-05 0.00272679
0.0196609 0.0570779 0.831884 0.0686408 0.0191165 0.00342019 9.9982E-05 9.9982E-05
9.9982E-05 0.00288754 0.753963 9.9982E-05 0.0834288 0.0113464 0.0795967 0.0685773
9.9964E-05 0.0484985 0.802478 0.0767532 9.9964E-05 0.0718708 9.9964E-05 9.9964E-05
0.0209085 0.00206108 0.812519 0.0665279 0.0976833 9.9973E-05 9.9973E-05 9.9973E-05
9.9973E-05 0.0209928 9.9973E-05 9.9973E-05 0.221602 0.139935 0.503836 0.113334
0.0327936 0.151069 0.0405084 0.0584092 0.490654 0.0365922 0.154561 0.0354121
0.0843928 0.0183997 0.135878 0.147598 0.460754 9.9991E-05 0.0413218 0.111556
9.9973E-05 0.0253458 9.9973E-05 9.9973E-05 0.682935 0.0843415 0.138125 0.0689535
9.9982E-05 0.0121613 0.00515442 9.9982E-05 0.556599 0.154853 0.252107 0.0189258
9.9973E-05 0.124218 9.9973E-05 0.0128575 0.305962 9.9973E-05 0.356898 0.199764
9.9973E-05 9.9973E-05 0.0820423 9.9973E-05 0.014438 0.169191 0.531153 0.202876
0.0148611 0.131594 0.00387009 0.0178926 0.493208 0.0307359 0.307738 9.9991E-05
0.0245963 0.158772 0.0851675 0.00812372 0.185216 0.0692389 0.468786 9.9991E-05
0.100356 0.0453457 0.0137118 0.0097875 0.435218 0.129969 0.170955 0.0946572
9.9991E-05 0.12226 0.102797 0.0503927 0.0707877 0.135401 0.480571 0.0376903
9.9973E-05 9.9973E-05 0.0771828 0.0747087 0.617334 0.0875225 0.142952 9.9973E-05
0.0350328 9.9982E-05 0.0769532 9.9982E-05 0.22536 0.139757 0.459516 0.0631809
0.124424 9.9973E-05 0.0847077 9.9973E-05 0.612442 9.9973E-05 0.0817682 0.0963582
0.0672908 0.0900062 9.9991E-05 0.0865578 0.32518 0.0810559 0.312925 0.0368841
0.234487 0.0612242 9.9991E-05 0.0420985 0.404679 0.0157415 0.135927 0.105743
0.566219 0.0339825 0.00981735 0.0275764 0.240614 9.9991E-05 0.0555239 0.0661665
0.430004 9.9982E-05 0.0194206 0.0357244 0.45548 0.0240072 9.9982E-05 0.035164
0.243039 0.0132224 0.106434 0.013437 0.529553 0.0941148 9.9982E-05 9.9982E-05
0.610015 0.0549649 9.9973E-05 9.9973E-05 0.248446 9.9973E-05 0.0347103 0.0515633
9.9982E-05 0.119939 0.173191 9.9982E-05 0.525115 0.08243 0.0765538 0.0225711
0.138251 0.0362614 0.00300145 0.102059 0.443711 0.0942459 0.102112 0.0803587
0.262492 0.0869944 9.9982E-05 9.9982E-05 0.515667 0.036641 0.014672 0.0833331
0.589218 0.195765 9.9982E-05 9.9982E-05 0.0141056 0.0961029 0.00322241 0.101386
0.554239 0.0685183 9.9973E-05 9.9973E-05 0.172976 0.0434728 9.9973E-05 0.160494
0.423696 0.0546158 9.9973E-05 9.9973E-05 0.448387 9.9973E-05 0.0658747 0.00712725
0.594036 0.0577833 9.9982E-05 9.9982E-05 0.0250344 0.251218 0.0023298 0.0693983
0.278773 9.9973E-05 9.9973E-05 9.9973E-05 0.405937 0.066742 0.121041 0.127207
9.9982E-05 9.9982E-05 0.000664184 0.0344682 0.0953146 0.200626 0.588651 0.0800765
9.9973E-05 0.236611 9.9973E-05 9.9973E-05 0.278212 0.0647549 0.338449 0.0816733
9.9973E-05 0.066248 0.056654 9.9973E-05 0.399241 0.120327 0.35723 9.9973E-05
0.00581943 9.9973E-05 9.9973E-05 0.00429193 0.700862 9.9973E-05 0.184838 0.103888
9.9982E-05 0.0833561 9.9982E-05 0.0147362 0.154181 0.272709 0.461769 0.0130491
9.9991E-05 0.0871474 0.0383118 0.0608041 0.49093 0.0497698 0.165436 0.107501
9.9991E-05 0.0501912 0.0208926 0.062282 0.516827 0.127138 0.203121 0.0194489
9.9973E-05 9.9973E-05 9.9973E-05 0.0697686 0.528272 0.125625 0.237321 0.0387132
9.9973E-05 0.135385 9.9973E-05 0.0486909 0.462113 0.108759 0.244752 9.9973E-05
0.0160644 0.0434996 0.0253121 0.02259 0.42064 0.176409 0.295386 9.9991E-05
9.9973E-05 9.9973E-05 9.9973E-05 0.0829672 0.215521 0.179175 0.514794 0.00724212
9.9973E-05 0.0230553 9.9973E-05 0.0850935 0.354399 0.120136 0.417017 9.9973E-05
9.9973E-05 0.138811 9.9973E-05 0.0534635 0.566136 9.9973E-05 0.176799 0.0644912
9.9991E-05 0.0338563 0.0761511 0.0132355 0.508578 0.103578 0.237054 0.0274461
9.9991E-05 0.170075 0.0873574 0.00862368 0.359072 0.0860644 0.249311 0.0393961
9.9982E-05 0.14553 9.9982E-05 0.0367129 0.523717 0.0400741 0.217342 0.0364241
9.9973E-05 0.0278153 0.0172259 9.9973E-05 0.412118 9.9973E-05 0.395405 0.147136
0.00305497 0.0745527 0.0281022 9.9991E-05 0.545284 0.126755 0.197049 0.0251019
0.0646252 0.034039 0.0193935 0.00575203 0.540896 0.0765175 0.258676 9.9991E-05
0.00815936 0.12329 0.0641351 0.0918899 0.443701 0.0886524 0.180073 9.9991E-05
0.0515727 9.9982E-05 0.347906 0.0430011 0.446526 0.0401145 9.9982E-05 0.07068
0.0181009 9.9982E-05 0.0853305 0.225306 0.433532 0.148453 9.9982E-05 0.0890776
0.0739611 0.0582511 0.0884528 0.150036 0.447135 9.9991E-05 0.0216396 0.160425
0.0206791 9.9991E-05 0.072023 0.0416002 0.615615 0.0657653 0.057426 0.126792
9.9991E-05 0.145665 0.193963 0.139795 0.49673 0.0137192 0.00387213 0.00615525
0.0909248 0.170337 9.9982E-05 0.0205392 0.46706 0.0832959 0.167643 9.9982E-05
0.0121655 9.9991E-05 0.115163 0.0610635 0.577248 0.0943167 0.0525375 0.087406
0.11608 0.0516857 0.153834 0.035388 0.0522706 0.15847 0.0106505 0.421621
0.0608077 0.00166278 0.0826827 0.113809 0.566912 9.9991E-05 0.0702818 0.103744
9.9991E-05 0.0851306 0.137084 0.12161 0.546908 0.0651587 0.0182015 0.025808
0.016138 0.0577141 9.9991E-05 0.15832 0.526303 0.0189389 0.104735 0.117751
9.9982E-05 9.9982E-05 0.106159 0.0439681 0.363205 0.0606276 0.170323 0.255518
0.0427622 9.9982E-05 0.114362 0.122943 0.489231 0.0499234 9.9982E-05 0.180578
0.101986 0.0694072 0.132565 0.187898 0.462401 9.9991E-05 0.0388309 0.00681168
9.9973E-05 0.0100816 0.365638 0.0969799 9.9973E-05 0.0918499 9.9973E-05 0.43515
0.0482594 0.0589053 0.125603 0.113881 0.594191 9.9982E-05 9.9982E-05 0.0589602
9.9973E-05 0.0551655 0.15285 0.102305 0.555949 9.9973E-05 9.9973E-05 0.133431
0.0516046 0.0301705 0.134899 0.0310617 0.59036 0.0472762 0.0468055 0.0678228
9.9973E-05 0.00229585 0.0870093 0.122645 0.558558 9.9973E-05 9.9973E-05 0.229192
0.107927 0.0752288 0.145945 0.0560826 0.555596 9.9991E-05 0.0318078 0.0273124
0.00873647 0.440527 9.9982E-05 0.0516666 0.451007 0.00336808 0.0444951 9.9982E-05
9.9982E-05 0.245895 0.0963455 0.0740445 0.432028 0.0574023 0.0940852 9.9982E-05
9.9955E-05 0.865576 9.9955E-05 9.9955E-05 9.9955E-05 0.108225 0.0256986 9.9955E-05
0.0328221 0.140385 0.0578837 9.9991E-05 0.447577 0.132413 0.0702913 0.118528
0.013582 0.0692544 0.239337 0.0405189 0.535513 0.0809181 0.0207759 9.9991E-05
0.0236722 0.939307 0.00544567 9.9964E-05 9.9964E-05 0.0311753 9.9964E-05 9.9964E-05
0.0575544 0.261252 0.0689029 0.0817662 0.416896 0.0459511 0.0601428 0.0075347
9.9973E-05 0.178484 0.0813685 0.207318 0.413891 9.9973E-05 9.9973E-05 0.118639
9.9973E-05 0.160527 0.0210175 0.282553 0.312968 9.9973E-05 9.9973E-05 0.222635
0.0248583 0.174432 0.129997 0.242126 0.144647 9.9991E-05 0.00293307 0.280907
9.9973E-05 0.13948 0.0964918 0.155196 0.415121 9.9973E-05 9.9973E-05 0.193411
0.00633353 0.0298283 0.15651 0.0254748 0.531382 0.1582 0.0449283 0.0473433
0.0730974 0.625574 0.0703376 0.0409979 0.0574221 9.9982E-05 9.9982E-05 0.132371
9.9973E-05 0.578772 0.0386646 0.0124546 0.167512 9.9973E-05 9.9973E-05 0.202297
9.9973E-05 0.410705 9.9973E-05 0.0795749 0.498932 9.9973E-05 0.0037747 0.00671354
9.9964E-05 0.496316 0.0625808 0.0642598 0.376444 9.9964E-05 9.9964E-05 9.9964E-05
9.9973E-05 0.708537 0.0611519 0.122335 0.0745701 9.9973E-05 9.9973E-05 0.033106
9.9973E-05 0.342828 0.100331 0.0837971 0.451661 9.9973E-05 9.9973E-05 0.0210834
0.00993393 0.385607 0.00436224 0.13605 0.408127 9.9991E-05 0.0297648 0.0260557
9.9991E-05 0.124504 0.0632677 0.106615 0.467149 0.0639013 0.0623652 0.112097
0.056152 0.573622 9.9973E-05 9.9973E-05 0.259452 0.0644164 0.0460576 9.9973E-05
0.0470908 0.505061 0.001395 0.0342818 0.325355 0.0866165 9.9982E-05 9.9982E-05
0.1042 0.304654 9.9973E-05 9.9973E-05 0.484983 9.9973E-05 0.0976851 0.00817854
0.14027 0.429079 0.0863396 0.0345134 0.290675 0.000279481 0.0187438 9.9991E-05
9.9982E-05 0.215567 0.101955 9.9982E-05 0.448418 0.0139584 0.0900142 0.129887
0.0248332 0.194527 9.9991E-05 0.0419355 0.419475 0.00125219 0.111252 0.206624
0.0297047 0.420799 9.9973E-05 9.9973E-05 0.420885 9.9973E-05 0.0443305 0.0839808
0.0763968 0.735816 9.9964E-05 9.9964E-05 0.173391 9.9964E-05 0.0139958 9.9964E-05
0.00303984 0.353487 0.00426226 9.9982E-05 0.556954 0.0234666 9.9982E-05 0.0585898
9.9982E-05 0.139315 0.072642 0.135214 0.418096 9.9982E-05 0.167046 0.0674866
9.9964E-05 0.741808 9.9964E-05 9.9964E-05 0.19183 0.0338181 0.0321445 9.9964E-05
0.0188889 0.560926 0.0199851 9.9964E-05 0.399801 9.9964E-05 9.9964E-05 9.9964E-05
9.9982E-05 0.235018 0.0262612 9.9982E-05 0.536237 0.0667019 0.0937425 0.0418396
9.9982E-05 0.338842 0.0389462 0.00319249 0.376756 0.23828 0.00378336 9.9982E-05
9.9991E-05 0.125694 0.162246 0.171814 0.488547 0.0100605 0.0245638 0.0169747
0.134893 0.104034 0.0990194 0.206842 0.24349 0.0761275 0.0776911 0.0579034
0.0432984 0.122624 0.115112 0.210178 0.359068 0.0653943 9.9991E-05 0.0842254
0.196953 9.9973E-05 0.145683 0.134448 0.498712 0.0239048 9.9973E-05 9.9973E-05
0.0870503 0.0816344 0.104443 0.236828 0.231471 9.9991E-05 0.142355 0.116119
0.0231766 0.0814617 0.130361 0.141365 0.411376 0.124717 0.0874429 9.9991E-05
0.091133 0.171065 0.158858 0.182105 0.385815 9.9982E-05 0.0108249 9.9982E-05
9.9964E-05 0.631029 0.160641 0.110186 9.9964E-05 9.9964E-05 9.9964E-05 0.097744
0.0647424 0.148561 0.088944 0.145145 0.523175 9.9982E-05 9.9982E-05 0.0292327
9.9964E-05 0.382778 0.297776 0.0506574 9.9964E-05 9.9964E-05 9.9964E-05 0.268389
9.9973E-05 0.293837 0.0588661 0.118856 0.51984 9.9973E-05 9.9973E-05 0.0083009
0.0300873 0.754849 9.9973E-05 9.9973E-05 0.0463791 0.149986 9.9973E-05 0.018398
9.9955E-05 0.909941 9.9955E-05 9.9955E-05 9.9955E-05 0.0865265 0.00303246 9.9955E-05
0.0334857 0.507381 9.9964E-05 9.9964E-05 0.38467 0.0740633 9.9964E-05 9.9964E-05
9.9955E-05 0.349381 0.0306022 9.9955E-05 0.619517 9.9955E-05 9.9955E-05 9.9955E-05
0.0544678 0.57145 9.9973E-05 9.9973E-05 0.328415 0.0163864 0.0289813 9.9973E-05
9.9955E-05 0.430014 9.9955E-05 9.9955E-05 0.532417 0.037069 9.9955E-05 9.9955E-05
9.9946E-05 0.513339 9.9946E-05 9.9946E-05 0.486061 9.9946E-05 9.9946E-05 9.9946E-05
0.000213938 0.0503642 0.795762 0.064865 0.0563105 9.9982E-05 0.0322844 9.9982E-05
0.0645586 9.9973E-05 0.709598 0.128701 9.9973E-05 9.9973E-05 0.0911097 0.00573307
9.9964E-05 9.9964E-05 0.88448 0.0710755 9.9964E-05 9.9964E-05 0.039298 0.004747
9.9955E-05 9.9955E-05 0.892097 9.9955E-05 0.0918124 9.9955E-05 9.9955E-05 0.0155905
9.9964E-05 9.9964E-05 9.9964E-05 9.9964E-05 0.469932 0.316632 0.144607 0.0684292
9.9973E-05 9.9973E-05 0.0661083 0.000528135 0.495835 0.3468 0.0904289 9.9973E-05
9.9955E-05 9.9955E-05 9.9955E-05 9.9955E-05 0.426537 0.565419 0.00754391 9.9955E-05
0.172395 9.9964E-05 0.0146191 9.9964E-05 0.616844 0.195743 9.9964E-05 9.9964E-05
0.131583 0.0316694 0.126775 0.0432653 0.458273 0.170372 0.0379617 9.9991E-05
0.0268178 0.0255643 0.0383073 0.0356788 0.169067 0.672638 0.0318265 9.9991E-05
9.9964E-05 0.0573899 9.9964E-05 0.0444892 0.525575 0.372146 9.9964E-05 9.9964E-05
0.140975 0.103342 0.0306226 9.9973E-05 0.182264 0.542497 9.9973E-05 9.9973E-05
9.9991E-05 0.0779489 0.277226 0.163285 0.429956 0.011633 0.0210345 0.0188171
9.9973E-05 0.135193 9.9973E-05 9.9973E-05 0.400246 0.285511 0.0442469 0.134504
0.0240626 9.9973E-05 0.00407554 9.9973E-05 0.326853 0.556663 0.0880457 9.9973E-05
9.9982E-05 0.0476589 0.118679 0.160961 0.416381 0.200447 0.0556728 9.9982E-05
9.9955E-05 0.0837473 9.9955E-05 9.9955E-05 0.573781 0.341972 9.9955E-05 9.9955E-05
0.0116003 0.0511717 9.9982E-05 9.9982E-05 0.332766 0.525367 0.0756811 0.00321334
9.9964E-05 0.093067 9.9964E-05 0.0170174 0.569835 0.319681 9.9964E-05 9.9964E-05
9.9973E-05 0.0340489 0.0563044 0.00424094 0.507417 0.397689 9.9973E-05 9.9973E-05
9.9964E-05 0.0671359 9.9964E-05 9.9964E-05 0.033033 0.878921 9.9964E-05 0.02051
0.0690125 0.02314 0.0145719 0.0274291 0.219739 0.564108 0.0375927 0.0444064
9.9973E-05 0.00810267 0.0245121 9.9973E-05 0.30073 0.636334 9.9973E-05 0.0300211
9.9955E-05 0.00823269 9.9955E-05 9.9955E-05 9.9955E-05 0.895202 9.9955E-05 0.0960652
0.124722 9.9982E-05 0.165034 0.0280986 0.535166 9.9982E-05 0.107769 0.0390099
0.0113047 0.0148547 0.0705563 9.9982E-05 0.475374 0.336349 0.0913615 9.9982E-05
0.106868 0.0790131 9.9973E-05 9.9973E-05 0.0657175 0.60039 9.9973E-05 0.147711
9.9955E-05 0.0388769 9.9955E-05 9.9955E-05 9.9955E-05 0.809613 9.9955E-05 0.15101
0.0584514 0.0240805 0.036295 0.0351685 0.460689 0.385116 9.9982E-05 9.9982E-05
0.0373604 0.0213114 0.0919661 9.9982E-05 0.127728 0.673246 0.0481881 9.9982E-05
0.125277 9.9973E-05 9.9973E-05 0.136616 0.259606 0.416027 0.0621741 9.9973E-05
9.9991E-05 0.0432461 0.0270139 0.0966235 0.535798 0.15742 0.0930571 0.0467423
0.00733066 9.9973E-05 9.9973E-05 9.9973E-05 0.54342 0.380404 0.0321934 0.0363515
9.9973E-05 0.206208 9.9973E-05 9.9973E-05 0.422535 0.0180036 0.257124 0.0958294
9.9982E-05 0.0523391 0.037569 0.0241211 0.483825 0.3495 0.0524456 9.9982E-05
0.00553813 9.9973E-05 0.0893171 9.9973E-05 0.483902 0.311685 0.109257 9.9973E-05
9.9946E-05 9.9946E-05 9.9946E-05 9.9946E-05 0.294784 0.704617 9.9946E-05 9.9946E-05
0.0490652 0.142887 0.0664207 0.0433188 0.529278 0.130587 0.0383441 9.9991E-05
0.0723074 9.9973E-05 0.578566 9.9973E-05 9.9973E-05 0.0108023 0.281323 0.0567009
9.9982E-05 0.000778817 0.756215 9.9982E-05 0.0402358 0.112289 0.0258313 0.0644494
0.046456 9.9964E-05 0.761493 9.9964E-05 9.9964E-05 9.9964E-05 0.131079 0.0605721
0.0111415 0.0478769 0.786067 9.9973E-05 9.9973E-05 9.9973E-05 0.142125 0.0124895
0.110434 9.9955E-05 0.683363 9.9955E-05 9.9955E-05 9.9955E-05 0.205703 9.9955E-05
9.9973E-05 9.9973E-05 0.0164818 0.0122552 0.0937671 0.72673 0.150466 9.9973E-05
0.040511 0.0242934 0.107647 9.9982E-05 0.0795966 0.671478 0.0762735 9.9982E-05
0.00994533 0.111282 9.9982E-05 0.018578 0.103259 0.753368 9.9982E-05 0.00336807
9.9973E-05 9.9973E-05 0.171829 0.0153648 0.516882 0.273244 9.9973E-05 0.0223803
0.100576 0.0674588 0.0388501 9.9982E-05 0.523137 0.228828 9.9982E-05 0.0409501
0.0646451 9.9973E-05 9.9973E-05 0.00883664 0.25554 0.654499 9.9973E-05 0.0161795
0.080207 0.0450372 9.9973E-05 0.0145611 0.57033 0.289565 9.9973E-05 9.9973E-05
0.0824545 0.0519035 0.0447435 0.0106168 0.408921 0.398526 9.9991E-05 0.00273528
0.0583216 0.014935 0.126091 0.0888377 0.365879 0.237309 0.105072 0.0035541
0.103516 0.0406643 9.9982E-05 9.9982E-05 0.503008 0.28466 0.0253776 0.0425741
0.110556 9.9973E-05 9.9973E-05 0.0318077 0.507594 0.325774 9.9973E-05 0.023969
0.00788285 9.9973E-05 9.9973E-05 0.076812 0.126045 0.649845 0.139115 9.9973E-05
9.9955E-05 9.9955E-05 9.9955E-05 9.9955E-05 0.353785 0.570483 0.0752323 9.9955E-05
9.9964E-05 0.0291805 9.9964E-05 9.9964E-05 0.340315 0.495532 0.134573 9.9964E-05
0.279693 9.9982E-05 0.131631 9.9982E-05 0.522142 0.0508819 0.0134134 0.00203862
9.9964E-05 9.9964E-05 0.00215788 9.9964E-05 0.411368 0.527406 0.0586682 9.9964E-05
0.110626 9.9973E-05 0.0257407 0.0458512 0.411784 0.405698 9.9973E-05 9.9973E-05
0.0297843 0.035364 0.0726911 0.456706 0.293188 0.0740832 0.0341486 0.00403449
0.0754507 0.00824245 0.0340913 0.400554 0.347864 0.0325911 0.0330741 0.0681318
9.9964E-05 9.9964E-05 0.10391 0.368223 0.408436 9.9964E-05 9.9964E-05 0.119032
0.0226172 9.9982E-05 0.0763284 0.399692 0.361067 0.00480721 9.9982E-05 0.135289
0.0920119 0.0319717 0.109557 0.264851 0.42227 9.9991E-05 0.0195813 0.0596577
0.186943 9.9973E-05 9.9973E-05 0.0355642 0.457865 0.269569 9.9973E-05 0.0497588
0.00661833 9.9973E-05 0.250388 0.649532 0.0351954 9.9973E-05 9.9973E-05 0.0579656
9.9973E-05 0.0688948 0.176754 0.437462 0.277059 9.9973E-05 9.9973E-05 0.0395304
0.282672 9.9982E-05 0.0522586 0.240645 0.285107 0.0804249 9.9982E-05 0.0586917
0.324883 9.9955E-05 0.150343 9.9955E-05 0.524274 9.9955E-05 9.9955E-05 9.9955E-05
0.487671 9.9982E-05 0.0983168 0.0871494 0.282847 0.0029713 0.0408448 9.9982E-05
0.377491 9.9973E-05 0.110648 0.0547585 0.443644 0.0131582 9.9973E-05 9.9973E-05
0.210082 9.9991E-05 0.0193042 0.0134241 0.565603 0.0735785 0.0704786 0.0474293
9.9964E-05 9.9964E-05 0.143105 0.385358 0.399158 9.9964E-05 9.9964E-05 0.0719788
9.9973E-05 9.9973E-05 0.143779 0.341931 0.383839 0.0781551 0.0519955 9.9973E-05
0.0443836 9.9964E-05 9.9964E-05 0.438373 0.378902 9.9964E-05 9.9964E-05 0.137942
0.0358537 9.9991E-05 0.153401 0.279464 0.402097 0.0793284 0.0140252 0.0357314
9.9973E-05 9.9973E-05 0.108257 0.476812 0.308448 0.00541968 9.9973E-05 0.100764
0.083711 0.0532398 0.156276 0.217625 0.451805 0.0316816 9.9991E-05 0.00556068
9.9973E-05 0.0210518 0.0554434 0.509686 0.236333 9.9973E-05 9.9973E-05 0.177187
9.9982E-05 0.0256509 0.0969324 0.366728 0.412464 0.00322239 9.9982E-05 0.0948019
0.339317 9.9973E-05 9.9973E-05 0.00703257 0.464188 0.0759555 9.9973E-05 0.113206
0.0858916 9.9982E-05 0.115982 0.324032 0.364326 9.9982E-05 0.0332643 0.0763044
9.9964E-05 9.9964E-05 0.0665586 0.616833 0.154547 9.9964E-05 9.9964E-05 0.161662
