0.842737 0.0632427 9.9964E-05 9.9964E-05 9.9964E-05 0.0217038 9.9964E-05 0.0719165
0.884748 9.9964E-05 9.9964E-05 0.0739289 9.9964E-05 9.9964E-05 0.0241962 0.0167269
0.775561 0.0322781 0.087611 9.9964E-05 9.9964E-05 9.9964E-05 9.9964E-05 0.10415
0.771649 0.0272655 0.139832 9.9973E-05 9.9973E-05 0.0107429 9.9973E-05 0.0502108
0.853086 9.9964E-05 0.0141915 0.0472546 9.9964E-05 0.0850679 9.9964E-05 9.9964E-05
0.590277 0.103938 9.9982E-05 9.9982E-05 0.139859 0.0911786 0.0672976 0.00724903
0.790478 0.0471887 9.9964E-05 9.9964E-05 0.128296 9.9964E-05 9.9964E-05 0.0336371
0.725619 0.12468 9.9973E-05 9.9973E-05 0.0928994 0.0312309 9.9973E-05 0.0252705
0.79896 0.111029 9.99639E-05 9.99639E-05 0.0318445 9.99639E-05 0.0577663 9.99639E-05
0.718315 0.0657211 0.111655 0.00389362 0.057547 9.9982E-05 9.9982E-05 0.0426681
0.744076 0.108546 9.9982E-05 9.9982E-05 0.102525 0.00600697 0.0345085 0.00413671
9.9973E-05 0.436747 0.269217 9.9973E-05 0.0836271 0.0536661 0.156443 9.9973E-05
9.999E-05 0.212266 0.455992 0.0795805 0.0323921 0.085101 0.0833391 0.0512292
9.9991E-05 0.446727 0.242054 0.0439827 0.10575 0.067956 0.0277207 0.06571
0.0330154 0.400613 0.248379 0.0122063 0.081704 0.199686 0.0242956 9.9991E-05
0.0843951 0.244204 0.368676 9.9991E-05 0.149976 0.0929393 0.0356586 0.0240503
0.042004 0.126189 0.618252 9.9973E-05 0.107957 0.105298 9.9973E-05 9.9973E-05
0.0152725 0.237824 0.351844 9.9991E-05 0.0927246 0.128837 0.168755 0.0046419
0.148466 0.272891 0.338225 9.9982E-05 0.00349895 0.0754104 0.161309 9.9982E-05
9.9982E-05 0.585274 9.9982E-05 0.00795503 0.171341 0.0744892 0.137893 0.0228475
9.999E-05 0.201565 0.315777 0.0736797 0.00364301 0.121318 0.212494 0.0714228
0.0241172 0.0989984 0.449383 0.10201 0.158776 0.0217824 0.128983 0.01595
0.0585243 0.141311 0.560133 9.9982E-05 0.0840492 0.0300248 0.125758 9.9982E-05
9.999E-05 0.257415 0.199809 0.0581322 0.140766 0.10223 0.230791 0.0107559
0.0255562 0.0558441 0.580216 0.0314307 0.139911 0.0314145 0.068013 0.067614
9.999E-05 0.190699 0.503225 0.00179261 0.0984331 0.0919689 0.104526 0.00925597
9.999E-05 0.412509 0.214085 0.0230018 0.0701108 0.108666 0.15328 0.0182477
9.9982E-05 0.388681 0.140791 9.9982E-05 0.116928 0.187539 0.152564 0.0132968
9.9973E-05 0.417014 0.274889 0.068911 0.155747 9.9973E-05 0.0831395 9.9973E-05
9.994E-05 9.994E-05 9.994E-05 9.994E-05 9.994E-05 9.994E-05 9.994E-05 0.9993
9.994E-05 9.994E-05 9.994E-05 9.994E-05 9.994E-05 9.994E-05 9.994E-05 0.9993
0.455086 9.9973E-05 0.0393496 9.9973E-05 9.9973E-05 0.0773939 0.0715379 0.356333
0.477002 9.9982E-05 0.0834481 9.9982E-05 0.07845 0.0367303 0.0274787 0.296691
9.999E-05 0.109869 0.513944 0.0604042 0.118565 0.0212158 0.171156 0.00474647
0.0869778 0.0923237 0.350305 9.9973E-05 9.9973E-05 0.0788576 0.391236 9.9973E-05
0.00408804 9.9982E-05 0.528934 0.0341007 9.9982E-05 0.00470512 0.397287 0.0306853
0.053014 0.529579 0.157727 9.9991E-05 0.056658 0.0279912 0.130302 0.0446288
0.0554782 9.9991E-05 0.256933 0.0341749 0.0431023 0.0301358 0.570287 0.00978875
0.0845006 0.10635 0.400276 0.104364 9.9982E-05 0.117731 0.186578 9.9982E-05
0.0299904 0.0482981 0.687215 0.0199206 9.9973E-05 9.9973E-05 0.214276 9.9973E-05
0.100411 0.0371566 0.51796 9.9991E-05 0.107483 0.033502 0.173865 0.0295228
0.0415574 0.0773902 0.622781 9.9991E-05 0.110991 0.0213383 0.065849 0.059993
0.0281849 0.167563 0.0475743 9.9982E-05 0.00268908 9.9982E-05 0.73411 0.0196791
0.0397723 0.0787099 0.503737 9.9991E-05 0.227633 0.058034 0.0757111 0.0163031
0.0189572 9.9991E-05 0.48942 0.0247878 0.0293521 0.0598052 0.371817 0.00575978
0.153993 9.9991E-05 0.567164 0.108975 0.0094219 0.0852488 0.0325574 0.0425402
9.9946E-05 9.9946E-05 0.359213 9.9946E-05 9.9946E-05 9.9946E-05 0.640187 9.9946E-05
0.0576965 9.9973E-05 0.663672 0.0306736 9.9973E-05 9.9973E-05 0.232871 0.0147866
0.0571397 0.0173433 0.466624 0.0802255 9.9991E-05 0.0163003 0.229217 0.13305
0.0688647 9.9964E-05 9.9964E-05 0.0608549 0.233361 9.9964E-05 0.636519 9.9964E-05
9.9973E-05 0.492535 0.164978 0.0777504 0.0755702 9.9973E-05 0.188867 9.9973E-05
9.9973E-05 0.201484 0.0642519 0.193556 0.325222 9.9973E-05 0.215186 9.9973E-05
0.0297406 0.128536 0.450057 0.0701906 0.0681891 0.08108 0.114603 0.0576039
0.112602 0.0114707 0.641552 0.129787 0.017531 0.0431953 0.0330178 0.0108446
0.0104559 0.0713294 0.629603 0.0665227 0.0942203 0.0658615 0.0357812 0.0262263
0.130722 0.274492 0.171066 0.12774 0.0612844 9.9982E-05 0.234496 9.9982E-05
9.9982E-05 0.284488 0.579035 0.0334009 0.0393726 9.9982E-05 0.0291867 0.0343163
0.009541 0.138843 0.524873 0.0416629 0.121583 0.101259 0.0621385 9.9991E-05
0.0906652 0.20475 0.315777 0.011137 0.0358856 0.0164169 0.272878 0.0524894
0.17411 0.325556 0.0678826 0.0830831 0.121637 0.0190004 0.153506 0.0552247
0.0267374 0.0483436 0.55297 0.00607116 0.0818171 9.9991E-05 0.224762 0.0591992
0.0644466 0.262729 0.449395 0.0885179 0.05012 0.0277273 0.0393244 0.0177398
9.9973E-05 0.503924 9.9973E-05 0.0985268 0.131923 9.9973E-05 0.191511 0.0738154
9.9991E-05 0.26736 0.467806 0.0525198 0.0284077 0.0521395 0.109392 0.0222752
9.9991E-05 0.0366003 0.628002 0.151283 0.0918463 0.049829 0.0197103 0.0226288
9.9982E-05 0.0924382 0.641457 0.0680962 0.0945599 0.0254517 9.9982E-05 0.0777974
0.0286052 0.235891 0.235151 0.0529064 0.121937 0.0623104 0.248845 0.0143532
9.9991E-05 0.213067 0.469873 0.108468 0.0563574 0.0120264 0.111523 0.0285844
9.9991E-05 0.0956386 0.585306 0.0490931 0.0678611 0.0257151 0.103373 0.0729133
9.9982E-05 0.368288 0.183076 0.0424459 0.105247 9.9982E-05 0.225089 0.0756531
9.9955E-05 0.0958994 0.533201 9.9955E-05 9.9955E-05 9.9955E-05 0.370399 9.9955E-05
9.9964E-05 0.094104 0.17233 9.9964E-05 9.9964E-05 9.9964E-05 0.699503 0.0336624
0.0366517 0.114497 0.574508 0.0827383 0.0811069 0.0103722 0.0806011 0.0195248
0.0882033 0.110054 0.516178 0.0267967 0.0761346 0.0244365 0.0853961 0.0728014
9.9946E-05 9.9946E-05 9.9946E-05 9.9946E-05 0.11687 9.9946E-05 0.882531 9.9946E-05
9.9973E-05 0.0754403 0.0051887 0.0627611 0.0587343 9.9973E-05 0.797576 9.9973E-05
9.9955E-05 9.9955E-05 0.250003 9.9955E-05 0.072541 9.9955E-05 0.676956 9.9955E-05
0.0123341 0.0973688 0.464226 9.9982E-05 0.0471511 9.9982E-05 0.368296 0.0104246
0.142463 0.149476 0.606999 0.0263352 9.9973E-05 9.9973E-05 0.0744263 9.9973E-05
9.9973E-05 0.0651234 0.335309 9.9973E-05 9.9973E-05 0.0999972 0.477214 0.0220564
0.0404372 0.170211 0.0811939 9.9982E-05 9.9982E-05 0.0379937 0.651461 0.0185035
0.042631 0.230688 0.223826 9.9964E-05 9.9964E-05 9.9964E-05 0.502455 9.9964E-05
0.0525311 0.113791 0.508217 9.9982E-05 9.9982E-05 0.061245 0.208988 0.0550284
0.0438181 0.0530394 0.262279 0.00566439 9.9982E-05 0.0102229 0.624776 9.9982E-05
0.0470747 0.0137054 0.334935 9.9991E-05 0.021347 0.0107575 0.535519 0.0365612
0.00510057 9.9964E-05 0.391205 0.103079 9.9964E-05 9.9964E-05 0.500215 9.9964E-05
9.9964E-05 0.0102464 9.9964E-05 0.181264 0.096704 9.9964E-05 0.711386 9.9964E-05
9.9973E-05 9.9973E-05 0.534114 0.0614647 9.9973E-05 0.0703188 0.277138 0.0566645
0.766248 0.0484877 0.147793 9.9973E-05 9.9973E-05 0.00265221 9.9973E-05 0.0345197
0.829669 9.9955E-05 0.0726742 9.9955E-05 9.9955E-05 9.9955E-05 9.9955E-05 0.097157
0.74457 9.9964E-05 0.0818929 9.9964E-05 9.9964E-05 0.0312025 9.9964E-05 0.141935
0.77431 9.9964E-05 0.0614137 9.9964E-05 0.015639 9.9964E-05 9.9964E-05 0.148237
0.769594 9.9982E-05 0.0701278 0.00533554 0.0220158 9.9982E-05 0.00518919 0.127538
0.820545 9.9991E-05 0.0221146 0.00558525 0.0230625 0.00972094 0.0270863 0.0917851
0.85475 9.9964E-05 0.0547486 0.00099559 9.9964E-05 9.9964E-05 9.9964E-05 0.0891058
0.0589758 9.9991E-05 0.457754 0.0415498 0.131607 0.0528033 0.222403 0.0348072
0.00577155 0.0435702 0.437858 9.9991E-05 0.0597497 0.137852 0.249386 0.0657118
0.0496895 0.0817507 0.0271527 0.01056 9.9982E-05 9.9982E-05 0.820656 0.00999161
0.0942267 9.9991E-05 0.511344 0.0531507 0.0214594 0.107256 0.173941 0.0385213
0.0744693 0.0643297 0.435359 9.9964E-05 9.9964E-05 9.9964E-05 0.425442 9.9964E-05
0.0648272 0.024878 0.578698 0.0300011 9.9982E-05 9.9982E-05 0.292785 0.00861044
9.9991E-05 0.00559894 0.501201 0.00793434 0.0667833 0.0497126 0.348519 0.0201512
9.9964E-05 9.9964E-05 0.317323 9.9964E-05 9.9964E-05 0.135483 0.538982 0.00781257
0.0718748 0.177434 9.9955E-05 9.9955E-05 9.9955E-05 9.9955E-05 0.750191 9.9955E-05
0.155681 0.0243302 0.50209 0.0484696 0.0411759 0.0199219 0.208231 9.9991E-05
9.9991E-05 0.139418 0.524324 0.0354921 0.0591092 0.0875245 0.139538 0.014495
9.9982E-05 0.121004 0.477546 0.10807 9.9982E-05 0.122712 0.0874349 0.0830322
9.9973E-05 9.9973E-05 0.19316 9.9973E-05 0.118095 0.0533619 0.620211 0.0148726
0.0433169 9.9973E-05 0.476782 0.0637402 0.00309658 9.9973E-05 0.412764 9.9973E-05
9.9982E-05 0.0626807 0.376845 0.0639865 9.9982E-05 0.00244813 0.468352 0.0254881
9.9964E-05 9.9964E-05 0.253183 9.9964E-05 0.00101228 0.0974427 0.647962 9.9964E-05
0.0412866 0.06335 0.455118 9.9973E-05 9.9973E-05 9.9973E-05 0.431236 0.00870934
0.140878 0.0245575 0.493008 0.0717511 0.090744 9.9982E-05 0.178862 9.9982E-05
9.9982E-05 0.279999 0.276807 0.181622 0.164684 9.9982E-05 0.0909887 0.005699
0.105024 0.140669 0.551474 0.0582013 9.9982E-05 0.079642 0.0647901 9.9982E-05
0.0766034 0.356465 0.436792 9.9982E-05 0.0774721 0.00129983 9.9982E-05 0.0511674
0.118799 0.204621 0.370225 0.0166488 0.0155943 0.0959042 0.114204 0.0640031
0.126422 0.108793 0.569183 0.0549747 9.9991E-05 0.020385 0.103827 0.0163166
0.0227771 0.335701 0.48796 0.00906685 0.0791747 9.9991E-05 0.0117205 0.0534993
9.9973E-05 0.298876 0.520094 0.0896292 9.9973E-05 0.0650654 0.0260357 9.9973E-05
0.0123995 0.416759 0.538592 0.0318492 9.9964E-05 9.9964E-05 9.9964E-05 9.9964E-05
0.0778466 0.186433 0.522318 0.0232544 9.9982E-05 9.9982E-05 0.123137 0.0668113
0.0273884 0.16106 0.54478 9.9982E-05 0.0596803 0.139101 0.0677909 9.9982E-05
0.0345409 0.119073 0.567304 0.0770291 0.0107692 9.9991E-05 0.173962 0.0172219
9.9955E-05 0.411524 0.477887 0.110089 9.9955E-05 9.9955E-05 9.9955E-05 9.9955E-05
0.0445273 0.129518 0.668826 0.0820188 0.0338463 0.0410632 9.9982E-05 9.9982E-05
9.9982E-05 0.130578 0.472622 0.0981421 0.117801 0.118613 9.9982E-05 0.062044
9.9964E-05 0.264025 0.653813 0.0609041 9.9964E-05 9.9964E-05 9.9964E-05 0.0208578
0.0334204 0.142195 0.558693 0.016876 0.157041 0.07356 0.0181156 9.9991E-05
9.9991E-05 0.141385 0.57618 0.0715672 0.0625376 0.0808614 0.0214633 0.0459061
0.0295011 0.228098 0.405054 0.0803485 0.211443 9.9982E-05 9.9982E-05 0.0453548
9.9982E-05 0.133904 0.682081 0.0523231 0.0246393 9.9982E-05 0.0431603 0.0636923
0.0366372 0.117584 0.722514 0.0078322 0.0813532 0.0338795 9.9982E-05 9.9982E-05
9.9982E-05 0.42403 0.189089 0.0923772 0.0376275 0.0973306 0.159346 9.9982E-05
9.9991E-05 0.275796 0.174752 0.150992 0.266678 0.0118715 0.117073 0.00273801
0.104307 0.197786 0.50342 0.0792122 0.0528977 0.000281761 0.0619956 9.9991E-05
9.9982E-05 0.39556 0.0689832 0.27588 0.0849498 0.0577903 0.116636 9.9982E-05
0.0880566 0.369907 0.262671 0.123949 0.026299 0.0263098 0.0930806 0.00972621
0.0234015 0.237371 0.45391 0.0668113 0.053737 9.9982E-05 0.164569 9.9982E-05
9.9973E-05 0.422799 0.308321 0.0585367 9.9973E-05 9.9973E-05 0.167859 0.0421834
9.9973E-05 0.465022 0.247287 9.9973E-05 0.0197781 0.0615828 0.20603 9.9973E-05
0.0875418 0.0845584 0.603385 9.9991E-05 0.00219175 0.0518962 0.140717 0.02961
0.0191612 0.177309 0.498923 0.0478684 9.9991E-05 0.144344 0.0668242 0.04547
0.0280353 0.135691 0.523739 0.0931762 9.9991E-05 0.0376566 0.175996 0.00560613
9.9982E-05 0.365215 0.138844 9.9982E-05 0.283685 0.0410214 0.17012 0.000914142
0.091366 0.139143 0.487455 0.0918689 9.9991E-05 0.0459816 0.119875 0.02421
9.9982E-05 9.9982E-05 0.459814 0.0209242 0.230447 0.0545477 0.201051 0.0330165
0.111149 0.139922 0.0236193 0.090043 0.440741 9.9991E-05 0.185504 0.00892297
0.112904 9.9964E-05 0.597957 9.9964E-05 0.1705 9.9964E-05 0.118239 9.9964E-05
0.0601257 0.0720765 0.350129 9.9982E-05 0.299823 0.0168271 0.200818 9.9982E-05
0.0223664 0.0946372 0.481305 0.0866528 0.182848 0.11762 0.0144702 9.9991E-05
0.0260485 0.137747 0.281957 0.0862869 0.369463 9.9991E-05 0.0730567 0.025342
9.9982E-05 0.149157 0.187585 0.197179 0.368436 9.9982E-05 0.0485269 0.0489163
9.9991E-05 0.153702 0.417847 0.155523 0.106747 0.00225735 0.12851 0.0353138
0.0657807 0.0256076 0.481912 0.103414 0.223429 0.013502 0.0862557 9.9991E-05
0.0682069 0.149424 0.461784 0.0443871 0.129747 0.0539674 0.0677725 0.0247113
0.0928227 0.0316009 0.531384 0.0085771 0.133312 9.9991E-05 0.112731 0.0894723
0.0803288 0.0690296 0.527536 9.9991E-05 0.103683 0.086966 0.0286138 0.103742
9.9982E-05 0.107539 9.9982E-05 0.0637955 0.336797 0.148947 0.298676 0.0440455
0.124113 0.0744446 0.511189 0.0371287 0.115083 0.0261259 0.102058 0.00985914
0.170671 0.0258113 0.458946 0.118629 0.0213769 0.0751214 0.0817876 0.0476569
9.9973E-05 0.106459 0.336487 0.0720388 0.252745 9.9973E-05 0.23197 9.9973E-05
9.9982E-05 0.0359676 0.446343 0.232738 0.201901 0.0150822 0.0677693 9.9982E-05
0.0817597 9.9973E-05 0.614562 0.0930305 0.100643 9.9973E-05 0.109705 9.9973E-05
0.084263 9.9982E-05 0.431026 9.9982E-05 0.120042 0.237921 0.0583055 0.0682422
0.208067 9.9973E-05 0.155209 9.9973E-05 0.320851 0.261763 9.9973E-05 0.0538104
0.458115 9.9964E-05 9.9964E-05 9.9964E-05 0.408234 0.0951258 9.9964E-05 0.0381254
0.377004 9.9973E-05 9.9973E-05 0.030879 0.469433 0.0905076 9.9973E-05 0.031876
0.369561 9.9964E-05 0.100908 9.9964E-05 0.220312 0.308819 9.9964E-05 9.9964E-05
9.9955E-05 9.9955E-05 0.673258 9.9955E-05 0.26564 9.9955E-05 0.060602 9.9955E-05
0.0621903 0.0793113 0.479964 0.098163 0.0884329 0.0771541 0.0945169 0.020268
9.9964E-05 9.9964E-05 0.311122 9.9964E-05 9.9964E-05 0.657647 0.0047698 0.0260611
9.9973E-05 0.174138 0.358725 0.094956 9.9973E-05 0.368708 9.9973E-05 0.00317262
0.0700263 0.058278 0.290426 9.9991E-05 0.0394467 0.384161 0.148843 0.00871892
9.9973E-05 0.000918948 0.338245 0.141623 0.383235 9.9973E-05 0.135678 9.9973E-05
0.0251851 0.0314933 0.509308 0.0610383 0.1724 0.0127948 0.147606 0.0401741
9.9964E-05 9.9964E-05 0.225374 0.1835 0.530679 9.9964E-05 0.0600469 9.9964E-05
9.9973E-05 0.0151236 0.593957 9.9973E-05 0.243848 0.0405199 0.106252 9.9973E-05
9.9982E-05 0.0562036 0.457988 0.21197 0.136916 0.014894 0.121829 9.9982E-05
9.9973E-05 9.9973E-05 0.599071 0.037754 0.320645 0.0105521 0.0316776 9.9973E-05
9.9973E-05 0.0442506 0.227523 0.157911 0.449779 9.9973E-05 0.120237 9.9973E-05
0.00245125 0.0361949 0.533703 9.9982E-05 0.155993 0.14096 0.130498 9.9982E-05
0.0435856 0.0379739 0.654237 9.9991E-05 0.161686 0.000192814 0.0901083 0.0121161
0.0823065 0.0737512 0.434328 0.0753799 0.0341934 0.256123 9.9991E-05 0.0438182
9.9955E-05 9.9955E-05 0.0112264 0.0019136 9.9955E-05 0.98636 9.9955E-05 9.9955E-05
9.9955E-05 9.9955E-05 0.105891 9.9955E-05 9.9955E-05 0.880497 0.0131125 9.9955E-05
0.0133166 0.0249362 0.227431 0.00427126 9.9991E-05 0.616556 0.0916478 0.0217412
9.9946E-05 9.9946E-05 0.318737 9.9946E-05 9.9946E-05 0.680663 9.9946E-05 9.9946E-05
9.9973E-05 0.00418995 0.155894 9.9973E-05 0.0160115 0.794496 0.0291085 9.9973E-05
9.9946E-05 9.9946E-05 9.9946E-05 9.9946E-05 9.9946E-05 0.982239 9.9946E-05 0.0171617
9.9955E-05 0.0170851 9.9955E-05 0.015788 9.9955E-05 0.966627 9.9955E-05 9.9955E-05
9.9955E-05 0.000827746 0.150615 9.9955E-05 9.9955E-05 0.848058 9.9955E-05 9.9955E-05
9.9946E-05 9.9946E-05 9.9946E-05 9.9946E-05 9.9946E-05 0.969937 0.029463 9.9946E-05
9.9955E-05 9.9955E-05 9.9955E-05 9.9955E-05 0.0116888 0.986961 9.9955E-05 0.000850586
9.9946E-05 9.9946E-05 9.9946E-05 9.9946E-05 9.9946E-05 0.977813 9.9946E-05 0.0215874
0.00673245 0.0118237 0.170086 9.9982E-05 0.0320571 0.747284 9.9982E-05 0.0318163
0.0180191 9.9982E-05 0.0801747 9.9982E-05 0.0238401 0.777494 0.0665459 0.033726
0.00515863 9.9955E-05 9.9955E-05 9.9955E-05 9.9955E-05 0.972079 0.0222624 9.9955E-05
0.0640651 9.9982E-05 0.330965 0.0403486 0.0243813 0.466491 0.0735492 9.9982E-05
0.0209077 0.0604492 0.266793 9.9964E-05 9.9964E-05 0.651451 9.9964E-05 9.9964E-05
9.9964E-05 9.9964E-05 0.136679 9.9964E-05 0.0515187 0.790834 9.9964E-05 0.0205685
0.0219968 0.0105043 0.0711641 9.9973E-05 9.9973E-05 0.894782 0.00125266 9.9973E-05
9.9946E-05 9.9946E-05 0.0399508 9.9946E-05 9.9946E-05 0.95945 9.9946E-05 9.9946E-05
0.0488865 9.9973E-05 0.0723069 9.9973E-05 9.9973E-05 0.852272 0.00886611 0.0173681
9.9946E-05 9.9946E-05 9.9946E-05 9.9946E-05 9.9946E-05 0.987196 9.9946E-05 0.012204
0.0803427 0.00258834 0.226392 0.0419663 9.9982E-05 0.594306 9.9982E-05 0.0542048
0.00894333 0.0302476 0.0290317 9.9991E-05 0.00387711 0.900455 0.00702512 0.02032
0.23757 9.9973E-05 9.9973E-05 0.0429279 0.663263 0.0106222 0.0453166 9.9973E-05
0.133379 0.159784 0.438346 9.9982E-05 0.216173 0.00577222 9.9982E-05 0.0463463
0.225536 9.9973E-05 0.444321 9.9973E-05 0.273789 0.0517235 0.00433066 9.9973E-05
0.154044 9.9982E-05 0.185181 0.070681 0.485571 0.0521775 9.9982E-05 0.052145
0.141646 0.0119817 0.506544 9.9991E-05 0.21843 0.0860952 0.0337789 0.00142449
0.223186 9.9991E-05 0.255506 0.00440696 0.447853 0.040497 0.0103249 0.0181263
0.0899008 0.0648387 0.452384 0.0652126 0.260503 0.0522882 0.00919026 0.00568197
0.0715826 9.9964E-05 0.336926 9.9964E-05 0.426964 0.164128 9.9964E-05 9.9964E-05
0.0183213 0.0161093 0.440124 0.0690381 0.226227 0.135831 9.9991E-05 0.0942497
0.0756357 0.0027176 0.366202 9.9982E-05 0.329134 0.172567 9.9982E-05 0.0535435
0.0646584 9.9991E-05 0.381533 0.0621465 0.112864 0.21611 0.0699018 0.092687
0.213136 9.9982E-05 0.499513 9.9982E-05 0.130925 0.055883 0.0767536 0.0235894
0.810527 0.113492 0.053679 9.9973E-05 0.0194752 9.9973E-05 9.9973E-05 0.00252682
0.832556 9.9973E-05 9.9973E-05 0.0179799 0.0410587 0.0224984 9.9973E-05 0.0856073
0.907346 0.00441373 9.9964E-05 9.9964E-05 0.0186764 9.9964E-05 9.9964E-05 0.0691637
0.922063 0.0470936 9.9955E-05 9.9955E-05 9.9955E-05 9.9955E-05 9.9955E-05 0.0303439
0.801782 0.0206972 0.0444587 9.9973E-05 9.9973E-05 0.0018133 9.9973E-05 0.130949
0.821148 9.9964E-05 9.9964E-05 0.0735059 9.9964E-05 0.0297887 9.9964E-05 0.0751577
0.846872 9.9964E-05 0.029202 9.9964E-05 9.9964E-05 0.0597396 9.9964E-05 0.0637868
0.863117 9.9973E-05 0.0135324 0.0520479 0.0422724 9.9973E-05 9.9973E-05 0.0287309
0.879376 9.9973E-05 0.0213797 0.0354538 9.9973E-05 9.9973E-05 0.0201103 0.04338
0.82579 9.9973E-05 9.9973E-05 0.0121948 0.0376062 0.104013 9.9973E-05 0.0200966
0.563388 0.276079 9.9982E-05 0.0388231 0.0102061 9.9982E-05 0.050722 0.0605822
0.574592 0.298094 9.9973E-05 9.9973E-05 0.013192 9.9973E-05 0.0890752 0.0247472
0.471432 0.253298 9.9982E-05 0.0540177 0.144732 9.9982E-05 0.0355228 0.0407966
0.501593 0.32399 9.9982E-05 0.0727531 0.0119585 9.9982E-05 0.0794307 0.0100749
0.0677947 0.0489217 0.517342 9.9982E-05 9.9982E-05 0.0245065 0.335214 0.00602117
0.0781816 9.9973E-05 0.495944 0.0790344 9.9973E-05 0.0421893 0.304351 9.9973E-05
9.9982E-05 0.0907252 0.57184 9.9982E-05 0.0799679 0.026845 0.22716 0.00326153
0.0837802 0.183501 0.527313 0.0704522 0.087114 0.0331359 0.0139963 0.00070743
9.9973E-05 0.274929 0.354833 9.9973E-05 0.0432538 9.9973E-05 0.285539 0.0411452
9.9973E-05 0.648564 0.198365 9.9973E-05 0.0124171 0.00201734 0.138337 9.9973E-05
0.0365536 0.0290951 0.519379 0.108849 9.9991E-05 0.0928913 0.193534 0.0195983
9.9973E-05 0.060283 0.534627 9.9973E-05 0.04207 0.0484651 0.314255 9.9973E-05
9.9973E-05 0.0354981 0.501823 0.0413342 0.136606 9.9973E-05 0.284439 9.9973E-05
9.9964E-05 9.9964E-05 0.340768 9.9964E-05 0.0617525 0.0634958 0.533583 9.9964E-05
0.102554 0.0646395 0.553961 0.0474974 9.9991E-05 0.00617994 0.207727 0.0173402
0.0217779 0.132101 0.393374 0.0544307 0.0384974 9.9982E-05 0.359619 9.9982E-05
9.9955E-05 0.0961256 9.9955E-05 0.177923 9.9955E-05 9.9955E-05 0.725451 9.9955E-05
0.0775279 0.171071 0.465799 0.0364215 0.0257461 0.0371606 0.186174 9.9991E-05
9.9973E-05 9.9973E-05 0.207765 0.100525 0.111825 0.0110364 0.568549 9.9973E-05
9.9973E-05 9.9973E-05 0.520007 9.9973E-05 0.0540105 0.00651009 0.385561 0.0336118
0.0631187 0.141707 0.0656198 9.9964E-05 9.9964E-05 9.9964E-05 0.729154 9.9964E-05
0.150814 0.661502 0.0152751 0.103379 0.0632517 9.9982E-05 9.9982E-05 0.00557798
0.103215 0.75954 0.0762141 0.0328658 0.0278649 9.9973E-05 9.9973E-05 9.9973E-05
0.0767982 0.785023 0.00163666 0.12264 9.9973E-05 9.9973E-05 9.9973E-05 0.0136026
0.15819 0.770726 9.9973E-05 0.0274986 0.000885092 9.9973E-05 0.0424002 9.9973E-05
9.9973E-05 0.809073 9.9973E-05 0.0476648 0.10535 0.00603664 9.9973E-05 0.0315765
0.081074 0.765515 0.0778176 0.0553786 9.9973E-05 0.0199152 9.9973E-05 9.9973E-05
0.82971 9.9964E-05 0.0927951 0.00189511 9.9964E-05 9.9964E-05 9.9964E-05 0.0752003
0.833469 0.0117737 0.0898583 9.9973E-05 9.9973E-05 0.0344665 9.9973E-05 0.0301323
0.773259 9.9964E-05 0.11584 9.9964E-05 9.9964E-05 0.0742078 9.9964E-05 0.0362929
0.723514 0.0853587 0.0705918 9.9973E-05 9.9973E-05 0.0748627 9.9973E-05 0.0453728
0.793624 0.00748587 0.103832 9.9982E-05 0.000238464 0.0525731 9.9982E-05 0.0420459
0.35267 0.498402 9.9973E-05 9.9973E-05 0.0797504 9.9973E-05 0.0276676 0.0412109
0.448799 0.409568 9.9973E-05 0.0479363 0.0857239 9.9973E-05 0.00767314 9.9973E-05
0.412668 0.486338 9.9973E-05 0.062706 9.9973E-05 9.9973E-05 0.00752294 0.0304658
9.994E-05 9.994E-05 9.994E-05 9.994E-05 9.994E-05 9.994E-05 9.994E-05 0.9993
0.399861 0.507696 9.9982E-05 9.9982E-05 0.0113588 0.0105242 0.0552694 0.0150901
0.198782 9.9973E-05 0.254008 0.058418 0.131072 0.35742 9.9973E-05 9.9973E-05
0.0719234 0.0128607 0.546071 0.0231805 0.0489537 0.279422 9.9991E-05 0.0174891
0.172137 9.9955E-05 0.550855 9.9955E-05 9.9955E-05 0.276508 9.9955E-05 9.9955E-05
0.19888 0.075545 0.31604 9.9982E-05 0.0985133 0.192939 0.117883 9.9982E-05
0.181898 0.103614 0.401425 9.9982E-05 9.9982E-05 0.220447 0.0665055 0.0259108
0.435672 9.9964E-05 0.00105386 9.9964E-05 0.284007 0.278867 9.9964E-05 9.9964E-05
9.9973E-05 0.311081 0.492134 0.0807962 0.0258095 9.9973E-05 0.0898792 9.9973E-05
9.9973E-05 0.251684 0.395844 0.175592 0.151215 9.9973E-05 0.0253653 9.9973E-05
0.066196 0.509795 0.273253 0.0511068 0.000107052 9.9991E-05 0.0815135 0.0179281
0.0717771 0.0598232 0.413251 0.292233 9.9973E-05 9.9973E-05 0.162616 9.9973E-05
9.9964E-05 0.192488 9.9964E-05 0.340298 0.285054 9.9964E-05 0.18176 9.9964E-05
0.0411131 0.10669 0.563736 0.00122471 0.0962619 9.9991E-05 0.155163 0.0357118
0.0760814 0.168502 0.423344 0.124404 0.015481 9.9982E-05 0.191988 9.9982E-05
9.9982E-05 0.420444 0.336947 0.0364506 0.0839978 9.9982E-05 0.092465 0.0294961
0.0615693 0.149947 0.53858 9.9991E-05 0.175461 0.0385079 0.0222129 0.0136215
9.9982E-05 0.27776 0.118749 0.240219 0.20716 9.9982E-05 0.135268 0.0206448
9.9982E-05 0.106633 0.506412 0.186172 0.135614 0.0248244 0.0401434 9.9982E-05
9.9991E-05 0.200055 0.495882 0.0735887 0.0450822 0.0386452 0.116365 0.0302814
0.12083 0.0896025 0.351685 0.00512775 0.0796881 0.204794 0.148173 9.9991E-05
9.9973E-05 0.294386 0.398932 0.175054 0.112463 9.9973E-05 0.0188651 9.9973E-05
0.0304486 0.230945 0.473822 0.183802 0.0105191 0.00629903 0.0514063 0.012758
0.0147249 0.128606 0.437889 0.167893 0.132352 0.0713715 0.0470647 9.9991E-05
9.9973E-05 0.183421 0.511227 0.0798263 0.0113225 9.9973E-05 0.213903 9.9973E-05
0.0513633 0.126729 0.617016 0.0621029 9.9991E-05 0.0708834 0.0271177 0.0446881
0.0346258 0.0713552 0.586384 0.0983318 9.9982E-05 9.9982E-05 0.139757 0.0693464
0.09032 0.104691 0.596588 0.048776 0.0520688 0.0572559 0.0465804 0.00371962
0.799273 9.9955E-05 0.0807055 9.9955E-05 9.9955E-05 0.119522 9.9955E-05 9.9955E-05
0.852346 9.9964E-05 0.0494887 9.9964E-05 9.9964E-05 0.0445787 0.0531867 9.9964E-05
0.805283 9.9973E-05 0.0829634 9.9973E-05 0.0601645 0.00832038 0.0429685 9.9973E-05
0.788532 9.9964E-05 9.9964E-05 9.9964E-05 9.9964E-05 0.0570212 0.141201 0.0128464
0.859796 9.9964E-05 0.113802 9.9964E-05 9.9964E-05 0.0175788 9.9964E-05 0.00842306
9.9973E-05 0.582732 0.24371 9.9973E-05 0.0769454 0.0211816 0.0751313 9.9973E-05
0.103412 0.11301 0.45107 0.212019 9.9991E-05 0.0472664 0.068727 0.00439536
0.26191 9.9991E-05 0.412114 0.0600375 0.111815 0.127505 0.0208516 0.00566622
9.9982E-05 0.1354 0.61403 0.10462 0.0250022 0.0846346 0.036114 9.9982E-05
0.083652 0.224659 0.550586 0.0807429 0.00243963 9.9982E-05 0.0577201 9.9982E-05
9.9982E-05 0.325047 0.402196 0.0821369 0.163199 0.0135166 9.9982E-05 0.0137043
0.102531 0.579785 9.9982E-05 0.0251416 0.131239 9.9982E-05 0.122257 0.0388456
9.9973E-05 0.320548 0.553712 0.0393693 9.9973E-05 9.9973E-05 0.0816541 0.00441631
0.0538916 0.492936 0.0791562 0.201734 9.9991E-05 0.0457188 0.0767168 0.0497468
0.0877505 0.199033 0.429196 0.126232 0.0289112 0.0201018 0.103745 0.00503048
0.152126 0.575827 0.121186 0.101557 9.9982E-05 0.0323378 0.0167658 9.9982E-05
0.151731 0.127447 0.588158 0.0282986 9.9991E-05 0.0534103 0.0476327 0.0032226
0.0492219 0.525238 0.230482 9.9982E-05 0.0863823 9.9982E-05 0.0790772 0.0293983
0.0656227 0.023671 0.652671 0.0263146 0.0953811 0.0177567 0.042786 0.075797
9.9991E-05 0.342393 0.373426 0.0991646 0.0880225 0.0130936 0.0283982 0.0554025
0.0174321 0.0642489 0.538427 0.0306878 0.219201 9.9991E-05 0.118115 0.0117892
9.9964E-05 0.126726 0.309675 0.0816165 0.481582 9.9964E-05 9.9964E-05 9.9964E-05
0.0225067 9.9973E-05 0.595323 0.0174018 0.261458 9.9973E-05 0.10301 9.9973E-05
0.0864297 0.0719191 0.563742 0.0556665 0.169223 9.9982E-05 9.9982E-05 0.0528192
9.9973E-05 0.131316 0.343111 0.0361728 0.404514 9.9973E-05 0.0845863 9.9973E-05
0.129104 9.9973E-05 0.522369 9.9973E-05 0.247929 9.9973E-05 0.0632534 0.0370441
0.0108431 0.0626458 0.56095 0.0100641 0.2745 0.0398177 0.0410785 9.9991E-05
0.0120319 9.9982E-05 0.522528 0.00233731 0.222398 9.9982E-05 0.202352 0.0381536
9.9973E-05 0.106031 0.136913 0.168889 0.49316 9.9973E-05 0.0947064 9.9973E-05
9.9973E-05 0.0633357 0.272096 0.0477237 0.519937 9.9973E-05 0.0966082 9.9973E-05
9.9955E-05 0.0798668 0.55273 9.9955E-05 0.366903 9.9955E-05 9.9955E-05 9.9955E-05
9.9973E-05 0.0676247 0.154424 0.0511609 0.462233 9.9973E-05 0.264258 9.9973E-05
9.9973E-05 0.0744492 0.435904 0.0369818 0.351855 9.9973E-05 0.100511 9.9973E-05
9.9991E-05 0.586873 0.0744164 0.108118 0.00107107 0.0392844 0.160561 0.0295761
9.9982E-05 0.369518 0.224051 0.237917 0.0537071 0.0356228 0.0789842 9.9982E-05
9.9982E-05 0.413632 0.312996 0.101292 9.9982E-05 0.0360052 0.102363 0.0335113
9.9973E-05 0.207735 0.647328 9.9973E-05 0.0459454 0.0318325 9.9973E-05 0.0668593
9.9973E-05 0.517138 0.259468 0.00783993 0.0122605 9.9973E-05 0.202994 9.9973E-05
9.9991E-05 0.134389 0.484734 0.101675 0.077726 0.125888 0.0648122 0.0106775
0.0566144 0.0997401 0.503668 0.0431036 0.0167456 0.0553272 0.201924 0.0228763
0.00268544 0.2971 0.484564 0.00539476 0.0671727 0.102501 0.0394193 0.00116211
0.0460606 0.263882 0.448418 0.0380395 0.0113356 0.128253 0.048362 0.0156497
0.00325734 0.288535 0.429267 0.021739 9.9991E-05 0.06907 0.178431 0.00960189
9.9973E-05 0.556025 0.223335 9.9973E-05 9.9973E-05 0.0719538 0.143168 0.0052176
9.9973E-05 0.398484 0.260489 0.0472278 9.9973E-05 0.156511 0.136987 9.9973E-05
9.9982E-05 0.237093 0.591655 9.9982E-05 0.0354548 0.0396867 0.0637627 0.0321482
9.9991E-05 0.176797 0.639626 0.0218297 0.0623242 0.0523028 0.0247952 0.0222249
0.0552836 0.324825 0.383499 0.0418844 0.0679195 0.0109063 0.113543 0.00213996
0.0278589 0.268812 0.487199 0.126615 9.9982E-05 0.0818231 0.00749217 9.9982E-05
0.0251648 0.394058 0.408359 9.9982E-05 0.132516 0.0055141 9.9982E-05 0.0341875
0.0290755 0.25094 0.696644 0.011311 9.9973E-05 9.9973E-05 9.9973E-05 0.0117296
0.0129282 0.28125 0.546544 0.0683899 0.0174953 0.0731921 9.9982E-05 9.9982E-05
0.0865509 0.102111 0.404548 0.0894168 0.0182454 0.0970633 0.158694 0.0433705
0.302407 9.9982E-05 0.435938 9.9982E-05 0.00964374 0.11463 0.0805977 0.056584
0.0768308 9.9982E-05 0.431938 9.9982E-05 0.0649407 0.233894 0.115702 0.0764942
0.166154 9.9982E-05 0.560457 0.0373785 0.0771908 9.9982E-05 0.087732 0.0708875
0.0149347 0.0370636 0.513296 0.071771 0.0476973 0.14064 0.102246 0.0723519
0.170375 9.9982E-05 0.464182 0.0926467 9.9982E-05 0.167771 0.0580046 0.0468205
9.9991E-05 0.220364 0.415167 0.116209 0.164657 0.000719139 0.0713198 0.011464
0.220259 0.107034 0.448747 0.0479757 9.9991E-05 0.111304 0.0628534 0.00172795
0.250202 0.00583854 0.0125933 0.0278761 0.42242 0.133469 0.147501 9.9991E-05
0.0328665 0.0937495 0.441917 9.9991E-05 0.0779224 0.190851 0.0952075 0.067386
0.0931297 0.0501875 0.5697 0.045631 0.125945 0.0596966 9.9991E-05 0.0556106
0.129867 0.0663396 0.488791 0.112133 9.9973E-05 0.202569 9.9973E-05 9.9973E-05
0.152755 0.0153158 0.337246 0.064454 0.249213 0.103418 0.0127995 0.0647991
0.115502 9.9982E-05 0.467594 9.9982E-05 0.184935 0.127995 0.0669713 0.036802
0.14415 9.9982E-05 0.503171 0.0545108 0.154806 0.126528 9.9982E-05 0.0166341
0.43457 9.9973E-05 9.9973E-05 0.062117 0.29348 0.140846 9.9973E-05 0.068688
0.153368 9.9982E-05 0.488699 0.0443311 0.0984696 0.161979 9.9982E-05 0.0529534
0.113158 0.00414327 0.529866 0.141904 0.011482 0.199247 9.9982E-05 9.9982E-05
0.115295 0.0409127 0.6011 9.9991E-05 0.0520921 0.0917925 0.0980097 0.000697997
0.163366 9.9973E-05 0.41419 0.0808285 0.0708313 0.270484 9.9973E-05 9.9973E-05
0.147543 0.107217 0.497459 0.00803573 0.0551078 0.170426 0.0124573 0.00175452
9.9982E-05 0.0750083 0.400889 0.351333 9.9982E-05 0.0208505 0.094583 0.0571366
0.0649931 0.0230459 0.534185 0.328937 0.0401464 9.9991E-05 0.000701435 0.00789131
9.9964E-05 0.0643588 9.9964E-05 0.843437 0.0250836 9.9964E-05 0.0667211 9.9964E-05
0.0365717 0.0911595 0.295614 0.221753 9.9991E-05 0.203136 0.124469 0.0271958
0.157258 9.9982E-05 0.578521 0.0998124 0.0535445 9.9982E-05 0.0589092 0.0517551
9.99459E-05 0.0872006 9.99459E-05 0.9122 9.99459E-05 9.99459E-05 9.99459E-05 9.99459E-05
9.9991E-05 0.0333405 0.457936 0.31755 0.0281724 0.0290172 0.0874424 0.0464415
0.122979 9.9973E-05 0.433166 0.0870467 0.0648232 0.291685 9.9973E-05 9.9973E-05
0.0907076 9.9991E-05 0.251628 0.273918 0.0060187 0.344232 0.00573769 0.0276578
0.175925 9.9982E-05 0.0322918 0.34231 0.116413 0.308672 9.9982E-05 0.0241887
0.134769 9.9982E-05 0.294256 0.209071 0.0256506 0.283641 9.9982E-05 0.0524123
0.150261 0.0160939 0.438886 0.107842 9.9991E-05 0.139301 0.102371 0.0451445
0.0140775 9.9982E-05 0.0130601 0.680357 0.182063 0.0736867 9.9982E-05 0.0365554
0.108535 9.9982E-05 0.117877 0.634179 0.0290871 0.0974476 9.9982E-05 0.0126744
9.9982E-05 0.00153462 0.459671 0.33311 9.9982E-05 0.16177 0.0301551 0.0135597
0.0211443 9.9973E-05 0.442551 0.449821 9.9973E-05 0.0671794 9.9973E-05 0.0190042
9.9964E-05 9.9964E-05 0.0605966 0.761282 9.9964E-05 0.119582 9.9964E-05 0.0581404
0.11268 0.0516091 0.457991 0.298209 9.9973E-05 0.0792114 9.9973E-05 9.9973E-05
9.9964E-05 9.9964E-05 0.497541 0.334204 0.00113142 0.166723 9.9964E-05 9.9964E-05
0.0971669 0.0435458 0.329287 0.309333 9.9982E-05 0.157006 0.0634621 9.9982E-05
9.9973E-05 0.0637885 0.255953 0.638433 9.9973E-05 9.9973E-05 0.0332762 0.00825004
9.9982E-05 0.149562 0.32736 0.422267 0.00658953 0.0434282 9.9982E-05 0.0505941
9.9982E-05 0.0207627 0.535877 0.249549 0.0307134 9.9982E-05 0.0843065 0.0785917
9.9982E-05 0.15737 0.353551 0.394459 0.0437061 0.0409855 9.9982E-05 0.00972872
0.0433916 0.0900497 0.449421 0.242254 0.0664157 0.0489682 9.9991E-05 0.0594001
0.0416451 0.065983 0.368212 0.100233 0.116611 0.14921 0.143887 0.0142195
9.9982E-05 0.0150396 0.500836 0.360489 0.0829573 9.9982E-05 0.0396216 0.000856589
9.9955E-05 0.107512 0.234813 0.657176 9.9955E-05 9.9955E-05 9.9955E-05 9.9955E-05
0.0303177 9.9955E-05 0.612264 0.356919 9.9955E-05 9.9955E-05 9.9955E-05 9.9955E-05
0.0728156 0.0930359 0.473803 0.170843 0.0792894 0.0786568 0.0152914 0.0162648
9.9964E-05 0.0460814 0.1998 0.660085 9.9964E-05 9.9964E-05 0.0936334 9.9964E-05
9.9955E-05 9.9955E-05 0.347854 0.619949 9.9955E-05 9.9955E-05 9.9955E-05 0.031697
0.0431282 9.9973E-05 0.559021 0.281593 9.9973E-05 9.9973E-05 0.0546991 0.0612588
9.9982E-05 9.9982E-05 0.428458 0.317802 0.0121515 0.0199442 0.159626 0.0618185
0.165602 9.9982E-05 0.491104 0.034534 0.0842534 0.139489 0.0848182 9.9982E-05
0.147439 0.0149054 0.366424 0.151535 0.100345 0.138033 0.0812186 9.9991E-05
0.0918831 0.0388587 0.328737 9.9991E-05 0.161197 0.27372 0.049743 0.0557612
0.119124 0.0341413 0.404251 0.215642 0.020197 0.115814 0.0320116 0.0588189
0.100351 0.0535389 0.28344 9.9991E-05 0.257251 0.170723 0.0824737 0.0521232
0.16699 0.145029 0.438475 9.9982E-05 9.9982E-05 0.156756 0.0402152 0.0523351
0.0972286 9.9991E-05 0.328615 0.220922 0.107695 0.147994 0.0111854 0.0862595
0.181172 0.0189358 9.9973E-05 0.600284 0.0627584 0.136549 9.9973E-05 9.9973E-05
9.9982E-05 0.0674338 0.548714 0.0962123 0.041694 0.205362 9.9982E-05 0.0403838
0.349212 9.9973E-05 9.9973E-05 0.409973 0.148607 0.0873926 9.9973E-05 0.00451619
0.0224427 9.9964E-05 0.461937 0.323056 9.9964E-05 0.192164 9.9964E-05 9.9964E-05
9.9964E-05 9.9964E-05 0.0135717 0.811377 0.0231243 9.9964E-05 0.151527 9.9964E-05
9.9946E-05 9.9946E-05 9.9946E-05 0.886818 9.9946E-05 9.9946E-05 0.112583 9.9946E-05
9.9973E-05 9.9973E-05 0.458681 0.463565 0.0196625 9.9973E-05 0.0480262 0.00976491
0.0157389 9.9964E-05 0.577338 0.389381 9.9964E-05 9.9964E-05 9.9964E-05 0.0171426
9.9955E-05 9.9955E-05 0.380248 0.546112 9.9955E-05 9.9955E-05 0.0731402 9.9955E-05
9.9964E-05 9.9964E-05 0.478627 0.465925 9.9964E-05 9.9964E-05 0.0536297 0.0014185
9.9946E-05 9.9946E-05 0.495699 0.503701 9.9946E-05 9.9946E-05 9.9946E-05 9.9946E-05
0.775536 9.9973E-05 0.0554962 0.0899905 9.9973E-05 0.0108013 9.9973E-05 0.067876
0.707935 0.127155 9.9973E-05 0.0358799 9.9973E-05 0.112388 9.9973E-05 0.016343
0.924309 0.0188491 9.9964E-05 9.9964E-05 9.9964E-05 0.0521747 9.9964E-05 0.00426743
0.803593 9.9964E-05 0.0436159 9.9964E-05 9.9964E-05 0.00235423 9.9964E-05 0.150037
0.016171 0.0189695 0.511391 0.0834122 9.9982E-05 9.9982E-05 0.341581 0.0282752
0.118187 0.00280877 0.403742 0.0494251 9.9982E-05 0.103781 0.321857 9.9982E-05
0.0139528 9.9973E-05 0.417584 0.0326096 9.9973E-05 9.9973E-05 0.499746 0.0358072
0.160544 9.9964E-05 0.548267 9.9964E-05 0.0123257 9.9964E-05 0.278463 9.9964E-05
0.103287 0.084106 0.52511 9.9991E-05 0.0754068 0.0260162 0.179412 0.00656263
9.9982E-05 0.109985 0.139655 0.0580316 0.11293 0.0252295 0.553969 9.9982E-05
9.9973E-05 0.00233337 0.531225 9.9973E-05 9.9973E-05 0.0413944 0.386563 0.0381845
9.9973E-05 9.9973E-05 0.290979 0.101961 0.114288 9.9973E-05 0.475827 0.0166451
0.257932 0.0389151 0.464893 0.0911016 9.9982E-05 0.123164 9.9982E-05 0.0237946
9.9982E-05 0.0764229 0.419019 0.0999584 0.0816565 0.0123153 0.310428 9.9982E-05
9.9964E-05 0.0973504 0.352382 9.9964E-05 9.9964E-05 9.9964E-05 0.533814 0.0160542
0.0825292 9.9991E-05 0.483465 0.066935 0.0345388 0.0388474 0.218243 0.0753414
9.9964E-05 0.0377445 0.526802 0.12391 9.9964E-05 9.9964E-05 0.311143 9.9964E-05
9.9964E-05 0.0292118 0.40457 9.9964E-05 9.9964E-05 9.9964E-05 0.512212 0.0536057
9.9964E-05 9.9964E-05 0.548223 0.0536568 9.9964E-05 0.000981441 0.396739 9.9964E-05
0.0572092 9.9973E-05 0.50976 9.9973E-05 9.9973E-05 0.0360978 0.393155 0.00347773
9.9964E-05 9.9964E-05 0.0305196 0.0900693 9.9964E-05 9.9964E-05 0.870481 0.0085304
0.0258939 9.9982E-05 0.228154 0.0626699 0.064685 9.9982E-05 0.601654 0.0167439
9.9982E-05 0.064208 0.370896 0.0290661 0.0203218 9.9982E-05 0.501056 0.0142516
9.9955E-05 9.9955E-05 9.9955E-05 0.0467633 0.13683 9.9955E-05 0.815907 9.9955E-05
0.154687 0.0639186 0.396135 0.0094658 0.0906289 0.161022 0.124042 9.9991E-05
0.0298226 0.0887759 0.402043 9.9982E-05 0.0690831 9.9982E-05 0.375347 0.0347281
9.9973E-05 0.0317626 0.0801041 9.9973E-05 0.221335 9.9973E-05 0.641321 0.0251772
0.0137324 9.9964E-05 9.9964E-05 0.0631277 0.147743 9.9964E-05 0.774997 9.9964E-05
9.9973E-05 9.9973E-05 0.544191 0.0140329 0.0303465 9.9973E-05 0.328253 0.0828764
0.0537843 0.0725247 0.162262 0.0910826 0.0253619 9.9982E-05 0.594785 9.9982E-05
0.033328 0.0475771 0.45669 9.9982E-05 0.0952259 0.0564056 0.310574 9.9982E-05
0.0769298 0.0537161 0.533334 9.9991E-05 0.0551143 0.0505459 0.222597 0.00766312
9.9964E-05 0.0745721 0.48954 9.9964E-05 0.002622 9.9964E-05 0.432866 9.9964E-05
9.9982E-05 0.221517 0.363387 0.0239379 0.194623 0.0481386 0.148195 9.9982E-05
0.0161432 0.0990902 0.486974 0.0331909 9.9982E-05 9.9982E-05 0.349696 0.0147053
0.045922 0.129797 0.446049 9.9991E-05 0.0262961 0.0187551 0.316571 0.0165101
9.9955E-05 9.9955E-05 0.267475 9.9955E-05 9.9955E-05 9.9955E-05 0.720394 0.0116316
0.0284752 0.0451595 0.452319 0.12055 0.0267377 0.0262791 0.222128 0.0783513
0.609567 0.211277 0.0183108 9.9991E-05 0.111636 0.00545926 0.0119606 0.0316898
0.717027 0.0859069 0.0411613 9.9973E-05 9.9973E-05 9.9973E-05 0.122165 0.0334401
0.686591 0.109122 9.9964E-05 9.9964E-05 0.0794836 9.9964E-05 9.9964E-05 0.124403
0.734732 0.134914 9.9973E-05 0.0141964 0.0244307 9.9973E-05 9.9973E-05 0.0914278
0.663057 0.190231 0.0244413 9.9973E-05 0.0869778 9.9973E-05 9.9973E-05 0.0349936
0.0583145 0.107329 0.0470779 9.9973E-05 9.9973E-05 0.0301651 0.756813 9.9973E-05
0.0513251 0.117494 0.0885311 9.9973E-05 9.9973E-05 9.9973E-05 0.676719 0.0656312
9.9973E-05 9.9973E-05 0.0771628 0.0791878 0.0422228 0.0043822 0.796744 9.9973E-05
0.123933 0.00457561 0.3844 0.015937 0.015834 0.114943 0.340277 9.9991E-05
0.147827 9.9991E-05 0.505903 0.0437807 0.0640943 0.0306666 0.194227 0.0134006
0.0625461 9.9964E-05 0.262015 9.9964E-05 0.00439946 9.9964E-05 0.670639 9.9964E-05
9.9973E-05 9.9973E-05 0.622693 0.0271302 0.0587709 0.0107369 0.280369 9.9973E-05
0.105426 9.9955E-05 0.346741 9.9955E-05 9.9955E-05 9.9955E-05 0.547333 9.9955E-05
0.110037 0.0715642 0.536276 0.122296 9.9982E-05 0.0303815 0.129245 9.9982E-05
0.0117369 9.9964E-05 0.500076 9.9964E-05 0.0786272 9.9964E-05 0.40916 9.9964E-05
0.0572166 9.9964E-05 0.535419 9.9964E-05 9.9964E-05 0.0673231 0.339642 9.9964E-05
9.9982E-05 0.0944612 0.187924 0.0126513 0.00249459 0.0613262 0.640943 9.9982E-05
9.9973E-05 0.0106524 0.281537 9.9973E-05 0.00628657 9.9973E-05 0.663987 0.037237
9.9964E-05 0.134821 0.302836 9.9964E-05 9.9964E-05 9.9964E-05 0.541869 0.0200736
0.0798547 0.00601589 0.645287 9.9982E-05 0.235207 9.9982E-05 0.0167351 0.0167003
0.00324867 0.0166279 0.347315 9.9973E-05 9.9973E-05 9.9973E-05 0.593135 0.0393731
0.0450739 0.0219611 0.393947 0.00836815 9.9991E-05 0.0373571 0.444354 0.0488382
9.9982E-05 0.0395831 0.397347 0.0252236 0.0754243 0.453037 9.9982E-05 0.00918431
0.09254 9.9982E-05 0.455307 9.9982E-05 0.00851807 0.355626 0.00790593 0.079903
0.0927472 0.00494748 0.434013 9.9991E-05 0.00801522 0.412328 0.011001 0.0368484
0.106331 9.9973E-05 0.352345 9.9973E-05 0.0711556 0.426315 9.9973E-05 0.0435527
0.0921479 0.106812 0.367159 9.9982E-05 0.086627 0.304125 9.9982E-05 0.0429289
0.0315204 9.9982E-05 0.507629 9.9982E-05 0.191184 0.00764416 0.256936 0.00488593
0.258947 9.9964E-05 9.9964E-05 0.00804934 9.9964E-05 0.635132 9.9964E-05 0.0974714
0.179258 9.9982E-05 0.262936 0.0598188 9.9982E-05 0.427513 0.0212497 0.0490253
0.0809324 9.9982E-05 0.269377 9.9982E-05 0.177179 0.262933 0.201851 0.00752862
0.0581561 9.9964E-05 0.600347 9.9964E-05 0.290736 9.9964E-05 9.9964E-05 0.0503615
0.10968 0.108318 0.406453 9.9982E-05 0.308652 9.9982E-05 0.024619 0.0420781
0.0553617 0.0529228 0.570811 9.9973E-05 0.271208 0.0493972 9.9973E-05 9.9973E-05
0.0975411 0.0319133 0.607261 9.9982E-05 0.16078 0.0111963 0.0911077 9.9982E-05
0.207192 9.9964E-05 0.355011 9.9964E-05 9.9964E-05 0.411464 9.9964E-05 0.0259325
0.127511 0.0648516 0.325462 0.06864 9.9982E-05 0.379901 0.0334346 9.9982E-05
0.0695108 0.0284694 0.380937 0.0461218 9.9982E-05 0.473957 9.9982E-05 0.000804093
0.0812901 0.0462526 0.41432 9.9991E-05 0.0857634 0.242111 0.0600527 0.0701104
0.0794834 0.00941441 0.257618 0.0226096 0.0362295 0.584637 9.9991E-05 0.00990863
0.054024 0.0471606 0.346017 0.160591 9.9982E-05 0.315187 9.9982E-05 0.0768204
0.11315 9.9973E-05 0.208601 0.106146 0.0206006 0.551203 9.9973E-05 9.9973E-05
0.0413649 0.0409193 0.343209 9.9991E-05 0.0982204 0.372361 0.0520153 0.0518107
0.0272666 9.9973E-05 0.525625 9.9973E-05 0.341004 9.9973E-05 0.0840383 0.0217663
0.143727 9.9991E-05 0.339287 0.0288611 0.0504969 0.32536 0.0634014 0.0487658
0.146893 9.9973E-05 0.183855 9.9973E-05 0.0351237 0.594855 9.9973E-05 0.0389732
0.13466 0.0465409 0.425175 9.9982E-05 0.135702 0.219225 9.9982E-05 0.0384971
0.155437 0.0150703 0.322095 0.0531318 9.9991E-05 0.390956 0.0418163 0.021394
