9.9991E-05 0.0121743 0.0318387 0.955887
9.9982E-05 0.0171764 9.9982E-05 0.982624
0.101 9.9991E-05 0.0276823 0.871218
0.102261 9.9991E-05 0.0512187 0.846421
0.0264111 9.9991E-05 0.0758547 0.897634
0.0600337 0.188812 0.0910234 0.660131
9.9982E-05 0.14912 9.9982E-05 0.85068
9.999E-05 0.158974 0.0608279 0.780098
9.9982E-05 0.158452 9.9982E-05 0.841348
0.0645226 0.110314 0.0858425 0.739321
0.0656628 0.138272 9.9991E-05 0.795965
0.371776 0.521161 0.0505208 0.0565423
0.553603 0.23603 0.173251 0.0371159
0.31271 0.503019 0.142145 0.0421268
0.356156 0.368037 0.207389 0.0684183
0.373208 0.287649 0.149883 0.189261
0.61445 0.0866296 0.163285 0.135636
0.524171 0.330977 0.118875 0.0259767
0.350442 0.407226 0.0889308 0.153401
0.0627633 0.763846 0.054787 0.118604
0.490643 0.394633 0.114624 9.9991E-05
0.534161 0.293061 0.0568828 0.115895
0.651458 0.210287 0.0146358 0.12362
0.445858 0.425817 0.0561215 0.0722035
0.618152 0.15008 0.152343 0.0794257
0.699041 0.134033 0.105666 0.0612602
0.242242 0.56764 0.125661 0.0644573
0.213005 0.551905 0.178986 0.056104
0.22932 0.640144 0.0996121 0.0309247
0.0257745 9.9991E-05 0.104132 0.869994
0.0799023 9.9991E-05 0.0558134 0.864184
0.135782 9.9991E-05 0.04963 0.814489
0.162872 9.9991E-05 0.0417777 0.795251
0.700157 0.282491 9.9991E-05 0.0172525
0.771965 0.150972 0.0390929 0.03797
0.78512 0.15037 0.0335287 0.0309808
0.208804 0.646316 0.0225682 0.122312
0.565193 0.428514 9.9991E-05 0.00619284
0.657274 0.196353 0.0954809 0.0508922
0.834817 0.0538731 0.104325 0.0069855
0.684362 0.119509 0.0295738 0.166556
0.822695 0.098773 9.9991E-05 0.0784317
0.397759 0.574537 9.9991E-05 0.0276035
0.684632 0.117148 0.0758216 0.122398
0.628172 0.14235 0.13348 0.0959979
0.684492 0.0898641 0.128648 0.0969956
0.567583 0.432217 9.9982E-05 9.9982E-05
0.726093 0.0980719 0.151942 0.0238937
0.709571 0.0871098 0.0326072 0.170712
0.09144 0.800808 9.9991E-05 0.107652
0.30622 0.69358 9.9982E-05 9.9982E-05
0.115615 0.750186 0.107539 0.0266599
0.678359 0.160942 0.0583306 0.102369
0.639816 0.104008 0.126944 0.129232
0.69784 0.130678 0.128391 0.0430905
0.310523 0.527162 9.9991E-05 0.162216
0.647808 0.27026 0.0183262 0.0636054
0.600554 0.114904 0.172296 0.112245
0.479724 0.341841 0.0179827 0.160452
0.155315 0.543874 0.0628856 0.237925
0.661014 0.182642 0.0516829 0.104661
0.511976 0.313793 0.0538829 0.120348
0.136538 0.77696 9.9991E-05 0.0864021
0.579799 0.349641 0.0704597 9.9991E-05
0.796483 0.0995101 0.103907 9.9991E-05
0.583221 0.201569 0.127787 0.0874234
0.385197 0.461997 0.0720306 0.0807755
0.567214 0.315769 0.114554 0.00246181
0.651523 0.148139 0.106713 0.0936245
0.282198 0.638147 9.9991E-05 0.0795551
0.80621 0.19359 9.9982E-05 9.9982E-05
0.504332 0.495468 9.9982E-05 9.9982E-05
0.592759 0.199557 0.0968934 0.110791
0.560587 0.226069 0.0707126 0.142631
0.247992 0.751808 9.9982E-05 9.9982E-05
0.288058 0.711742 9.9982E-05 9.9982E-05
0.569309 0.430491 9.9982E-05 9.9982E-05
0.640082 0.305458 0.0356596 0.0188009
0.755706 0.0535135 0.0757424 0.115038
0.696247 0.259005 0.0405612 0.00418702
0.351762 0.540971 0.0424436 0.0648237
0.457392 0.483284 9.9991E-05 0.0592239
0.669678 0.138669 0.0616548 0.129998
0.547943 0.412161 9.9991E-05 0.0397965
0.642979 0.250687 9.9991E-05 0.106234
0.692174 0.307626 9.9982E-05 9.9982E-05
0.243613 0.753089 0.00319779 9.9991E-05
0.66961 0.227826 0.0718284 0.0307364
0.0940496 9.9991E-05 0.0747657 0.831085
0.0672338 9.9991E-05 0.0112478 0.921418
0.0574886 9.9991E-05 0.0704238 0.871988
0.0670722 9.9982E-05 9.9982E-05 0.932728
0.0846967 9.9991E-05 0.00125096 0.913952
0.0620116 9.9982E-05 9.9982E-05 0.937788
0.0318616 9.9991E-05 0.0105909 0.957447
0.605698 0.166706 0.131065 0.0965299
0.594012 0.189586 0.102603 0.113799
0.329234 0.638969 9.9991E-05 0.0316969
0.58358 0.219249 0.119512 0.0776589
0.676279 0.279793 9.9991E-05 0.0438279
0.816024 0.115708 9.9991E-05 0.0681677
0.775033 0.182344 0.0425231 9.9991E-05
0.649665 0.251794 0.094473 0.00406769
0.173268 0.768347 9.9991E-05 0.0582844
0.566694 0.189585 0.169031 0.0746912
0.811801 0.0782066 9.9991E-05 0.109892
0.649625 0.106222 0.116095 0.128058
0.535593 0.439481 0.024826 9.9991E-05
0.721897 0.245683 0.00136455 0.0310558
0.667513 0.307296 0.0225068 0.00268408
0.659065 0.294759 0.0460761 9.9991E-05
0.615745 0.298458 0.00594818 0.0798496
0.695174 0.110663 0.0529008 0.141262
0.302597 0.488312 0.0991574 0.109934
0.585632 0.184288 0.0803902 0.14969
0.490217 0.295546 9.9991E-05 0.214137
0.619716 0.209438 0.0856557 0.0851905
0.708807 0.113021 0.107529 0.0706432
0.610494 0.332367 9.9991E-05 0.0570392
0.663064 0.25947 0.0278879 0.0495783
0.607741 0.346113 0.0169584 0.029188
0.650162 0.172733 9.9991E-05 0.177005
0.658926 0.172566 0.059002 0.109506
0.672798 0.196544 0.0421344 0.0885235
0.64276 0.302649 0.00462319 0.0499681
0.624077 0.189746 0.186077 9.9991E-05
0.563071 0.142874 0.212658 0.0813972
0.679289 0.231443 0.040544 0.0487246
0.618223 0.193215 0.105178 0.083384
0.562308 0.247807 0.189785 9.9991E-05
0.48592 0.321753 0.0649675 0.12736
0.755547 0.134672 0.0593876 0.0503932
0.80764 0.114785 0.0715689 0.00600628
0.289434 0.583431 0.127035 9.9991E-05
0.230007 0.632834 0.0651632 0.0719959
0.672048 0.213382 9.9991E-05 0.11447
0.186982 0.72674 0.0861778 9.9991E-05
0.336401 0.513526 0.0501327 0.0999399
0.583576 0.377607 9.9991E-05 0.0387166
0.392986 0.513477 9.9991E-05 0.0934368
0.382229 0.515959 0.0237459 0.0780656
0.709253 0.1615 0.105743 0.023504
0.576061 0.145942 0.182662 0.0953345
0.661444 0.244124 0.00603435 0.0883977
0.17253 0.678376 0.118719 0.0303756
0.682648 0.0339038 0.0407106 0.242737
0.571974 0.243263 0.104767 0.0799957
0.167028 0.605203 9.9991E-05 0.227669
0.763789 0.0507169 0.0426463 0.142847
0.451383 0.337863 0.113003 0.0977513
0.640184 0.177748 0.0605593 0.121508
0.275754 0.483196 0.11475 0.126299
0.312705 0.517551 9.9991E-05 0.169644
0.541809 0.35084 0.0379997 0.069351
0.544288 0.230166 0.0951866 0.130359
0.402966 0.318866 0.0858543 0.192314
0.685938 0.0865769 0.0415999 0.185886
0.648586 0.153699 0.0530204 0.144694
0.103424 0.582988 0.256842 0.0567463
0.611243 0.140314 0.16374 0.0847029
0.571757 0.123499 0.149497 0.155248
0.531306 0.468494 9.9982E-05 9.9982E-05
0.614148 0.308937 0.032591 0.0443244
0.780754 0.0249384 9.9991E-05 0.194208
0.443993 0.153675 0.346153 0.0561801
0.106643 0.191274 0.364262 0.337821
9.9991E-05 0.189364 0.198015 0.612522
9.9991E-05 0.254789 0.212025 0.533087
0.112073 0.11137 0.321901 0.454656
0.80801 0.130624 0.0393514 0.0220142
0.654008 0.102087 0.120278 0.123628
0.273764 0.0155073 0.710629 9.9991E-05
0.360442 0.0910825 0.500981 0.0474947
0.418131 0.0165276 0.465972 0.0993698
0.421361 0.457423 0.102284 0.0189326
0.557365 0.183838 0.136324 0.122473
0.377785 0.519699 0.0647802 0.0377355
0.793253 0.158789 0.0113581 0.0365999
0.54309 0.320604 0.0627366 0.0735691
0.642168 0.212585 0.0750342 0.0702124
0.36266 0.594556 0.0298747 0.0129098
0.685083 0.103242 0.125475 0.0862
0.677656 0.157607 0.109488 0.0552489
0.59268 0.146614 0.153572 0.107135
0.00900096 9.9982E-05 0.990799 9.9982E-05
0.0557741 9.9982E-05 0.944026 9.9982E-05
0.210817 0.127481 0.661602 9.9991E-05
0.287772 9.9982E-05 0.712028 9.9982E-05
0.133786 9.9982E-05 0.866014 9.9982E-05
9.998E-05 9.998E-05 0.9997 9.998E-05
9.998E-05 9.998E-05 0.9997 9.998E-05
0.11822 9.9982E-05 0.88158 9.9982E-05
9.9982E-05 0.00611108 0.993689 9.9982E-05
9.998E-05 9.998E-05 0.9997 9.998E-05
9.998E-05 9.998E-05 0.9997 9.998E-05
0.159819 9.9991E-05 0.802772 0.0373091
0.0318996 0.00733904 0.91379 0.0469718
9.9982E-05 9.9982E-05 0.994417 0.00538298
0.323465 0.129077 0.514952 0.0325061
0.19979 9.9991E-05 0.751919 0.0481911
0.148445 9.9991E-05 0.802663 0.0487914
0.074196 0.00385112 0.916975 0.00497785
9.998E-05 9.998E-05 0.9997 9.998E-05
0.0682937 9.9991E-05 0.889813 0.0417933
9.998E-05 9.998E-05 0.9997 9.998E-05
0.281042 9.9991E-05 0.60911 0.109748
0.0271319 0.0285046 0.944263 9.9991E-05
9.9991E-05 0.467221 0.143023 0.389657
0.473946 0.272256 0.10102 0.152778
0.496204 0.116093 0.11986 0.267843
0.200397 0.366178 0.204673 0.228752
0.4935 0.15081 0.175569 0.180121
0.235858 0.28557 0.161746 0.316826
0.485543 0.226549 0.129736 0.158172
0.346113 0.20118 0.285562 0.167146
0.566597 0.0842299 0.173685 0.175489
0.463734 0.0215555 0.282896 0.231814
0.497186 0.0752636 0.221358 0.206192
0.506383 0.0810381 0.174035 0.238543
0.00379066 0.110201 0.0116251 0.874383
9.9991E-05 0.00272982 0.0475077 0.949663
9.998E-05 9.998E-05 9.998E-05 0.9997
0.00321432 0.00564834 0.0132801 0.977857
0.00203393 0.0130925 0.0376428 0.947231
9.9991E-05 0.010972 0.053184 0.935744
0.0449067 9.9991E-05 0.0454548 0.909538
0.0052711 0.0535285 0.00758506 0.933615
0.0525084 9.9982E-05 9.9982E-05 0.947292
0.0108589 0.0150749 0.0777373 0.896329
9.9991E-05 0.365947 0.00719625 0.626757
0.0430614 0.300482 9.9991E-05 0.656357
9.9982E-05 0.385798 9.9982E-05 0.614002
0.0249593 0.401334 9.9991E-05 0.573607
0.635229 0.240726 9.9991E-05 0.123945
0.646239 0.208828 0.0787959 0.0661372
0.717142 0.215642 0.00599062 0.0612262
0.628851 0.156122 0.157186 0.0578407
0.57036 0.358112 9.9991E-05 0.0714277
0.275286 0.651816 0.0298846 0.043014
0.854503 0.0320977 0.00757173 0.105828
0.658959 0.247692 0.0932488 9.9991E-05
0.718819 0.265862 0.0152188 9.9991E-05
0.679377 0.320423 9.9982E-05 9.9982E-05
0.688895 0.17814 0.0534174 0.079548
0.651324 0.306566 9.9991E-05 0.0420099
0.156097 0.843703 9.9982E-05 9.9982E-05
0.588105 0.274905 0.120082 0.0169081
0.502131 0.494584 9.9991E-05 0.00318505
0.781069 0.190963 0.0278683 9.9991E-05
0.342219 0.619581 9.9991E-05 0.0380994
0.0458429 0.725719 9.9991E-05 0.228338
0.088264 0.678193 9.9991E-05 0.233443
0.0189955 0.803418 9.9991E-05 0.177486
9.9982E-05 0.753544 9.9982E-05 0.246256
0.0713233 0.80287 9.9991E-05 0.125706
0.0762972 0.687941 0.0602562 0.175506
0.0238075 9.9991E-05 0.0804876 0.895605
0.0370654 9.9991E-05 0.0961109 0.866724
0.0549205 9.9991E-05 0.116117 0.828862
0.0646791 0.0253963 0.0866402 0.823284
0.0409824 0.00398515 0.0970305 0.858002
9.9982E-05 0.514618 9.9982E-05 0.485182
9.9982E-05 0.461406 9.9982E-05 0.538394
9.9982E-05 0.497228 9.9982E-05 0.502572
0.0618274 9.9991E-05 0.0919968 0.846076
9.9982E-05 0.552781 9.9982E-05 0.447019
0.301331 0.0652408 0.403084 0.230344
0.612897 9.9991E-05 0.235254 0.151749
0.482564 9.9991E-05 0.352135 0.165202
0.453352 0.0345336 0.187218 0.324896
0.502276 0.138046 0.185957 0.173721
9.9991E-05 0.145451 0.379275 0.475174
0.603968 0.37005 9.9991E-05 0.0258816
0.54868 0.406012 9.9991E-05 0.0452086
0.313917 0.527857 0.0030528 0.155172
0.592955 0.330908 0.0489838 0.0271538
9.998E-05 0.9997 9.998E-05 9.998E-05
0.609767 0.221143 0.126812 0.0422782
0.591574 0.352306 0.00224601 0.053874
0.467222 0.404831 9.9991E-05 0.127847
0.648986 0.210998 0.0384441 0.101572
0.225626 0.708671 0.0431187 0.0225842
0.504608 0.34912 0.146172 9.9991E-05
0.613551 0.319106 0.0237287 0.0436141
0.483798 0.150171 0.205272 0.160759
0.473041 0.481205 0.0456548 9.9991E-05
0.544659 0.357924 0.0345327 0.0628846
0.506744 0.329528 0.163628 9.9991E-05
0.663461 0.296683 0.03001 0.00984623
0.702014 0.140552 0.129555 0.0278788
0.703697 0.115923 0.0319428 0.148437
0.616846 0.189322 0.116102 0.0777299
0.105639 9.9991E-05 0.0976833 0.796577
0.0637719 9.9991E-05 0.0441788 0.891949
0.107324 0.0493824 9.9991E-05 0.843194
0.0564554 0.0482083 0.0375225 0.857814
0.107058 9.9991E-05 0.0124987 0.880343
0.261959 0.60125 0.0677381 0.0690522
0.550108 0.248234 0.153068 0.04859
0.470114 0.0907762 0.221278 0.217831
0.796097 0.048766 0.0992882 0.055849
0.687793 0.221572 9.9991E-05 0.0905357
0.401187 0.448679 0.0832626 0.0668715
0.0734752 0.73759 9.9991E-05 0.188835
0.689061 0.229325 0.00253541 0.0790786
0.252282 0.559988 0.0226892 0.16504
0.531707 0.383243 9.9991E-05 0.08495
0.186402 0.620865 0.0117516 0.180982
0.631391 0.108083 0.105557 0.15497
0.320341 0.512677 0.00533508 0.161648
0.571152 0.133296 0.175482 0.12007
0.463709 0.371814 0.0751138 0.0893628
0.536754 0.224404 0.0814338 0.157409
0.348919 0.492466 0.0668102 0.0918045
0.683943 0.163551 0.0143746 0.138132
0.68154 0.0802948 0.0297867 0.208379
0.492344 0.430663 0.010619 0.0663742
0.693217 0.0710714 0.064294 0.171418
0.597604 0.205972 0.09988 0.0965446
0.744558 0.167455 9.9991E-05 0.0878864
0.261122 0.738678 9.9982E-05 9.9982E-05
0.459095 0.491332 9.9991E-05 0.0494731
0.654813 0.276882 9.9991E-05 0.0682051
0.339456 0.610713 9.9991E-05 0.0497305
0.641772 0.310065 0.0158492 0.0323139
0.232394 0.67222 0.00945732 0.085929
0.318692 0.61581 0.0653971 9.9991E-05
0.505311 0.369214 0.0705337 0.0549413
0.718141 0.142942 0.125014 0.0139027
0.355778 0.583746 0.0603762 9.9991E-05
0.467924 0.275884 0.229316 0.0268755
0.695222 0.172866 0.0918106 0.0401013
0.596309 0.27066 0.0150733 0.117958
0.561779 0.318161 0.11996 9.9991E-05
0.560302 0.285927 0.069076 0.0846948
0.324959 0.567252 0.107689 9.9991E-05
0.3742 0.454749 0.170951 9.9991E-05
0.665345 0.227298 0.100062 0.00729556
0.688168 0.107761 0.102485 0.101586
0.412824 0.397788 0.111359 0.0780293
0.588223 0.274581 0.137097 9.9991E-05
0.405717 0.374165 0.0412275 0.17889
0.689813 0.183193 0.0484278 0.0785656
0.63568 0.225156 0.0643832 0.0747801
0.628372 0.141475 0.0792871 0.150866
0.417492 0.0243639 0.129559 0.428585
0.506074 0.0533739 0.315725 0.124827
0.655555 0.0498897 0.149249 0.145307
0.771144 0.0951462 0.0923078 0.0414023
0.517422 9.9991E-05 0.242326 0.240151
0.578216 0.386605 0.0350786 9.9991E-05
0.545263 0.0989073 0.246846 0.108983
0.0698879 0.445312 0.193826 0.290974
0.576212 0.127831 0.162023 0.133934
0.57292 0.0864738 0.214017 0.12659
0.501462 0.101691 0.355532 0.0413156
0.329909 0.241395 0.193901 0.234794
0.498341 0.0265712 0.231266 0.243822
0.587213 0.00835464 0.245441 0.158991
9.9991E-05 0.215611 0.250257 0.534033
0.570094 9.9991E-05 0.240607 0.1892
0.546889 0.021006 0.268497 0.163609
0.659035 0.0740777 0.110684 0.156203
0.510722 9.9991E-05 0.283343 0.205835
0.56469 0.0892074 0.169297 0.176806
0.573991 0.264251 0.117425 0.0443336
0.676367 0.155671 0.0184732 0.149488
0.128833 0.821671 0.0493965 9.9991E-05
0.597938 0.233967 0.127817 0.040278
0.451979 0.230639 0.168477 0.148906
0.114986 0.834046 0.050868 9.9991E-05
0.418164 0.355744 0.214676 0.0114167
0.452558 0.0991654 0.378489 0.0697883
0.37472 0.089234 0.394051 0.141995
0.144434 0.249203 0.408347 0.198016
0.418171 0.0988953 0.297853 0.185081
0.610244 0.0883245 0.12955 0.171881
0.163632 0.544945 0.199803 0.0916205
0.180818 0.486682 0.267938 0.0645616
0.535413 0.197443 0.220173 0.0469704
0.570439 0.231395 0.14646 0.0517068
0.217628 0.533336 0.228184 0.0208514
0.574649 0.1544 0.17868 0.092271
0.698065 0.150276 0.100875 0.0507845
0.517257 0.163148 0.15797 0.161625
0.446161 0.553639 9.9982E-05 9.9982E-05
0.517977 0.400405 0.0815178 9.9991E-05
0.674081 0.202797 0.0841369 0.0389849
0.421715 0.390177 0.126263 0.0618446
0.459887 0.263083 0.189547 0.0874828
0.434386 0.238345 0.28502 0.0422482
0.624397 0.308776 0.0555009 0.0113261
0.354978 0.575087 0.0698342 9.9991E-05
0.717624 0.14079 0.0759055 0.0656799
0.493848 0.25627 0.155737 0.0941458
0.418114 0.53966 0.0421266 9.9991E-05
0.578653 0.348596 0.00682947 0.0659212
0.645672 0.212371 0.105408 0.0365485
0.563076 0.2994 0.137424 9.9991E-05
0.567191 9.9991E-05 0.246089 0.186621
0.494766 0.148864 0.232085 0.124285
0.384974 0.177559 0.272507 0.16496
0.577255 0.0130109 0.223346 0.186387
0.36487 0.211002 0.23347 0.190657
0.567275 0.0578578 0.189575 0.185293
0.549807 0.09181 0.175716 0.182667
9.9991E-05 0.565885 0.256084 0.177931
0.63148 0.00860764 0.322934 0.0369791
9.9991E-05 0.367601 0.234015 0.398284
0.576303 0.0604331 0.278343 0.0849212
0.33073 0.66907 9.9982E-05 9.9982E-05
0.112037 0.86056 0.0273026 9.9991E-05
0.614486 0.3368 0.0486133 9.9991E-05
0.766562 0.197002 0.0363359 9.9991E-05
0.605242 0.394558 9.9982E-05 9.9982E-05
0.696359 0.303441 9.9982E-05 9.9982E-05
0.64306 0.251016 0.105825 9.9991E-05
0.0822097 0.0181364 0.0581294 0.841524
0.0243135 0.0800766 0.0906414 0.804968
9.9982E-05 9.9982E-05 0.0813687 0.918431
0.0342095 9.9982E-05 9.9982E-05 0.965591
0.610519 0.28582 0.0431438 0.0605173
0.730285 0.154481 0.0426473 0.0725865
0.710254 0.267355 9.9991E-05 0.0222911
0.794682 0.0669427 0.0107567 0.127619
0.689289 0.189602 0.0334285 0.0876803
0.500916 0.484937 9.9991E-05 0.014047
0.822883 0.169922 0.00709503 9.9991E-05
0.62189 0.37791 9.9982E-05 9.9982E-05
0.500135 9.9991E-05 0.228659 0.271106
0.549143 0.348254 0.102503 9.9991E-05
0.596912 0.402888 9.9982E-05 9.9982E-05
0.552157 0.176628 0.158965 0.11225
0.759759 0.22174 9.9991E-05 0.0184009
0.641131 0.31748 9.9991E-05 0.0412895
0.767343 0.212761 0.0197959 9.9991E-05
0.784617 0.0962643 9.9991E-05 0.119019
0.394125 0.605675 9.9982E-05 9.9982E-05
0.574709 0.37041 9.9991E-05 0.0547803
0.6022 0.396377 0.00132381 9.9991E-05
0.244888 0.754912 9.9982E-05 9.9982E-05
0.462043 0.0451056 0.197218 0.295633
0.54187 0.407736 0.0315687 0.0188256
0.361962 0.618931 0.0190065 9.9991E-05
0.184923 0.788098 0.0268794 9.9991E-05
0.675789 0.15387 0.0967564 0.0735848
0.433416 0.504041 9.9991E-05 0.0624431
0.590891 0.297137 0.0781212 0.0338509
0.632785 0.0722054 0.205203 0.0898071
0.748912 0.216381 0.0165123 0.0181954
0.345313 0.486333 0.168254 9.9991E-05
0.781156 0.178009 9.9991E-05 0.0407347
0.641572 0.28571 0.00631656 0.0664009
0.604519 0.395281 9.9982E-05 9.9982E-05
0.603251 0.199228 0.0769677 0.120554
9.9991E-05 0.286243 0.00273735 0.71092
0.0696258 0.133204 9.9991E-05 0.79707
9.9982E-05 0.151439 9.9982E-05 0.848361
9.9982E-05 0.135403 9.9982E-05 0.864397
0.0652798 0.138539 9.9991E-05 0.796082
0.40682 0.521123 9.9991E-05 0.0719572
0.35801 0.595958 9.9991E-05 0.0459325
0.445191 0.554609 9.9982E-05 9.9982E-05
0.602411 0.1165 0.174898 0.106191
0.697077 0.121999 0.119576 0.0613477
0.596222 0.403578 9.9982E-05 9.9982E-05
0.692503 0.184067 0.090455 0.0329757
0.60038 0.266653 0.0537073 0.0792596
0.368516 0.309966 0.203642 0.117877
0.740297 0.204181 0.0242819 0.0312399
0.78255 0.117122 0.0247197 0.0756079
0.439828 0.512447 0.0412927 0.00643183
0.606846 0.392954 9.9982E-05 9.9982E-05
0.595536 0.404264 9.9982E-05 9.9982E-05
0.749294 0.0496497 0.0462569 0.154799
0.670716 0.329084 9.9982E-05 9.9982E-05
0.717131 0.217762 9.9991E-05 0.0650069
0.416556 0.00962703 0.484692 0.0891251
0.393388 9.9991E-05 0.514351 0.0921608
0.408932 9.9991E-05 0.491853 0.0991157
0.29495 9.9991E-05 0.585533 0.119417
0.498971 0.0378474 0.295402 0.16778
0.629316 0.242969 0.092746 0.0349692
9.9982E-05 9.9982E-05 0.70866 0.29114
0.383891 9.9991E-05 0.435787 0.180222
0.504953 0.079788 0.18452 0.230739
0.68117 0.0926309 0.0069897 0.21921
0.438908 0.284752 0.109985 0.166355
0.692111 0.0940033 0.0903187 0.123567
0.726803 0.120503 0.014369 0.138324
0.274267 9.9991E-05 0.575016 0.150617
0.420416 0.00160676 0.381738 0.196239
0.357357 9.9991E-05 0.588835 0.053708
0.628414 0.00141644 0.259688 0.110482
0.327629 9.9991E-05 0.539854 0.132417
0.546252 9.9991E-05 0.360982 0.0926658
0.252755 0.0486384 0.56997 0.128637
0.295617 0.0471234 0.542281 0.114979
0.684277 0.130576 0.0704463 0.114701
0.412509 0.0130125 0.420041 0.154438
0.0756303 9.9991E-05 0.745986 0.178284
0.42432 0.0717395 0.354873 0.149067
0.472247 0.00166151 0.36022 0.165871
0.291422 0.496009 9.9991E-05 0.212469
0.605233 0.197826 0.165723 0.0312176
0.398977 0.0578734 0.372608 0.170541
0.665645 0.074668 0.0959576 0.163729
0.609967 0.121007 0.0302522 0.238773
0.451058 0.0451831 0.237845 0.265914
0.332666 0.0602609 0.379112 0.227962
0.669761 0.0625495 0.103366 0.164323
0.525545 0.075657 0.322678 0.0761202
0.450981 9.9991E-05 0.404277 0.144641
0.429135 9.9991E-05 0.472481 0.0982845
0.148867 9.9991E-05 0.644617 0.206416
0.715277 0.0919269 0.0306414 0.162155
0.621847 0.157289 9.9991E-05 0.220764
0.267689 0.425028 0.0562864 0.250997
0.547057 0.117213 0.135401 0.20033
0.490577 0.255173 0.0585878 0.195662
0.540895 0.123735 0.138528 0.196842
0.443417 0.207858 0.18694 0.161785
9.9991E-05 0.349112 0.280185 0.370603
9.9991E-05 0.409872 0.197878 0.39215
0.35079 0.305872 0.12456 0.218779
0.0307787 0.314454 0.252001 0.402766
9.9991E-05 0.23908 0.274114 0.486706
0.551403 0.17981 0.103382 0.165405
0.378284 0.183736 0.238492 0.199488
0.209961 0.238817 0.253623 0.297599
0.0800548 0.326059 0.257809 0.336077
0.535146 0.125221 0.152471 0.187161
0.175399 0.307636 0.207504 0.309462
9.9991E-05 0.326174 0.14399 0.529736
0.554383 0.0910136 0.15608 0.198524
0.451504 0.0872979 0.253035 0.208164
0.49665 9.9991E-05 0.155646 0.347604
0.464181 9.9991E-05 0.348755 0.186964
0.520867 0.158405 0.184945 0.135783
0.624091 9.9991E-05 0.159972 0.215838
0.491368 0.0232772 0.311429 0.173926
0.404699 9.9991E-05 0.198071 0.39713
0.59942 9.9991E-05 0.143237 0.257242
0.476459 9.9991E-05 0.294521 0.22892
0.32072 0.0703992 0.32471 0.284172
0.39142 0.280381 0.139051 0.189148
0.582103 0.0653791 0.135517 0.217
0.598319 0.0476376 0.161246 0.192798
0.667301 9.9991E-05 0.129815 0.202784
0.329106 9.9991E-05 0.342207 0.328587
0.564921 0.0225602 0.21938 0.193139
0.273315 0.0688706 0.226813 0.431001
0.497695 0.00647659 0.272786 0.223043
0.268299 0.098567 0.346064 0.287071
0.00500203 0.134547 0.0130643 0.847387
0.183423 0.609489 9.9991E-05 0.206988
9.9982E-05 0.797208 9.9982E-05 0.202592
0.0230495 0.796813 9.9991E-05 0.180037
0.0396174 0.875958 0.0079762 0.0764482
0.126131 0.684223 0.032697 0.156949
0.114419 0.753306 9.9991E-05 0.132175
9.9982E-05 0.801836 9.9982E-05 0.197964
0.0623117 0.556106 9.9991E-05 0.381482
9.9991E-05 0.00485865 0.0302784 0.964763
0.0826438 0.0585702 9.9991E-05 0.858686
9.9991E-05 0.0350304 0.0653621 0.899507
0.0447624 0.100837 9.9991E-05 0.854301
0.0365957 0.00653384 0.0405825 0.916288
0.0384381 0.0419335 9.9991E-05 0.919528
0.0876317 9.9991E-05 0.111669 0.8006
0.0370213 9.9991E-05 0.0991453 0.863733
9.9991E-05 0.127684 0.096614 0.775602
0.0164728 9.9991E-05 0.04457 0.938857
9.9982E-05 0.0208563 9.9982E-05 0.978944
0.00388392 0.0508088 0.0952991 0.850008
9.9982E-05 9.9982E-05 0.00269843 0.997102
0.00878816 9.9991E-05 0.0712351 0.919877
0.108078 0.00716694 0.0427866 0.841969
0.0707613 9.9991E-05 0.0479014 0.881237
0.0980445 9.9991E-05 0.118323 0.783532
0.111715 9.9991E-05 0.108757 0.779428
0.083078 9.9991E-05 0.0844506 0.832371
0.509495 0.277308 0.0566548 0.156543
0.833911 9.9982E-05 9.9982E-05 0.165889
0.736206 0.0737169 9.9991E-05 0.189977
0.338132 0.504803 9.9991E-05 0.156965
0.641423 0.17703 9.9991E-05 0.181446
0.208582 0.489692 0.0610465 0.24068
0.688067 0.050395 0.141313 0.120225
0.5898 0.252448 9.9991E-05 0.157652
0.723567 0.144643 0.0215832 0.110207
0.711179 0.210098 0.0325591 0.0461632
0.574413 0.260416 9.9991E-05 0.165071
0.718311 0.124175 0.0490091 0.108506
0.722453 0.0943507 0.0540821 0.129115
0.0972875 0.755442 0.141933 0.00533767
0.0838791 0.799294 9.9991E-05 0.116727
0.229458 0.580926 0.0509039 0.138712
0.661318 0.118068 0.14489 0.0757243
0.653836 0.150513 9.9991E-05 0.195551
0.658713 0.159442 9.9991E-05 0.181745
0.695438 0.152395 0.111618 0.0405484
0.632353 9.9991E-05 0.171953 0.195594
0.514075 9.9991E-05 0.219608 0.266217
0.144762 0.197868 0.216727 0.440643
0.628608 0.0584291 0.08692 0.226043
0.534713 0.0583445 0.155444 0.251498
9.9991E-05 0.327547 0.236089 0.436264
0.452855 9.9991E-05 0.211269 0.335776
0.323949 0.0753479 0.195607 0.405096
0.451666 0.0689306 0.118273 0.361131
0.463358 0.137108 0.285148 0.114386
0.554064 9.9991E-05 0.219849 0.225987
0.619303 9.9991E-05 0.120506 0.260091
0.384888 0.13533 0.281097 0.198684
0.315151 0.00116788 0.155646 0.528036
