9.9964E-05 0.0198117 0.00810967 0.079659 0.829688 9.9964E-05 9.9964E-05 9.9964E-05 0.062332
9.9946E-05 9.9946E-05 9.9946E-05 9.9946E-05 0.879263 9.9946E-05 9.9946E-05 0.0696196 0.0505181
9.9973E-05 9.9973E-05 0.0323624 0.0280711 0.746155 0.0122354 0.127101 9.9973E-05 0.0537747
9.9964E-05 0.0530254 9.9964E-05 0.0605376 0.720549 9.9964E-05 0.0884118 9.9964E-05 0.0770768
0.0525108 0.0502008 9.9955E-05 9.9955E-05 0.856158 9.9955E-05 0.0406304 9.9955E-05 9.9955E-05
0.299551 0.0833362 9.9964E-05 0.0559596 0.536072 9.9964E-05 9.9964E-05 9.9964E-05 0.0246813
0.154986 9.99461E-05 9.99461E-05 9.99461E-05 0.809079 9.99461E-05 9.99461E-05 9.99461E-05 0.0353352
0.234855 0.00611439 9.9964E-05 0.0583843 0.63186 9.9964E-05 9.9964E-05 9.9964E-05 0.0683869
9.99639E-05 9.99639E-05 0.087005 0.10551 0.776215 0.0254794 9.99639E-05 9.99639E-05 0.00539124
0.222819 0.0658067 9.9955E-05 9.9955E-05 0.649684 9.9955E-05 9.9955E-05 9.9955E-05 0.0611904
0.226793 9.9946E-05 9.9946E-05 0.0577503 0.714857 9.9946E-05 9.9946E-05 9.9946E-05 9.9946E-05
0.0771456 0.0260605 0.0538047 0.454919 0.0110549 0.0999707 0.276845 9.9982E-05 9.9982E-05
9.9964E-05 0.0416047 0.0705769 0.300245 9.9964E-05 9.9964E-05 0.541768 9.9964E-05 0.0454056
9.9982E-05 0.061367 0.104974 0.447678 9.9982E-05 0.0552918 0.242557 0.0667553 0.0211771
9.9982E-05 0.150474 0.0912665 0.321423 0.0297363 0.0450144 0.317065 0.0448212 9.9982E-05
0.123317 0.206971 9.9982E-05 0.174069 0.103643 0.0944478 0.268802 0.0285497 9.9982E-05
9.9982E-05 0.0912919 9.9982E-05 0.152215 0.0868319 0.0434506 0.541433 0.0576908 0.0268872
0.0516407 0.0920915 0.0160616 0.200767 9.9991E-05 0.153318 0.401068 0.0591318 0.0258204
9.9973E-05 0.0550547 0.0400048 0.315306 0.152456 0.0775708 0.359308 9.9973E-05 9.9973E-05
0.123537 0.0820038 0.0440842 0.553038 0.00845488 0.078449 9.9982E-05 0.110234 9.9982E-05
0.0451076 0.0804061 0.0270156 0.229453 9.9991E-05 0.136793 0.352083 0.082093 0.0469483
0.0917303 9.9991E-05 0.103692 0.136366 0.014513 0.173811 0.412108 0.0441142 0.0235655
0.0571369 0.000347136 9.9991E-05 0.147808 0.0390057 0.15917 0.558488 0.0363364 0.00160742
0.0610276 0.139859 0.0105449 0.320531 9.9991E-05 0.203713 0.200878 0.0402602 0.0230857
0.0568492 0.0269095 0.093027 0.0426658 0.0738898 0.00364612 0.697368 0.0055447 9.9991E-05
9.9973E-05 0.0941383 0.109133 0.240567 9.9973E-05 0.0394715 0.508567 9.9973E-05 0.00782356
0.00686969 0.13234 9.9982E-05 0.431727 9.9982E-05 0.179091 0.1214 0.109452 0.0189198
9.9964E-05 0.117539 0.111747 0.415704 9.9964E-05 0.0771228 0.277487 9.9964E-05 9.9964E-05
0.0935708 9.9973E-05 9.9973E-05 0.341572 0.0109645 0.152077 0.280467 0.121049 9.9973E-05
9.993E-05 9.993E-05 9.993E-05 9.993E-05 9.993E-05 9.993E-05 9.993E-05 9.993E-05 0.999201
9.993E-05 9.993E-05 9.993E-05 9.993E-05 9.993E-05 9.993E-05 9.993E-05 9.993E-05 0.999201
9.9973E-05 0.0563226 0.0133632 9.9973E-05 0.487633 0.0156478 0.070535 9.9973E-05 0.356198
9.9973E-05 0.063878 0.0654419 9.9973E-05 0.472112 0.0803993 0.0575858 9.9973E-05 0.260283
0.10811 0.0474726 9.9982E-05 0.0690086 0.0477708 0.248079 0.467257 9.9982E-05 0.0121023
9.9982E-05 0.0695544 9.9982E-05 0.0172799 0.154656 0.230451 0.499581 0.0243553 0.00392212
0.028236 9.9964E-05 9.9964E-05 9.9964E-05 0.0353418 0.456755 0.473308 9.9964E-05 0.00596011
0.014084 9.9982E-05 0.0853111 0.561621 0.048639 0.0901662 0.152057 9.9982E-05 0.0479222
9.9982E-05 0.00758432 0.0178624 0.00361152 9.9982E-05 0.476399 0.318368 0.133669 0.0423058
9.9982E-05 0.0539052 9.9982E-05 0.11206 0.0978808 0.195172 0.464992 0.0631756 0.0126142
0.144069 0.0237523 0.00576989 9.9973E-05 9.9973E-05 0.191394 0.60659 9.9973E-05 0.0281242
0.360561 9.9964E-05 9.9964E-05 9.9964E-05 0.0725782 0.0585097 0.486678 9.9964E-05 0.0212741
0.206459 0.00404644 9.9982E-05 0.0890573 0.0481207 0.0393494 0.536991 9.9982E-05 0.0757764
9.9973E-05 9.9973E-05 0.0485335 0.0845783 0.0317965 0.660801 0.143965 9.9973E-05 0.0300258
0.282908 0.0666861 0.0439331 9.9973E-05 0.0649172 0.03892 0.502336 9.9973E-05 9.9973E-05
0.0451823 0.0194522 9.9982E-05 9.9982E-05 0.100914 0.258643 0.484621 0.070416 0.0205726
0.149793 0.102885 0.0277813 0.104333 9.9982E-05 0.115907 0.45694 9.9982E-05 0.0421612
9.9955E-05 9.9955E-05 0.0264316 9.9955E-05 9.9955E-05 0.664968 0.296981 9.9955E-05 0.0111197
9.9982E-05 0.0758775 9.9982E-05 0.0509916 0.0352308 0.232501 0.515697 0.0499641 0.0395381
0.0758089 0.0928604 0.0608075 0.0996283 0.0143368 0.0733682 0.509923 0.059715 0.013552
0.00416399 9.9973E-05 0.245402 0.0123341 0.0275123 0.635942 9.9973E-05 0.0743457 9.9973E-05
9.9964E-05 9.9964E-05 0.0790938 0.403842 9.9964E-05 0.226282 0.248381 0.042001 9.9964E-05
0.12313 9.9973E-05 0.204193 0.171916 9.9973E-05 0.251958 0.0393569 0.209146 9.9973E-05
0.0274252 9.9973E-05 0.100449 0.196748 9.9973E-05 9.9973E-05 0.640407 0.0139265 0.0207445
0.0871572 9.9982E-05 0.031435 0.0121041 0.129033 9.9982E-05 0.608777 0.0994976 0.0317963
0.0509612 9.9991E-05 0.0431378 0.0401001 0.103797 0.123176 0.580234 0.0568942 0.0016001
9.9982E-05 9.9982E-05 0.0683737 0.369928 0.0903294 0.177501 0.16912 0.0799164 0.0446308
0.037165 9.9982E-05 0.0645457 0.167225 9.9982E-05 0.119766 0.539066 0.0190783 0.0529542
0.0390724 0.0152552 0.0688233 0.121139 0.104865 0.0826082 0.568004 9.9991E-05 0.000131908
0.15107 9.9982E-05 9.9982E-05 0.143875 0.123394 0.18813 0.294989 0.0128062 0.0855361
0.0168564 0.0426078 0.157224 0.330732 0.128274 0.1816 0.027669 0.0885102 0.0265278
0.0555726 9.9982E-05 0.118579 0.0808221 9.9982E-05 0.0810857 0.514473 0.0720877 0.0771799
9.9964E-05 9.9964E-05 0.14916 0.27453 9.9964E-05 0.0383817 0.463266 0.0742625 9.9964E-05
0.128815 9.9973E-05 0.0767644 0.442473 9.9973E-05 0.208254 9.9973E-05 0.0481651 0.0952292
9.9964E-05 9.9964E-05 0.0599683 0.230963 9.9964E-05 0.0715015 0.517113 0.120055 9.9964E-05
0.11945 0.0360443 0.102536 0.0288464 9.9991E-05 0.00883659 0.579159 0.116636 0.00839251
0.116888 9.9982E-05 0.0274948 0.136756 9.9982E-05 0.0267163 0.580215 0.00615932 0.105571
9.9964E-05 9.9964E-05 0.200965 0.282895 9.9964E-05 0.154866 0.323017 9.9964E-05 0.0378571
9.9973E-05 9.9973E-05 0.182956 0.0928505 9.9973E-05 0.156401 0.498953 0.0390861 0.0294539
0.117953 0.0527901 0.0137449 0.172508 0.0162805 0.052415 0.508444 0.012306 0.0535582
9.9973E-05 9.9973E-05 0.018982 0.367438 9.9973E-05 0.111449 0.260987 0.131127 0.109717
9.9964E-05 9.9964E-05 9.9964E-05 0.00307634 0.00928239 0.427473 0.536725 9.9964E-05 0.0230433
9.9955E-05 9.9955E-05 9.9955E-05 0.102039 9.9955E-05 0.692626 0.176478 9.9955E-05 0.0283574
9.9982E-05 0.00683094 9.9982E-05 0.0560038 0.132175 0.221401 0.508574 0.0551517 0.0196638
0.0574029 0.0879773 9.9991E-05 0.0757507 0.118131 0.132549 0.40062 0.0525621 0.0749065
0.0339467 9.9973E-05 0.0784129 0.0277027 0.0217693 0.834886 9.9973E-05 9.9973E-05 0.00298202
9.9973E-05 0.00986618 0.0197423 0.011771 0.00885178 0.823084 9.9973E-05 0.126385 9.9973E-05
9.9955E-05 9.9955E-05 9.9955E-05 0.0185266 9.9955E-05 0.670369 0.303018 0.00758611 9.9955E-05
0.00576094 9.9964E-05 9.9964E-05 0.046308 9.9964E-05 0.509517 0.399265 9.9964E-05 0.0387494
9.9964E-05 9.9964E-05 9.9964E-05 0.0250732 0.0959051 0.199476 0.666946 9.9964E-05 0.0122
9.9973E-05 0.0206062 0.000355912 0.0337936 9.9973E-05 0.490636 0.42784 9.9973E-05 0.0264682
9.9973E-05 0.0627739 9.9973E-05 0.168946 0.0319481 0.619446 0.111767 9.9973E-05 0.00481898
9.9973E-05 9.9973E-05 9.9973E-05 0.217988 0.00489382 0.466921 0.235342 0.0514195 0.0231357
9.9973E-05 0.00945934 0.0194255 9.9973E-05 0.0941599 0.268754 0.541505 9.9973E-05 0.066396
0.0391849 0.0927061 9.9964E-05 0.0429894 9.9964E-05 0.547496 0.277224 9.9964E-05 9.9964E-05
0.0550708 9.9964E-05 9.9964E-05 0.00214622 9.9964E-05 0.471444 0.368937 9.9964E-05 0.102003
0.0493613 9.9955E-05 9.9955E-05 9.9955E-05 9.9955E-05 0.592115 0.330146 0.0278777 9.9955E-05
9.9955E-05 9.9955E-05 0.0888504 0.0227271 9.9955E-05 0.709373 9.9955E-05 0.17855 9.9955E-05
9.9982E-05 9.9982E-05 0.0503521 0.0565541 0.0685361 0.150455 0.604536 0.056031 0.0133359
9.9955E-05 0.0101921 9.9955E-05 9.9955E-05 0.818361 9.9955E-05 0.145921 9.9955E-05 0.0250255
9.9955E-05 9.9955E-05 0.0559271 9.9955E-05 0.755392 9.9955E-05 0.0582721 9.9955E-05 0.129909
9.9955E-05 9.9955E-05 0.099192 9.9955E-05 0.702996 9.9955E-05 0.0931045 9.9955E-05 0.104208
9.9955E-05 9.9955E-05 0.0991576 9.9955E-05 0.750305 9.9955E-05 0.0566028 9.9955E-05 0.0934349
9.9973E-05 0.0225011 0.0231675 9.9973E-05 0.745859 0.0324978 0.0529656 9.9973E-05 0.122709
9.9964E-05 9.9964E-05 0.0740233 9.9964E-05 0.82852 9.9964E-05 0.0127108 0.0154164 0.0689298
9.9955E-05 9.9955E-05 0.0431494 9.9955E-05 0.811594 9.9955E-05 0.0773137 9.9955E-05 0.0674432
9.9973E-05 0.126143 9.9973E-05 0.0489814 0.0490885 0.356472 0.343419 9.9973E-05 0.075596
0.0176529 0.0545808 0.00152471 0.0893665 0.0693403 0.146691 0.542259 0.056829 0.0217553
9.9964E-05 9.9964E-05 9.9964E-05 0.118219 0.0492482 0.712792 0.0429204 0.076421 9.9964E-05
0.103021 0.0852393 9.9964E-05 9.9964E-05 0.153541 0.186581 0.471217 9.9964E-05 9.9964E-05
0.119558 0.00616408 9.9973E-05 9.9973E-05 0.0289649 0.451909 0.387808 9.9973E-05 0.00529652
9.9955E-05 9.9955E-05 9.9955E-05 0.00134837 0.0693983 0.290386 0.638367 9.9955E-05 9.9955E-05
0.14468 9.9964E-05 9.9964E-05 9.9964E-05 0.0699265 0.211556 0.520198 0.0532394 9.9964E-05
9.9973E-05 0.0948934 9.9973E-05 9.9973E-05 0.0185274 0.453234 0.382172 0.0303426 0.0205308
0.000347123 9.9964E-05 9.9964E-05 0.201792 0.0617345 0.718945 9.9964E-05 0.0167813 9.9964E-05
0.0398413 9.9991E-05 0.00926524 0.028532 0.100268 0.147486 0.622837 0.0185532 0.0331173
0.0853601 9.9973E-05 0.0239888 9.9973E-05 9.9973E-05 0.215684 0.615859 0.0343421 0.024466
9.9973E-05 0.1412 0.0691273 0.088768 9.9973E-05 0.166954 0.435702 9.9973E-05 0.0979491
0.0275867 9.9973E-05 0.0444411 9.9973E-05 9.9973E-05 0.489364 0.284718 0.0980778 0.0555131
0.0422621 9.9973E-05 9.9973E-05 9.9973E-05 0.0328475 0.39478 0.433996 0.0735369 0.0222772
0.00574971 0.0385994 9.9982E-05 0.129838 0.0133635 0.376701 0.39748 9.9982E-05 0.0380688
9.9964E-05 0.14565 9.9964E-05 9.9964E-05 9.9964E-05 0.59927 0.210704 0.0363577 0.00761878
0.0275279 9.9973E-05 9.9973E-05 0.0503826 0.0353761 0.477294 0.391975 9.9973E-05 0.0171445
0.0103033 0.0352464 0.0390293 0.0390139 0.107233 0.219188 0.496534 0.0386768 0.0147746
9.9982E-05 0.0668264 0.134046 0.319107 9.9982E-05 0.0370435 0.206835 0.216879 0.0190628
0.163357 9.9982E-05 0.0903943 0.0123994 0.149099 0.0303851 0.499 0.0551649 9.9982E-05
0.062364 0.0438209 0.0468266 0.275901 0.087225 0.0553338 0.426234 9.9991E-05 0.00219503
0.128418 0.0211873 9.9982E-05 0.0538009 0.104999 9.9982E-05 0.549949 0.130172 0.0112741
0.025763 0.125686 9.9991E-05 0.0673745 0.0975008 0.0551276 0.521693 0.0638364 0.0429187
9.9964E-05 9.9964E-05 0.0291414 0.350254 9.9964E-05 9.9964E-05 0.507681 0.0536708 0.0588526
9.9973E-05 0.0138364 9.9973E-05 0.297155 0.0185139 9.9973E-05 0.577847 0.0838926 0.00845511
9.9964E-05 9.9964E-05 9.9964E-05 0.301622 0.0717023 0.00932657 0.504331 0.112618 9.9964E-05
0.0285362 9.9982E-05 0.165484 0.118888 0.0481512 0.0443322 0.577583 9.9982E-05 0.0168258
0.125794 0.00801331 0.0366503 0.0643064 0.0522559 0.0997913 0.612988 9.9982E-05 9.9982E-05
0.0554632 9.9982E-05 9.9982E-05 0.170886 0.0988262 0.0531545 0.553606 0.0340096 0.0338544
9.9964E-05 9.9964E-05 9.9964E-05 0.338076 9.9964E-05 0.0451355 0.52492 0.0639014 0.0275668
0.0250646 9.9973E-05 0.109654 0.105356 9.9973E-05 0.112053 0.620425 9.9973E-05 0.0271479
0.121397 0.190538 9.9991E-05 0.100971 0.0115545 0.003902 0.413939 0.114087 0.0435113
9.9964E-05 0.0281413 9.9964E-05 0.214758 9.9964E-05 0.129134 0.564423 0.0631429 9.9964E-05
0.0520262 0.0208867 0.117934 0.138803 9.9982E-05 9.9982E-05 0.525803 0.0622823 0.0820648
0.0450032 9.9982E-05 9.9982E-05 0.175875 0.0483693 0.0811092 0.59871 0.0363178 0.0144164
9.9973E-05 9.9973E-05 0.120875 0.263291 0.0130902 9.9973E-05 0.378129 0.166801 0.0575144
0.0143628 0.0418469 0.0343866 0.182655 0.010457 0.0303262 0.632315 0.0535505 9.99929E-05
9.9973E-05 9.9973E-05 0.122546 0.0632719 0.0773456 0.0315928 0.680142 0.024802 9.9973E-05
9.9982E-05 0.0906249 0.0638876 0.375301 9.9982E-05 0.200615 0.194454 0.0630903 0.0118278
0.0841969 0.0757008 0.135321 0.279385 0.00292005 0.0246415 0.115001 0.282733 9.9991E-05
0.0677549 9.9991E-05 0.00228758 0.17181 0.0419127 0.130488 0.496522 0.0668269 0.0222977
9.9973E-05 0.0160872 0.0862975 0.277738 9.9973E-05 0.195862 0.0844867 0.339229 9.9973E-05
0.0517157 0.035969 0.0178117 0.425984 0.0481493 0.159471 0.211755 0.0466995 0.00244433
9.9964E-05 9.9964E-05 9.9964E-05 0.231462 0.0484124 0.206089 0.443726 0.06991 9.9964E-05
9.9973E-05 9.9973E-05 0.0167637 0.407324 9.9973E-05 0.108829 0.331262 0.0855128 0.0500082
0.00644278 0.0693155 9.9982E-05 0.472111 0.00852723 0.111025 0.287885 0.0444934 9.9982E-05
0.106042 0.0418275 0.0412324 0.0519195 9.9991E-05 0.158612 0.542895 0.0211516 0.0362196
0.0088191 0.0203742 0.002173 0.129929 0.116741 0.00803287 0.638687 0.0751439 9.9991E-05
9.9973E-05 0.0730575 0.0907372 0.148885 9.9973E-05 0.125602 0.478058 0.0833605 9.9973E-05
0.00483364 9.9973E-05 0.196957 0.294078 9.9973E-05 0.176267 0.182329 0.145235 9.9973E-05
0.134046 0.136145 0.0231374 0.0791011 0.104669 0.0750436 0.447658 9.9982E-05 9.9982E-05
0.163996 0.047049 0.122191 0.00318112 0.0106949 0.18283 0.344909 0.049483 0.0756653
0.269376 9.9973E-05 0.303541 0.169964 0.0391164 0.125299 9.9973E-05 0.0924037 9.9973E-05
0.0407819 9.9973E-05 0.0391854 9.9973E-05 0.11805 0.0544438 0.679028 0.0682107 9.9973E-05
0.121338 9.9964E-05 0.255844 0.11173 9.9964E-05 0.209892 0.300796 9.9964E-05 9.9964E-05
0.0733376 0.0373324 0.213273 0.0477004 9.9991E-05 0.0300879 0.526267 0.0603639 0.0115381
0.331707 9.9982E-05 0.263971 0.110593 9.9982E-05 0.140566 0.0972166 0.0239422 0.0318045
0.52562 9.9991E-05 0.0959596 0.122084 0.00224279 0.0251498 0.0904214 0.0999401 0.0384825
0.20064 9.9991E-05 0.0205606 0.00302187 0.0636168 0.157776 0.391262 0.147029 0.0159928
0.201505 0.00505861 0.000827867 0.0325342 0.156839 0.053026 0.458257 0.0918525 9.9991E-05
0.203632 0.10032 9.9991E-05 0.123613 0.116863 0.12964 0.196129 0.096772 0.0329309
0.111699 0.00489153 9.9982E-05 0.0249145 0.206194 0.058752 0.534639 0.0587102 9.9982E-05
0.0659996 0.11156 0.104246 0.024879 0.0864879 0.0690943 0.509303 0.0180748 0.0103554
0.166021 0.117865 0.218702 0.113763 9.9982E-05 0.312605 9.9982E-05 0.0610244 0.00982096
0.118302 0.0562333 0.0409582 0.0901898 0.000766771 0.14153 0.483396 0.0685239 9.9991E-05
0.110715 0.135741 0.0446573 0.0966444 0.0582803 0.0770249 0.432921 9.9991E-05 0.0439161
0.363716 9.9964E-05 9.9964E-05 0.113172 9.9964E-05 0.142406 0.311012 0.0692939 9.9964E-05
0.108476 0.0282357 0.073177 0.102149 9.9982E-05 0.154303 0.444564 0.0888953 9.9982E-05
0.179212 0.0249428 9.9973E-05 9.9973E-05 0.133278 0.0442143 0.586886 0.0311666 9.9973E-05
0.142184 0.195162 0.0537981 0.029654 0.0397081 0.129962 0.389482 9.9991E-05 0.0199506
0.227479 0.230209 0.138353 9.9991E-05 0.179831 0.0400471 0.0783564 0.0443405 0.0612854
0.0324775 0.103132 0.484783 9.9964E-05 0.35846 9.9964E-05 9.9964E-05 9.9964E-05 0.0207478
0.0270657 0.0399986 0.544982 9.9973E-05 0.269352 9.9973E-05 9.9973E-05 0.0897628 0.028539
0.087693 0.21882 0.26428 9.9973E-05 0.298661 9.9973E-05 0.104645 9.9973E-05 0.0256013
0.390132 9.9955E-05 9.9955E-05 9.9955E-05 9.9955E-05 9.9955E-05 0.575042 0.0210706 0.0132553
0.269654 9.9973E-05 0.0103362 0.00490422 0.112966 9.9973E-05 0.521869 0.0799705 9.9973E-05
9.9955E-05 0.638836 9.9955E-05 0.0287097 9.9955E-05 9.9955E-05 0.319285 9.9955E-05 0.0126691
9.9982E-05 0.29476 9.9982E-05 0.0684049 0.0628245 0.059133 0.405886 0.0466274 0.0621648
0.116721 0.322044 0.0343746 0.00185252 0.0628549 0.0184323 0.405898 9.9991E-05 0.0377222
0.497115 0.0335379 0.0377837 9.9973E-05 9.9973E-05 0.0338749 0.127051 0.270337 9.9973E-05
0.117792 0.0131311 0.14613 0.0256146 0.098727 0.129808 0.431364 0.0373342 9.9991E-05
0.585764 0.0442802 0.0810615 9.9973E-05 9.9973E-05 0.0772956 0.0228537 0.188445 9.9973E-05
0.29725 9.9964E-05 0.0936844 0.00755579 9.9964E-05 0.0595843 0.541526 9.9964E-05 9.9964E-05
0.338756 9.9973E-05 0.0937425 9.9973E-05 0.000189579 0.0568747 0.424515 0.085622 9.9973E-05
0.335312 9.9964E-05 0.123353 9.9964E-05 9.9964E-05 0.00632462 0.516451 9.9964E-05 0.0181592
0.456453 9.9982E-05 0.117163 0.0496548 9.9982E-05 0.107337 0.132291 0.131264 0.00563529
0.285278 0.0737472 0.0468241 0.00511679 9.9973E-05 9.9973E-05 0.565943 9.9973E-05 0.0227914
0.293977 0.137551 0.0360378 9.9973E-05 9.9973E-05 0.0596029 0.448397 0.0241344 9.9973E-05
0.155257 0.21347 9.9973E-05 0.151164 0.0766129 9.9973E-05 0.380909 9.9973E-05 0.0222873
9.9946E-05 0.990843 9.9946E-05 9.9946E-05 9.9946E-05 0.00735317 0.00120446 9.9946E-05 9.9946E-05
9.9964E-05 0.906597 0.00458826 0.00246964 9.9964E-05 9.9964E-05 0.0639415 0.0220041 9.9964E-05
9.9964E-05 0.530275 9.9964E-05 0.0638214 9.9964E-05 0.0627793 0.278488 9.9964E-05 0.0642372
9.9955E-05 0.674865 9.9955E-05 0.0257538 9.9955E-05 9.9955E-05 0.251067 0.0478147 9.9955E-05
0.0525358 0.884391 9.9964E-05 9.9964E-05 0.0142503 0.0361 0.0123229 9.9964E-05 9.9964E-05
9.9937E-05 0.974032 9.9937E-05 9.9937E-05 9.9937E-05 9.9937E-05 9.9937E-05 9.9937E-05 0.0252681
9.9964E-05 0.936503 0.0121202 0.0470715 9.9964E-05 0.00307601 9.9964E-05 0.000829182 9.9964E-05
9.9937E-05 0.867774 9.9937E-05 9.9937E-05 9.9937E-05 9.9937E-05 0.131527 9.9937E-05 9.9937E-05
9.9937E-05 0.941663 9.9937E-05 0.0576376 9.9937E-05 9.9937E-05 9.9937E-05 9.9937E-05 9.9937E-05
9.9937E-05 0.990372 9.9937E-05 9.9937E-05 9.9937E-05 9.9937E-05 9.9937E-05 0.00892885 9.9937E-05
9.9946E-05 0.976855 0.0102277 9.9946E-05 9.9946E-05 9.9946E-05 9.9946E-05 9.9946E-05 0.0123177
9.9955E-05 0.702834 9.9955E-05 0.0268184 9.9955E-05 9.9955E-05 0.189226 9.9955E-05 0.0806219
9.9964E-05 0.771995 0.0584788 0.0713012 9.9964E-05 9.9964E-05 0.0868261 9.9964E-05 0.0109991
9.9946E-05 0.984021 9.9946E-05 9.9946E-05 9.9946E-05 0.0105027 9.9946E-05 9.9946E-05 0.00487638
9.9982E-05 0.43044 9.9982E-05 0.0587955 0.000164031 0.0540648 0.291806 0.089451 0.0750784
0.0104015 0.62661 0.00996614 0.0568501 9.9982E-05 0.0111936 0.241346 9.9982E-05 0.0434325
0.0731581 0.754957 0.0285034 0.0159946 0.00357963 0.0125947 0.0943148 9.9991E-05 0.0167975
9.9946E-05 0.941504 9.9946E-05 0.0521848 9.9946E-05 0.00571161 9.9946E-05 9.9946E-05 9.9946E-05
0.00852759 0.977339 9.9955E-05 9.9955E-05 0.00178393 9.9955E-05 0.0118501 9.9955E-05 9.9955E-05
9.9964E-05 0.89015 0.010262 9.9964E-05 9.9964E-05 9.9964E-05 0.0703089 0.0164508 0.012428
9.9937E-05 0.977332 9.9937E-05 9.9937E-05 9.9937E-05 9.9937E-05 9.9937E-05 9.9937E-05 0.0219686
0.0879546 0.625398 9.9982E-05 0.010519 0.0500935 9.9982E-05 0.143637 0.0318005 0.0503977
0.0634462 0.875714 9.9982E-05 0.00237612 0.00599364 9.9982E-05 0.0146674 0.0265967 0.0110055
0.389787 9.9955E-05 0.35066 9.9955E-05 0.21283 9.9955E-05 9.9955E-05 0.0462235 9.9955E-05
0.328102 0.00380025 0.0726168 0.0455216 0.0958683 9.9982E-05 0.391759 9.9982E-05 0.0621313
0.294837 0.0658892 0.0031042 0.0212252 0.229704 9.9982E-05 0.342725 9.9982E-05 0.0423158
0.349942 0.106134 0.226061 9.9982E-05 0.0850106 0.0715641 0.0619006 9.9982E-05 0.0991869
0.1861 0.0176397 0.104457 0.0482524 0.112857 0.0793011 0.451192 9.9982E-05 9.9982E-05
0.210898 0.0461321 0.233928 9.9991E-05 0.204972 0.117361 0.141802 0.0200075 0.0248003
0.210377 0.050284 9.9991E-05 0.049697 0.169641 0.00231773 0.415578 0.0652057 0.0367999
0.328183 0.169805 0.120942 9.9982E-05 0.124887 0.0551768 0.176624 0.0241831 9.9982E-05
0.227156 0.140395 0.120706 9.9982E-05 0.0841688 9.9982E-05 0.332868 0.0411065 0.0534005
0.361471 0.204212 0.141929 9.9973E-05 0.0247219 9.9973E-05 0.196449 9.9973E-05 0.0709164
9.9982E-05 0.103879 0.0741193 0.0369819 0.0197633 9.9982E-05 0.442175 0.233098 0.0897827
0.127485 0.051581 0.0694601 9.9973E-05 0.195423 0.136609 0.419143 9.9973E-05 9.9973E-05
0.125466 9.9964E-05 0.0133087 0.0237314 0.802945 9.9964E-05 0.0341498 9.9964E-05 9.9964E-05
9.9964E-05 0.0126066 0.0695089 9.9964E-05 0.827808 9.9964E-05 0.0165515 9.9964E-05 0.073125
9.9955E-05 9.9955E-05 0.0827453 9.9955E-05 0.878937 9.9955E-05 0.0167531 9.9955E-05 0.0210649
9.9955E-05 9.9955E-05 0.0965236 0.000813781 0.876825 9.9955E-05 0.0253381 9.9955E-05 9.9955E-05
9.9964E-05 9.9964E-05 0.0972388 0.0207921 0.75108 9.9964E-05 0.0192135 9.9964E-05 0.111276
9.9964E-05 0.0573003 0.0551759 9.9964E-05 0.804841 9.9964E-05 9.9964E-05 0.0322542 0.0500288
9.9955E-05 0.0712852 9.9955E-05 9.9955E-05 0.848426 9.9955E-05 0.0243068 9.9955E-05 0.0554823
9.9964E-05 9.9964E-05 0.0949611 9.9964E-05 0.816712 9.9964E-05 0.0503556 0.00929971 0.0282719
9.9973E-05 9.9973E-05 0.0483822 0.00930012 0.851525 9.9973E-05 0.0117848 0.0393043 0.0394036
9.9964E-05 0.0629482 0.149072 9.9964E-05 0.740322 9.9964E-05 0.00689296 9.9964E-05 0.0403644
9.9973E-05 0.0252519 9.9973E-05 0.206668 0.604104 0.0890537 9.9973E-05 0.0700506 0.00457203
9.9973E-05 9.9973E-05 0.0116325 0.290401 0.570208 0.0825089 9.9973E-05 0.0164055 0.0285445
9.9973E-05 9.9973E-05 0.0953034 0.279064 0.477362 0.0768155 9.9973E-05 0.0518739 0.0192821
0.121293 9.9964E-05 9.9964E-05 0.238757 0.522073 0.0551056 9.9964E-05 0.0623712 9.9964E-05
0.0990367 9.9973E-05 9.9973E-05 0.0916181 0.0631084 0.213211 0.483512 9.9973E-05 0.0492143
9.9964E-05 0.0702818 9.9964E-05 9.9964E-05 0.0716415 0.398588 0.36382 0.0952685 9.9964E-05
0.0405837 0.0144043 9.9982E-05 0.112041 0.0766241 0.118657 0.515115 0.122375 9.9982E-05
0.0280916 0.0524617 0.0879508 0.098431 0.00825627 0.131321 0.44048 0.152908 9.9991E-05
9.9973E-05 9.9973E-05 0.106574 0.237103 9.9973E-05 0.19331 0.386878 0.0412948 0.0345406
0.0886841 0.00244134 9.9973E-05 0.58279 9.9973E-05 0.0989044 0.210936 0.0159443 9.9973E-05
0.133134 0.0276338 9.9973E-05 9.9973E-05 0.0257162 0.122652 0.607311 0.0832533 9.9973E-05
9.9973E-05 9.9973E-05 0.0380544 0.0331791 9.9973E-05 0.264152 0.625534 0.0300974 0.00868322
9.9964E-05 9.9964E-05 0.0223821 0.110059 9.9964E-05 0.325983 0.489887 9.9964E-05 0.0512889
0.0704361 0.0976572 9.9964E-05 9.9964E-05 9.9964E-05 0.518089 0.260675 0.0527435 9.9964E-05
0.0850468 0.00436086 0.0878323 0.0812041 0.0293413 0.0139877 0.623041 0.074107 0.00107909
9.9964E-05 9.9964E-05 9.9964E-05 0.123514 0.0126108 0.437245 0.345723 0.0805076 9.9964E-05
9.9946E-05 9.9946E-05 9.9946E-05 0.0586722 9.9946E-05 0.725366 9.9946E-05 0.215362 9.9946E-05
0.0501117 0.0315962 0.0736987 0.116183 0.0613368 0.112922 0.526521 9.9991E-05 0.027531
0.0206813 0.0272659 0.0708869 9.9982E-05 0.00494296 0.502675 0.227867 0.145481 9.9982E-05
9.9964E-05 9.9964E-05 9.9964E-05 0.0361147 9.9964E-05 0.392849 0.525436 0.0149123 0.0302882
9.9964E-05 9.9964E-05 9.9964E-05 0.200833 0.0370964 0.631449 0.114385 0.0158372 9.9964E-05
0.220616 0.00303172 9.9955E-05 0.662777 0.113075 9.9955E-05 9.9955E-05 9.9955E-05 9.9955E-05
0.317899 9.9955E-05 9.9955E-05 0.597574 0.0827074 9.9955E-05 9.9955E-05 9.9955E-05 0.0013197
0.223994 9.9955E-05 9.9955E-05 0.748818 0.017031 9.9955E-05 9.9955E-05 0.00965691 9.9955E-05
0.213423 9.9946E-05 9.9946E-05 0.663908 0.12207 9.9946E-05 9.9946E-05 9.9946E-05 9.9946E-05
0.235021 0.0332604 9.9964E-05 0.666645 9.9964E-05 9.9964E-05 9.9964E-05 0.0521177 0.012556
0.124011 0.00587021 9.9973E-05 0.639362 0.105299 9.9973E-05 0.118416 0.00674296 9.9973E-05
9.9973E-05 0.0618984 9.9973E-05 9.9973E-05 0.817756 0.00483273 0.0361266 0.00348623 0.0756006
9.9955E-05 9.9955E-05 0.0545686 0.0302806 0.820056 9.9955E-05 0.0945953 9.9955E-05 9.9955E-05
9.9964E-05 0.104336 0.00128871 9.9964E-05 0.723995 9.9964E-05 0.112245 9.9964E-05 0.0577355
9.9973E-05 0.0710848 0.00474483 0.0923977 0.703802 9.9973E-05 0.0814736 9.9973E-05 0.0461967
0.0159122 0.102584 0.0461078 9.9973E-05 0.715956 9.9973E-05 0.076177 9.9973E-05 0.0429633
0.136205 9.9964E-05 0.0108292 0.471826 0.369574 9.9964E-05 9.9964E-05 9.9964E-05 0.0111663
0.118629 9.9955E-05 9.9955E-05 0.320874 0.469536 9.9955E-05 9.9955E-05 0.0904604 9.9955E-05
9.9964E-05 9.9964E-05 9.9964E-05 0.406129 0.453789 0.00213064 9.9964E-05 0.113433 0.0241181
9.99369E-05 9.99369E-05 9.99369E-05 0.00268269 9.99369E-05 9.99369E-05 9.99369E-05 9.99369E-05 0.996618
0.0509404 0.0104161 9.9973E-05 0.446418 0.399525 9.9973E-05 9.9973E-05 0.0894502 0.00295095
9.9973E-05 0.350051 0.279195 0.0115607 0.11159 9.9973E-05 0.244153 0.00314987 9.9973E-05
0.0996997 0.218478 9.9982E-05 0.0011562 0.103666 0.00973467 0.507707 9.9982E-05 0.059358
9.9955E-05 0.215707 9.9955E-05 9.9955E-05 0.24494 9.9955E-05 0.518647 9.9955E-05 0.0202073
0.157426 0.211781 0.0365785 9.9973E-05 0.253599 0.055687 0.284629 9.9973E-05 9.9973E-05
9.9973E-05 0.106523 0.0688825 9.9973E-05 0.176083 0.103043 0.523447 9.9973E-05 0.0217229
0.0120854 0.274306 0.33145 9.9955E-05 0.381659 9.9955E-05 9.9955E-05 9.9955E-05 9.9955E-05
0.0601781 9.9973E-05 9.9973E-05 0.278926 0.0383198 0.0382528 0.465386 0.118638 9.9973E-05
9.9964E-05 9.9964E-05 0.125472 0.202268 9.9964E-05 0.0358686 0.413603 0.222389 9.9964E-05
9.9973E-05 9.9973E-05 0.0267709 0.504546 0.0804758 9.9973E-05 0.286822 0.088784 0.0123012
9.9964E-05 9.9964E-05 0.0366011 0.112431 9.9964E-05 0.141793 0.437345 0.27143 9.9964E-05
9.9955E-05 9.9955E-05 0.199781 0.145716 9.9955E-05 0.234779 9.9955E-05 0.419224 9.9955E-05
0.0489632 0.0407078 0.0187956 0.0536228 0.0656342 0.0844843 0.593294 0.0646998 0.0297988
0.0546562 9.9982E-05 0.0638139 0.170642 9.9982E-05 0.0943988 0.518735 0.075659 0.0218952
0.0350425 9.9982E-05 9.9982E-05 0.431924 0.0248543 0.0680522 0.365685 0.0520746 0.0221671
9.9982E-05 9.9982E-05 0.0606144 0.172177 0.12982 0.121172 0.495421 0.00387666 0.0167194
9.9964E-05 9.9964E-05 0.234815 0.273366 9.9964E-05 0.205067 0.138837 0.147516 9.9964E-05
0.0691869 9.9973E-05 0.121385 0.0974925 9.9973E-05 0.0871441 0.427939 0.196552 9.9973E-05
9.9982E-05 0.043212 0.024407 0.274793 9.9982E-05 0.126034 0.483765 0.0174853 0.0301037
0.0222754 0.166899 0.152978 0.0322648 0.112411 0.0774059 0.435566 9.9982E-05 9.9982E-05
9.9964E-05 9.9964E-05 0.0722834 0.247796 9.9964E-05 0.0330048 0.433848 0.212668 9.9964E-05
9.9973E-05 9.9973E-05 0.099143 0.232239 9.9973E-05 0.0937056 0.484233 0.0872919 0.00308818
0.0782438 9.9982E-05 0.0269975 0.0575989 0.0570448 0.0975705 0.498684 0.183661 9.9982E-05
9.9964E-05 9.9964E-05 0.116626 0.130026 9.9964E-05 0.134617 0.510432 0.1079 9.9964E-05
0.0528844 0.095368 9.9991E-05 0.133405 0.0275924 0.108787 0.557708 0.00811709 0.0160378
9.9982E-05 0.0505187 0.0365405 0.124031 0.145601 0.117948 0.49728 0.0278813 9.9982E-05
0.0329162 9.9982E-05 0.0441019 0.189653 0.00028241 0.0507305 0.59474 9.9982E-05 0.0873757
9.9955E-05 0.136646 9.9955E-05 9.9955E-05 0.781007 9.9955E-05 0.0786122 9.9955E-05 0.00323484
9.9973E-05 0.0363907 9.9973E-05 9.9973E-05 0.845629 0.00446103 0.0651745 0.0373948 0.0106499
9.9973E-05 9.9973E-05 0.0235597 0.0426199 0.769783 0.0322546 0.0620152 0.0694673 9.9973E-05
9.9964E-05 0.0338341 9.9964E-05 9.9964E-05 0.796615 9.9964E-05 0.0279884 0.107487 0.033676
0.00656767 0.0307681 9.9964E-05 9.9964E-05 0.808563 9.9964E-05 0.114214 9.9964E-05 0.0394874
9.9955E-05 9.9955E-05 0.128729 0.527743 9.9955E-05 0.101107 0.241922 9.9955E-05 9.9955E-05
9.9973E-05 9.9973E-05 0.155183 0.186407 0.00187084 9.9973E-05 0.539782 0.0733542 0.0431029
0.092125 0.158335 0.237092 0.0298802 0.104164 0.0902973 0.287906 9.9982E-05 9.9982E-05
9.9964E-05 9.9964E-05 0.109864 0.112348 9.9964E-05 9.9964E-05 0.674435 0.0633579 0.0395941
9.9964E-05 0.0120285 9.9964E-05 0.248275 0.105642 0.0640302 0.569624 9.9964E-05 9.9964E-05
9.9964E-05 9.9964E-05 0.221631 0.296614 9.9964E-05 9.9964E-05 0.326516 0.151234 0.00360578
9.9964E-05 9.9964E-05 0.158258 0.522255 0.07947 0.203887 9.9964E-05 9.9964E-05 0.0357302
0.0380043 9.9964E-05 9.9964E-05 0.317055 0.0583097 0.0637298 0.522501 9.9964E-05 9.9964E-05
9.9982E-05 0.0347849 9.9982E-05 0.448603 0.067229 0.0238473 0.126386 0.260529 0.0384212
0.135869 9.9982E-05 0.0315286 0.177615 0.065412 0.133952 0.386937 0.0684861 9.9982E-05
9.9982E-05 0.0360149 9.9982E-05 0.466549 0.146612 0.134174 0.0557452 0.146651 0.0140533
0.0299655 0.126751 0.0496323 0.183238 0.00906824 9.9982E-05 0.547472 9.9982E-05 0.0536732
0.0611382 0.0268653 9.9973E-05 0.480984 0.0915429 0.108572 0.230597 9.9973E-05 9.9973E-05
9.9982E-05 0.0806308 0.0223743 0.0694042 0.0738313 0.183778 0.531359 9.9982E-05 0.0384224
9.9991E-05 0.0821378 0.0156377 0.321481 0.0217784 0.124051 0.32938 0.0936528 0.0117817
0.251237 0.12037 0.0230744 0.125234 0.0296865 0.0537423 0.30559 0.0909655 9.9991E-05
0.568735 0.023725 0.0896451 0.0614775 9.9982E-05 0.0314721 0.203255 0.0214897 9.9982E-05
0.418349 0.0668329 9.9973E-05 0.0380088 0.0336441 0.031984 0.410881 9.9973E-05 9.9973E-05
0.209824 0.0730782 0.0655239 9.9991E-05 0.0789276 0.0553887 0.430173 0.0323596 0.0546251
0.555707 9.9973E-05 0.0188993 0.0665112 9.9973E-05 0.114671 0.192156 0.0517556 9.9973E-05
0.0401136 0.0103486 0.13806 0.0250997 9.9991E-05 0.0861545 0.517633 0.0808107 0.10168
0.254459 0.0651246 9.9964E-05 9.9964E-05 0.125862 9.9964E-05 0.390919 0.163236 9.9964E-05
0.360963 9.9982E-05 0.0328123 9.9982E-05 0.0258028 0.0236873 0.469942 0.0502261 0.0363674
0.611672 9.9964E-05 0.0851916 0.0561258 9.9964E-05 0.0962058 9.9964E-05 0.150405 9.9964E-05
0.589798 9.9973E-05 0.16874 0.00929476 9.9973E-05 0.0623926 0.160387 0.00908687 9.9973E-05
0.478509 9.9964E-05 9.9964E-05 0.0600664 9.9964E-05 9.9964E-05 0.392591 0.0584711 0.00996227
0.604433 9.9964E-05 0.0163099 0.0845543 9.9964E-05 0.25912 9.9964E-05 0.035183 9.9964E-05
0.434048 9.9964E-05 0.0532336 0.0315795 9.9964E-05 0.0784655 0.402273 9.9964E-05 9.9964E-05
9.9973E-05 0.00421803 0.111476 0.565286 9.9973E-05 0.16476 0.124073 9.9973E-05 0.0298869
9.9964E-05 9.9964E-05 0.0638659 0.312618 9.9964E-05 0.0869982 0.277052 0.259066 9.9964E-05
9.9982E-05 0.0825754 9.9982E-05 0.339488 0.0074405 0.0989942 0.324779 0.127752 0.0187709
9.9982E-05 0.000384093 0.0844205 0.213037 9.9982E-05 0.0114935 0.668175 0.0160592 0.00623091
0.00993831 9.9982E-05 0.00662584 0.495149 9.9982E-05 0.169171 0.267065 0.033037 0.018814
9.9982E-05 0.0250157 0.130743 0.174179 9.9982E-05 0.017414 0.491203 0.110061 0.0511835
0.0202416 0.0509322 0.00216446 0.262859 9.9973E-05 9.9973E-05 0.564254 9.9973E-05 0.0992494
9.9973E-05 0.0251497 0.0559718 0.250646 0.0871456 0.161611 0.419176 9.9973E-05 9.9973E-05
9.9973E-05 0.113701 9.9973E-05 0.254098 9.9973E-05 0.045978 0.431171 0.121888 0.0328645
9.9964E-05 0.0776336 9.9964E-05 0.313315 0.018894 0.159772 0.429985 9.9964E-05 9.9964E-05
9.9982E-05 0.103661 0.00303131 0.528539 9.9982E-05 0.137241 0.167261 0.0469579 0.0131084
9.9964E-05 0.108125 9.9964E-05 0.470982 9.9964E-05 0.0303578 0.323727 0.0664083 9.9964E-05
0.0705927 0.0202735 9.9982E-05 0.181276 9.9982E-05 0.0301471 0.621186 0.0587973 0.0175271
9.9982E-05 9.9982E-05 0.0961199 0.144199 0.050401 0.00144518 0.657419 0.0416868 0.0085291
9.9973E-05 9.9973E-05 0.164858 0.221354 9.9973E-05 0.0869066 0.392873 0.115317 0.0183909
9.9973E-05 0.039078 0.0381754 0.241837 0.00670636 9.9973E-05 0.51516 0.158744 9.9973E-05
0.0492766 0.0332389 0.0821564 0.404427 9.9982E-05 9.9982E-05 0.35995 0.0291123 0.0416381
9.9964E-05 9.9964E-05 9.9964E-05 0.172145 0.0496025 0.0106589 0.693883 0.0733109 9.9964E-05
0.080594 0.0721903 9.9973E-05 0.263488 0.0202133 9.9973E-05 0.523153 0.0400619 9.9973E-05
9.9982E-05 0.0137532 0.128882 0.0603139 9.9982E-05 0.051412 0.587338 0.0507154 0.107385
0.0161084 0.0571415 0.154322 9.9982E-05 0.269502 0.00454588 0.461386 9.9982E-05 0.0367938
9.9982E-05 0.140286 0.115487 9.9982E-05 0.0557407 0.077924 0.524883 0.0678459 0.017633
0.0823709 0.150819 0.0821018 0.0443326 0.124311 0.0460895 0.383691 0.0318423 0.0544418
0.0657881 0.0767143 0.103433 0.0575734 0.00303913 9.9982E-05 0.654771 9.9982E-05 0.0384817
9.9982E-05 0.160411 0.0461397 9.9982E-05 0.199123 0.0692276 0.422562 0.0688938 0.0334428
0.122789 0.0182183 9.9982E-05 0.111814 9.9982E-05 0.031392 0.46766 0.23668 0.0112473
9.9973E-05 0.105375 0.103506 0.0970776 0.11734 9.9973E-05 0.55855 9.9973E-05 0.0178511
0.131586 0.071088 0.414071 9.9982E-05 0.148531 0.178182 0.0157146 0.0406278 9.9982E-05
0.0311557 0.113455 0.037278 0.115436 0.111846 9.9973E-05 0.590529 9.9973E-05 9.9973E-05
9.9991E-05 0.0927458 0.0569817 0.0992494 0.0854877 0.0101859 0.546212 0.103129 0.00590851
9.9991E-05 0.135071 0.0819848 0.0465356 0.0463481 0.0246228 0.556567 0.0321396 0.0766304
0.0478355 0.14783 0.211026 0.145559 0.128058 0.013732 0.219137 0.0681059 0.0187162
0.112334 0.142525 0.020488 9.9991E-05 0.132083 0.0209712 0.500456 0.0411467 0.0298962
0.085256 0.134083 0.0712986 0.0147287 0.0833364 9.9991E-05 0.539637 0.0380681 0.0334927
9.9973E-05 0.101521 0.425998 9.9973E-05 0.338312 0.0605535 9.9973E-05 0.0258827 0.0474336
9.9982E-05 0.115867 0.0327364 0.020107 0.124279 0.0450435 0.589578 9.9982E-05 0.0721896
0.0548446 0.115871 0.0659101 9.9973E-05 0.103184 9.9973E-05 0.583697 9.9973E-05 0.0761927
0.154082 0.170835 9.9973E-05 0.0345401 0.0812124 9.9973E-05 0.541429 9.9973E-05 0.0176021
9.9955E-05 0.0947426 0.124649 9.9955E-05 0.204233 9.9955E-05 0.575875 9.9955E-05 9.9955E-05
0.126818 0.0573443 9.9982E-05 9.9982E-05 0.141306 0.0378107 0.521636 0.0137665 0.101118
9.9982E-05 0.0851374 9.9982E-05 0.0137921 0.0140021 0.104146 0.40489 0.337182 0.0406503
0.000760226 0.0729099 0.0346269 0.0531253 0.103189 9.9982E-05 0.487673 0.247516 9.9982E-05
0.0161943 9.9964E-05 9.9964E-05 0.0678233 9.9964E-05 0.0946161 0.000320809 0.820646 9.9964E-05
9.9973E-05 9.9973E-05 9.9973E-05 0.0371576 0.120854 0.137663 0.411458 0.247979 0.0445887
9.9982E-05 0.046902 9.9982E-05 0.154473 0.112068 0.156439 0.436709 0.06872 0.0244898
0.0402794 9.9955E-05 9.9955E-05 0.0103331 0.0227037 9.9955E-05 9.9955E-05 0.926184 9.9955E-05
9.9973E-05 0.173724 9.9973E-05 0.0673774 9.9973E-05 0.0415633 0.341918 0.315465 0.0596524
0.0270301 0.234507 0.156727 9.9973E-05 0.0497209 9.9973E-05 0.396515 0.1352 9.9973E-05
9.9973E-05 0.347173 0.0426973 9.9973E-05 0.0519674 9.9973E-05 0.249134 0.275678 0.0330506
0.0557666 0.295813 0.260684 9.9991E-05 0.0855246 0.00410013 0.0764313 0.189746 0.0318353
9.9973E-05 0.215382 0.137206 9.9973E-05 0.0846484 9.9973E-05 0.360383 0.148734 0.0533471
9.9982E-05 0.131029 0.0823089 0.143953 0.138278 0.0714244 0.39409 0.0387165 9.9982E-05
9.9964E-05 0.0542232 0.214448 9.9964E-05 0.0527316 9.9964E-05 0.0510684 0.627129 9.9964E-05
9.9964E-05 0.0195449 0.26152 9.9964E-05 9.9964E-05 9.9964E-05 0.172551 0.517213 0.0287713
9.9973E-05 0.0652078 0.0184182 9.9973E-05 0.0348684 9.9973E-05 0.523936 0.351073 0.00619664
9.9964E-05 0.0933228 9.9964E-05 9.9964E-05 0.0760623 9.9964E-05 0.354763 0.465043 0.0104095
9.9964E-05 0.0466698 0.0896019 9.9964E-05 9.9964E-05 9.9964E-05 0.113837 0.668503 0.0809888
0.000578024 0.0594255 9.9964E-05 9.9964E-05 0.085435 9.9964E-05 0.49476 0.359402 9.9964E-05
0.00628147 0.104707 0.0639804 9.9973E-05 9.9973E-05 9.9973E-05 0.452198 0.347438 0.0250948
9.9982E-05 0.107979 0.134205 0.0361674 0.0626711 9.9982E-05 0.455335 0.161469 0.0419736
0.00700217 9.9973E-05 9.9973E-05 0.0575006 9.9973E-05 0.0459334 0.264225 0.617584 0.00745445
0.10969 9.9973E-05 9.9973E-05 0.035981 9.9973E-05 0.0044068 0.384792 0.432069 0.0327608
0.0358009 0.0483287 0.00821859 0.0411617 0.00179386 9.9991E-05 0.398888 0.41392 0.0517874
0.0859949 0.00997235 9.9982E-05 0.122782 0.0210379 9.9982E-05 0.327917 0.389208 0.0428881
0.122777 0.110788 9.9991E-05 0.0347781 0.080398 0.0359843 0.413161 0.187399 0.0146141
0.154774 0.129816 0.0227831 0.0242215 0.0106274 0.0663361 0.411699 0.169696 0.0100477
0.0973813 9.9973E-05 9.9973E-05 0.0075711 0.0524736 0.00974811 0.376698 0.455828 9.9973E-05
0.102244 9.9955E-05 9.9955E-05 0.0485352 9.9955E-05 9.9955E-05 0.216088 0.632632 9.9955E-05
0.0371557 9.9964E-05 9.9964E-05 9.9964E-05 0.012372 0.0356665 0.557702 0.356704 9.9964E-05
9.9991E-05 0.147949 0.0541054 0.125544 0.0550936 0.077385 0.391227 0.118894 0.029701
9.9964E-05 9.9964E-05 9.9964E-05 0.0290133 0.000708771 0.0499026 0.238649 0.681326 9.9964E-05
0.0791901 0.0253747 9.9973E-05 9.9973E-05 0.0220784 9.9973E-05 0.351858 0.515128 0.00607094
9.9982E-05 0.0285402 9.9982E-05 0.047035 0.0622217 0.147506 0.468258 0.197316 0.0489231
0.0140583 0.0535141 9.9982E-05 9.9982E-05 0.0616979 0.0913401 0.462072 0.296589 0.0205285
0.0476676 0.155219 0.082435 0.0349327 0.114218 0.0462129 0.43577 0.0486459 0.0348993
0.104448 0.142415 9.9991E-05 0.0957578 0.0976389 0.0541175 0.322992 0.129142 0.0533898
0.22879 0.236601 0.0586262 9.9991E-05 0.131824 0.02795 0.310257 0.00431876 0.00153313
0.0459319 0.0937686 0.110174 0.0247757 9.9991E-05 0.123874 0.422013 0.0325148 0.146848
0.223218 0.273825 0.019141 0.085574 0.0522968 9.9991E-05 0.150108 0.0758225 0.119914
0.198919 0.153754 9.9982E-05 0.0563202 0.118383 9.9982E-05 0.412642 0.0223001 0.0374827
0.0663308 0.192074 0.0648118 9.9991E-05 0.035608 0.0245443 0.375144 0.156143 0.0852444
9.9964E-05 0.119604 0.0719999 9.9964E-05 0.175203 9.9964E-05 9.9964E-05 0.621146 0.0116472
0.102277 0.215961 9.9982E-05 0.0235039 0.0482418 9.9982E-05 0.546512 0.0440598 0.0192449
9.9955E-05 0.0899399 0.172557 9.9955E-05 0.336721 9.9955E-05 9.9955E-05 0.400282 9.9955E-05
9.9964E-05 0.133357 0.00698247 9.9964E-05 0.0814481 9.9964E-05 0.496254 0.281559 9.9964E-05
0.0921726 9.9955E-05 9.9955E-05 9.9955E-05 9.9955E-05 0.110767 0.0406538 0.755907 9.9955E-05
9.9955E-05 9.9955E-05 9.9955E-05 0.0231795 9.9955E-05 0.0309218 9.9955E-05 0.92462 0.0207793
9.9955E-05 9.9955E-05 9.9955E-05 9.9955E-05 9.9955E-05 0.10446 0.433754 0.44597 0.0153164
9.9955E-05 9.9955E-05 9.9955E-05 9.9955E-05 0.0371914 9.9955E-05 0.575299 0.340463 0.0465466
0.00414589 9.9946E-05 9.9946E-05 9.9946E-05 9.9946E-05 9.9946E-05 0.383292 0.611963 9.9946E-05
0.0189763 9.9955E-05 9.9955E-05 9.9955E-05 9.9955E-05 0.0227305 0.48976 0.468033 9.9955E-05
9.9946E-05 9.9946E-05 9.9946E-05 9.9946E-05 9.9946E-05 9.9946E-05 0.501435 0.492453 0.00551222
9.9973E-05 0.0884124 0.0036447 0.00449891 0.737714 9.9973E-05 9.9973E-05 0.095458 0.0699722
9.9964E-05 0.115155 9.9964E-05 0.0884156 0.695552 9.9964E-05 9.9964E-05 0.0515795 0.0488982
9.9955E-05 0.0261502 9.9955E-05 0.0354594 0.885559 9.9955E-05 9.9955E-05 9.9955E-05 0.0523313
9.9955E-05 9.9955E-05 9.9955E-05 9.9955E-05 0.785295 9.9955E-05 0.0289528 0.0377773 0.147475
9.9964E-05 0.0438921 0.0753099 9.9964E-05 9.9964E-05 0.500882 0.360133 9.9964E-05 0.019383
9.9973E-05 0.059067 9.9973E-05 9.9973E-05 0.105929 0.396529 0.406683 0.0236146 0.00787731
9.9964E-05 9.9964E-05 9.9964E-05 0.0231564 9.9964E-05 0.373264 0.480282 0.0957516 0.0271471
0.0773362 9.9964E-05 9.9964E-05 9.9964E-05 0.0803734 0.242225 0.576178 9.9964E-05 0.023487
0.137213 0.0864823 9.9973E-05 9.9973E-05 0.0628239 0.262754 0.430814 9.9973E-05 0.0196126
0.0651239 9.9982E-05 0.0385108 0.0397229 0.0317733 0.568974 0.220195 0.0355001 9.9982E-05
9.9973E-05 0.0372255 9.9973E-05 9.9973E-05 0.000197127 0.357354 0.586528 0.000206451 0.0181898
0.0900315 9.9973E-05 9.9973E-05 9.9973E-05 0.0105676 0.479092 0.222774 0.117371 0.0798636
9.9982E-05 0.142751 0.069208 9.9982E-05 0.270517 0.0296002 0.390444 0.0734806 0.0238001
9.9964E-05 9.9964E-05 0.0536846 0.0518452 9.9964E-05 0.287598 0.484067 0.122406 9.9964E-05
9.9964E-05 9.9964E-05 9.9964E-05 0.102433 0.0122074 0.549775 0.303236 9.9964E-05 0.0319477
0.0145202 0.0298574 0.046972 0.0420672 0.11778 0.0693814 0.618423 0.0447835 0.0162154
9.9964E-05 9.9964E-05 9.9964E-05 9.9964E-05 0.0175081 0.353281 0.501915 0.115202 0.0116943
9.9973E-05 0.00236604 9.9973E-05 0.0605285 9.9973E-05 0.486727 0.346747 0.0953858 0.00794583
9.9964E-05 0.00182678 9.9964E-05 9.9964E-05 0.0142612 0.345139 0.541519 0.0968547 9.9964E-05
0.0281893 0.0752353 9.9982E-05 9.9982E-05 0.0511146 0.352616 0.38607 0.03422 0.0723551
9.9937E-05 9.9937E-05 9.9937E-05 9.9937E-05 9.9937E-05 0.879716 9.9937E-05 0.119584 9.9937E-05
0.0322191 0.0445761 9.9973E-05 9.9973E-05 0.0698563 0.665147 0.167889 0.0200119 9.9973E-05
9.9973E-05 0.00541713 9.9973E-05 0.0184844 9.9973E-05 0.571172 0.300803 0.0884454 0.0153782
9.9946E-05 9.9946E-05 0.0874622 9.9946E-05 9.9946E-05 0.869848 9.9946E-05 0.0420904 9.9946E-05
9.9982E-05 0.17106 0.141111 0.114291 0.0969798 0.0381451 0.397003 9.9982E-05 0.0412097
0.00290418 9.9973E-05 9.9973E-05 0.0924701 0.0347052 0.420075 0.42184 0.0277052 9.9973E-05
