0.0173352 0.0205889 9.9991E-05 0.961976
0.0355431 9.9982E-05 9.9982E-05 0.964257
9.9991E-05 0.121354 0.0166273 0.861919
0.00771176 0.0369506 0.0642551 0.891082
9.999E-05 0.0606467 0.0358966 0.903357
0.204426 0.0987851 0.0290804 0.667708
0.111981 9.99882E-05 9.99882E-05 0.887819
0.140803 9.9991E-05 0.056617 0.80248
0.156699 9.9982E-05 9.9982E-05 0.843101
0.0985638 0.0511288 0.0950078 0.7553
0.174496 0.025429 9.9991E-05 0.799975
0.471776 0.383372 0.0801592 0.0646925
0.208826 0.622589 0.0999246 0.0686605
0.448778 0.350556 0.0703078 0.130358
0.337718 0.410188 0.119514 0.132581
0.274206 0.453265 0.129904 0.142625
0.18806 0.558177 0.202524 0.0512397
0.36213 0.502324 0.0876743 0.0478723
0.248306 0.494325 0.0680492 0.189319
0.731965 0.0753972 0.1232 0.069437
0.330491 0.560512 0.0633513 0.0456457
0.276238 0.570941 0.0560543 0.0967667
0.166668 0.712355 9.9991E-05 0.120877
0.476869 0.382754 0.13106 0.00931766
0.091826 0.616052 0.181045 0.111077
0.200598 0.63805 0.121127 0.0402255
0.537912 0.28286 0.115598 0.0636304
0.462787 0.282019 0.170009 0.0851845
0.562374 0.376349 9.9991E-05 0.0611775
9.9991E-05 0.0606083 0.0791221 0.86017
9.9991E-05 0.100155 0.0483162 0.851428
9.9991E-05 0.120696 0.0692811 0.809923
9.9991E-05 0.116274 0.118476 0.76515
0.216732 0.686314 0.0817203 0.0152331
0.05823 0.681489 0.104306 0.155975
0.136448 0.81074 0.0527114 9.9991E-05
0.609927 0.2103 0.0256176 0.154155
0.43978 0.510633 0.0494874 9.9991E-05
0.294661 0.541223 0.128588 0.0355274
0.0899665 0.766568 0.110922 0.0325426
0.230981 0.626103 0.0840125 0.0589034
0.0951687 0.654787 0.133901 0.116143
0.544583 0.407996 9.9991E-05 0.0473211
0.130735 0.673239 0.139293 0.0567326
0.108544 0.709867 0.074629 0.10696
0.0897428 0.610912 0.16159 0.137755
0.366542 0.633259 9.9982E-05 9.9982E-05
0.120219 0.824954 9.9991E-05 0.0547274
0.175342 0.641719 0.0542553 0.128684
0.767597 0.104639 9.9991E-05 0.127664
0.725571 0.219184 0.047948 0.00729769
0.702072 0.185054 0.0686769 0.0441964
0.239049 0.605832 0.123615 0.0315045
0.13527 0.555673 0.173237 0.13582
0.146643 0.620621 0.163997 0.0687383
0.530355 0.329307 9.9991E-05 0.140239
0.199989 0.664361 0.0719553 0.0636946
0.193647 0.595464 0.18048 0.0304096
0.324489 0.509353 9.9991E-05 0.166058
0.530133 0.166242 0.0297468 0.273878
0.25941 0.566441 0.104648 0.0695013
0.316163 0.497011 0.0685333 0.118293
0.754668 0.142051 9.9991E-05 0.103181
0.30849 0.623805 0.0163192 0.0513856
0.170249 0.661506 0.126935 0.0413093
0.21142 0.500943 0.194814 0.0928218
0.39017 0.445466 0.0744571 0.0899072
0.267253 0.543991 0.130551 0.0582051
0.110725 0.703289 0.0922123 0.0937731
0.556254 0.371185 9.9991E-05 0.0724614
0.277237 0.722563 9.9982E-05 9.9982E-05
0.501016 0.498784 9.9982E-05 9.9982E-05
0.210772 0.65659 0.0751406 0.0574976
0.0828626 0.547856 0.189024 0.180256
0.718375 0.281426 9.9982E-05 9.9982E-05
0.660278 0.339522 9.9982E-05 9.9982E-05
0.482006 0.517794 9.9982E-05 9.9982E-05
0.341648 0.658152 9.9982E-05 9.9982E-05
0.134682 0.615664 0.0866784 0.162975
0.317967 0.632583 0.0375985 0.0118524
0.524044 0.449515 0.00574649 0.0206947
0.472728 0.468845 9.9991E-05 0.0583266
0.243576 0.504384 0.154658 0.0973818
0.368572 0.604503 9.9991E-05 0.0268247
0.309311 0.664442 9.9991E-05 0.0261471
0.344548 0.646017 9.9991E-05 0.00933594
0.729142 0.270658 9.9982E-05 9.9982E-05
0.104921 0.731576 0.0862139 0.0772897
9.9991E-05 0.120071 0.0359625 0.843867
9.9982E-05 0.096155 9.9982E-05 0.903645
9.9991E-05 0.0465389 0.0508013 0.90256
9.9991E-05 0.0572851 0.0034309 0.939184
9.9991E-05 0.0503359 0.0418325 0.907732
9.9991E-05 0.0439468 0.018147 0.937806
9.9991E-05 0.00776741 0.0729582 0.919174
0.133361 0.697965 0.0166367 0.152037
0.292732 0.450956 0.18166 0.0746514
0.708132 0.291668 9.9982E-05 9.9982E-05
0.263338 0.551133 0.167741 0.0177886
0.238016 0.714791 9.9991E-05 0.0470925
0.146082 0.820897 9.9991E-05 0.0329215
0.218042 0.718302 0.0220411 0.0416152
0.155627 0.767365 0.0504797 0.0265279
0.751639 0.216601 9.9991E-05 0.0316602
0.158973 0.639319 9.9991E-05 0.201608
0.111779 0.721675 0.11974 0.0468056
0.229709 0.581189 0.143278 0.0458244
0.449884 0.549916 9.9982E-05 9.9982E-05
0.251016 0.641989 0.106895 9.9991E-05
0.268617 0.692622 9.9991E-05 0.0386605
0.336851 0.583495 0.0795545 9.9991E-05
0.291038 0.66683 9.9991E-05 0.0420322
0.109674 0.718179 0.00196436 0.170182
0.566955 0.253131 0.100211 0.0797032
0.169395 0.598924 0.174591 0.0570897
0.289252 0.431273 0.126377 0.153098
0.140935 0.593014 0.0778546 0.188197
0.185418 0.591118 0.125585 0.0978796
0.330555 0.580143 9.9991E-05 0.0892019
0.267737 0.565096 0.152034 0.0151333
0.40227 0.447414 0.122594 0.0277232
0.220516 0.645909 0.0377722 0.0958036
0.217264 0.614193 0.131084 0.0374584
0.179321 0.701933 0.0204253 0.0983212
0.255973 0.674587 9.9991E-05 0.0693393
0.215443 0.619826 0.164631 9.9991E-05
0.129903 0.67264 0.0411488 0.156308
0.21052 0.709869 0.079511 9.9991E-05
0.149571 0.622285 0.100576 0.127568
0.253919 0.571057 0.174924 9.9991E-05
0.382618 0.43963 0.0627661 0.114986
0.177108 0.657563 0.133131 0.0321974
0.139692 0.681019 0.13385 0.0454393
0.5123 0.387856 0.0795006 0.0203434
0.604637 0.232972 0.0999558 0.0624353
0.232864 0.626691 0.041581 0.098864
0.756198 0.138891 0.104812 9.9991E-05
0.506999 0.418624 9.9991E-05 0.074277
0.378414 0.606555 0.0149305 9.9991E-05
0.441979 0.480179 9.9991E-05 0.0777417
0.491975 0.378075 0.0738935 0.0560573
0.136717 0.675666 0.10152 0.0860978
0.143557 0.722638 0.0231155 0.11069
0.13226 0.759427 9.9991E-05 0.108213
0.717165 0.172658 0.108313 0.00186342
0.251305 0.551809 0.0338879 0.162998
0.285337 0.601813 0.11275 9.9991E-05
0.672679 0.113623 0.00946683 0.204232
9.9991E-05 0.768067 0.103182 0.128651
0.414594 0.404981 0.0889276 0.0914972
0.232139 0.4982 0.154915 0.114746
0.507773 0.315107 0.108071 0.0690487
0.568179 0.301261 9.99901E-05 0.13046
0.421989 0.523721 9.9991E-05 0.0541906
0.0471111 0.71021 0.060812 0.181867
0.262905 0.486318 0.0859666 0.16481
0.206433 0.607846 0.0234557 0.162265
0.154642 0.501234 0.183786 0.160338
0.633763 0.0942832 0.202759 0.069195
0.142463 0.675871 0.0409189 0.140747
0.0792148 0.736171 0.021121 0.163494
0.436329 0.553034 0.00418135 0.00645533
0.336389 0.624448 0.0357541 0.00340851
0.0905463 0.697263 0.0674812 0.144709
0.124908 0.627998 0.140412 0.106682
0.184721 0.180975 0.289223 0.345081
0.201551 9.9991E-05 0.204332 0.594018
0.32951 9.9991E-05 0.15551 0.514881
0.123199 0.107071 0.345838 0.423891
0.180709 0.699155 0.120036 9.9991E-05
0.0369685 0.7205 0.0469406 0.19559
9.9982E-05 0.321226 0.678575 9.9982E-05
0.137223 0.335799 0.524156 0.00282234
0.151584 0.398213 0.401765 0.0484379
0.459146 0.488243 0.0353366 0.0172746
0.211756 0.560597 0.110643 0.117004
0.581112 0.334714 0.0801815 0.00399222
0.156238 0.686784 0.136116 0.0208621
0.321407 0.515902 0.0809689 0.0817221
0.206517 0.598057 0.144199 0.0512273
0.664643 0.270628 0.0646288 9.9991E-05
0.123274 0.711544 0.145972 0.0192101
0.202662 0.588743 0.140107 0.0684887
0.164701 0.360659 0.377271 0.0973696
0.00941721 9.9982E-05 0.990383 9.9982E-05
9.9982E-05 0.0711461 0.928654 9.9982E-05
0.0673425 0.254241 0.619075 0.0593417
9.9991E-05 0.284901 0.710782 0.00421744
0.0402485 0.137049 0.80547 0.0172321
9.998E-05 9.998E-05 0.9997 9.998E-05
0.0448271 9.9982E-05 0.954973 9.9982E-05
9.9982E-05 0.0913191 0.908481 9.9982E-05
0.00152087 9.9982E-05 0.998279 9.9982E-05
9.998E-05 9.998E-05 0.9997 9.998E-05
9.998E-05 9.998E-05 0.9997 9.998E-05
9.9991E-05 0.155201 0.795461 0.0492384
0.011933 0.157842 0.778127 0.052098
9.998E-05 9.998E-05 0.9997 9.998E-05
0.152586 0.385953 0.408085 0.0533752
0.0736544 0.157102 0.71208 0.0571636
9.9991E-05 0.135378 0.780625 0.0838966
9.9982E-05 0.113026 0.886774 9.9982E-05
9.9982E-05 9.9982E-05 0.993811 0.00598895
0.0771495 0.0296054 0.893145 9.9991E-05
9.998E-05 9.998E-05 0.9997 9.998E-05
9.9991E-05 0.264171 0.64791 0.0878189
0.0419247 0.004748 0.946541 0.00678614
0.486797 9.9991E-05 0.11878 0.394323
0.183776 0.450846 0.102548 0.262831
0.20276 0.380234 0.131754 0.285252
0.378993 0.169862 0.228699 0.222447
0.129344 0.577474 0.111443 0.181739
0.290532 0.234904 0.146378 0.328185
0.125629 0.540001 0.128448 0.205922
0.250948 0.337337 0.267848 0.143867
0.149428 0.46367 0.220852 0.166051
0.0581034 0.411525 0.241173 0.289199
0.0899702 0.582959 0.0982462 0.228825
0.160197 0.50262 0.147783 0.1894
0.0958962 0.0265644 9.9991E-05 0.877439
9.9982E-05 9.9982E-05 0.0253373 0.974463
9.998E-05 9.998E-05 9.998E-05 0.9997
0.011731 0.00147937 9.9991E-05 0.98669
0.0299297 9.9991E-05 0.0410124 0.928958
0.00215853 9.9991E-05 0.0552142 0.942527
9.9991E-05 0.0315743 0.0425631 0.925763
0.0411395 0.020424 0.0108654 0.927571
9.9991E-05 0.0517905 0.00953607 0.938573
0.0104274 0.0019613 0.0855915 0.90202
0.374652 9.9982E-05 9.9982E-05 0.625148
0.326466 0.0104612 9.9991E-05 0.662973
0.433168 9.9982E-05 9.9982E-05 0.566632
0.458934 9.9982E-05 9.9982E-05 0.540866
0.211297 0.707322 9.9991E-05 0.0812814
0.231166 0.710499 0.0493426 0.00899295
0.258702 0.675072 0.0440193 0.0222066
0.204486 0.616006 0.0320496 0.147459
0.350719 0.558457 9.9991E-05 0.0907244
0.676211 0.270709 0.0529801 9.9991E-05
0.161144 0.728102 0.0268593 0.0838947
0.208512 0.715281 0.0761073 9.9991E-05
0.293215 0.693541 9.9991E-05 0.0131443
0.378087 0.559697 0.0621161 9.9991E-05
0.164107 0.752547 0.083246 9.9991E-05
0.351012 0.616528 9.9991E-05 0.0323597
0.825022 0.174778 9.9982E-05 9.9982E-05
0.288514 0.590112 0.0643673 0.0570067
0.480994 0.492392 0.0265138 9.9991E-05
0.237798 0.710734 9.9991E-05 0.0513674
0.600242 0.399558 9.9982E-05 9.9982E-05
0.751659 0.0139796 9.9991E-05 0.234261
0.723442 0.0675971 9.9991E-05 0.20886
0.827199 0.0249701 9.9991E-05 0.147731
0.77377 9.9982E-05 9.9982E-05 0.22603
0.740011 0.0809341 0.0403536 0.138701
0.647886 0.101473 0.0744883 0.176153
9.9991E-05 0.0789084 0.038524 0.882468
9.9991E-05 0.0491428 0.0542009 0.896556
9.9991E-05 0.0851323 0.146192 0.768576
9.9991E-05 0.0925733 0.0807779 0.826549
9.9991E-05 0.0472098 0.0610523 0.891638
0.526262 9.9982E-05 9.9982E-05 0.473538
0.453688 9.9982E-05 9.9982E-05 0.546112
0.488826 9.9991E-05 0.0161071 0.494967
9.9991E-05 0.108892 0.0413752 0.849633
0.513336 9.9991E-05 0.00459974 0.481964
0.0472163 0.270391 0.409218 0.273175
0.000369639 0.593774 0.23063 0.175226
9.9991E-05 0.504907 0.300847 0.194146
0.0670762 0.367472 0.253437 0.312015
9.9991E-05 0.614408 0.166116 0.219376
0.125875 9.9991E-05 0.360423 0.513601
0.354473 0.622585 9.9991E-05 0.0228414
0.454689 0.426791 0.11842 9.9991E-05
0.440419 0.420341 0.000604996 0.138635
0.333241 0.603644 0.0325436 0.0305712
0.9997 9.998E-05 9.998E-05 9.998E-05
0.259184 0.539015 0.17092 0.0308817
0.319774 0.574933 0.059159 0.046134
0.459068 0.430735 9.9991E-05 0.110097
0.215833 0.623422 0.0693523 0.0913923
0.693836 0.240805 0.038772 0.0265873
0.37941 0.489432 0.110342 0.020816
0.269857 0.639767 0.0332343 0.0571426
0.172471 0.517793 0.130031 0.179704
0.508078 0.392817 0.099005 9.9991E-05
0.319147 0.566158 0.0898852 0.02481
0.299547 0.543387 0.156967 9.9991E-05
0.254507 0.645014 0.00489147 0.0955879
0.0933296 0.705648 0.125591 0.0754319
0.162119 0.590907 0.105182 0.141792
0.201093 0.638319 0.0491131 0.111475
9.9991E-05 0.0736397 0.136695 0.789565
9.9991E-05 0.0535148 0.0491394 0.897246
0.0605034 0.108263 9.9991E-05 0.831133
0.0254235 0.0551755 0.0548318 0.864569
9.9991E-05 0.0950778 0.0234808 0.881341
0.593328 0.28281 9.9991E-05 0.123762
0.213824 0.641152 0.0846669 0.0603566
0.103101 0.389589 0.303905 0.203405
0.134839 0.695547 0.0915903 0.0780236
0.207185 0.685377 0.0103816 0.0970561
0.538107 0.31511 0.124316 0.0224669
0.71822 0.0857921 9.9991E-05 0.195888
0.331455 0.561911 0.0794521 0.027182
0.612302 0.22646 0.0274064 0.133831
0.333713 0.535907 0.0755615 0.0548183
0.620046 0.150069 0.0513758 0.178509
0.118791 0.660503 0.104009 0.116698
0.57504 0.265226 0.022788 0.136946
0.126368 0.571695 0.141226 0.16071
0.48808 0.34302 0.114516 0.0543832
0.283222 0.535062 0.141591 0.0401252
0.4519 0.382936 0.0527145 0.112449
0.220816 0.613759 0.00804654 0.157379
0.249241 0.546257 0.104244 0.100257
0.441015 0.505839 9.9991E-05 0.0530464
0.185232 0.510338 0.158528 0.145902
0.225593 0.571363 0.118474 0.0845705
0.282747 0.615211 0.0324534 0.0695888
0.698793 0.301007 9.9982E-05 9.9982E-05
0.578857 0.377567 0.0212424 0.0223337
0.337531 0.540802 0.0307381 0.0909286
0.694262 0.305538 9.9982E-05 9.9982E-05
0.357212 0.549545 0.0406447 0.0525987
0.653679 0.246583 0.0409436 0.058795
0.618312 0.296262 0.0853264 9.9991E-05
0.470536 0.337718 0.171197 0.0205491
0.186897 0.620987 0.184924 0.00719219
0.627767 0.341593 0.0305397 9.9991E-05
0.219457 0.549773 0.131927 0.0988432
0.12485 0.646606 0.0797565 0.148788
0.314273 0.470704 0.214923 9.9991E-05
0.310056 0.506566 0.183278 9.9991E-05
0.345139 0.51946 0.0650799 0.0703212
0.573987 0.299182 0.126732 9.9991E-05
0.426079 0.338113 0.198142 0.0376652
0.196689 0.687628 0.115207 0.0004754
0.0938153 0.712949 0.093079 0.100157
0.317166 0.476752 0.0747458 0.131337
0.295492 0.552406 0.12951 0.0225919
0.43222 0.357885 0.112813 0.0970822
0.123241 0.735642 0.0592038 0.0819135
0.175781 0.595733 0.0968531 0.131633
0.269567 0.500749 0.178769 0.0509155
9.9991E-05 0.480438 0.120622 0.39884
0.0928103 0.512293 0.238657 0.15624
0.11559 0.540535 0.178652 0.165224
0.0794652 0.710797 0.1195 0.0902373
0.121417 0.41052 0.296388 0.171675
0.370218 0.495113 0.134569 9.9991E-05
0.0847919 0.548992 0.173541 0.192675
0.457384 0.0582329 0.208801 0.275583
0.12548 0.486892 0.283161 0.104467
0.0525868 0.594095 0.21505 0.138269
0.138784 0.503857 0.300528 0.0568313
0.254426 0.358604 0.156419 0.230552
9.9991E-05 0.564358 0.15439 0.281152
0.0101784 0.625959 0.220948 0.142914
0.249827 9.9991E-05 0.202987 0.547086
9.9991E-05 0.591986 0.216956 0.190958
0.0988567 0.470893 0.323258 0.106993
0.163939 0.538142 0.204056 0.0938627
9.9991E-05 0.502566 0.292425 0.20491
0.0689807 0.533955 0.215004 0.18206
0.253951 0.650322 0.0895031 0.00622402
0.207903 0.500585 0.168597 0.122915
0.802603 0.143979 0.0533182 9.9991E-05
0.213021 0.450246 0.183314 0.153418
0.160061 0.638221 0.0723369 0.129381
0.820607 0.159331 0.019962 9.9991E-05
0.307255 0.585214 0.107431 9.9991E-05
0.0696395 0.433482 0.379532 0.117346
0.136049 0.332001 0.452151 0.0797986
0.264465 0.185133 0.326718 0.223685
0.042107 0.41493 0.2886 0.254364
0.0968108 0.470211 0.272108 0.16087
0.505265 0.155916 0.169734 0.169085
0.470887 0.235484 0.18574 0.107889
0.185644 0.653236 0.149439 0.0116815
0.177461 0.575964 0.181982 0.0645937
0.464625 0.276316 0.201395 0.0576635
0.230038 0.61631 0.136189 0.017462
0.240254 0.483539 0.276107 9.9991E-05
0.148815 0.491603 0.241427 0.118155
0.500382 0.499418 9.9982E-05 9.9982E-05
0.457882 0.447675 0.0930004 0.00144227
0.311711 0.536514 0.077833 0.0739426
0.411544 0.385426 0.162622 0.0404073
0.144078 0.62871 0.0330954 0.194117
0.287411 0.482665 0.120028 0.109897
0.332215 0.562818 0.104867 9.9991E-05
0.524192 0.475608 9.9982E-05 9.9982E-05
0.199629 0.679383 0.0723203 0.0486673
0.192275 0.619482 0.0503835 0.13786
0.60862 0.299065 0.0922145 9.9991E-05
0.345627 0.52437 0.129903 9.9991E-05
0.186857 0.619398 0.141458 0.0522864
0.31903 0.625704 0.0551658 9.9991E-05
0.0696465 0.564004 0.164415 0.201934
0.202423 0.477682 0.16734 0.152555
0.140919 0.388141 0.263303 0.207638
0.136796 0.524275 0.153955 0.184974
0.309711 0.26285 0.27739 0.150049
0.152395 0.425135 0.290395 0.132075
0.214302 0.448479 0.2526 0.0846184
0.570576 9.9991E-05 0.245703 0.183621
9.9991E-05 0.635181 0.250249 0.11447
0.382644 9.9991E-05 0.205013 0.412244
0.0982198 0.633913 0.221981 0.0458868
0.65839 0.34141 9.9982E-05 9.9982E-05
0.829146 0.123922 0.0468323 9.9991E-05
0.38067 0.584693 0.0345369 9.9991E-05
0.112454 0.835347 0.0243056 0.0278933
0.436563 0.508884 0.0544526 9.9991E-05
0.273192 0.724739 0.00196917 9.9991E-05
0.247544 0.663119 0.0892374 9.9991E-05
0.0308492 0.0712722 0.0618419 0.836037
0.078927 9.9991E-05 0.117141 0.803832
9.9982E-05 9.9982E-05 0.0735022 0.926298
9.9982E-05 0.0136475 9.9982E-05 0.986153
0.265672 0.632207 0.03672 0.0654005
0.177438 0.681089 0.00918033 0.132293
0.188223 0.783811 9.9991E-05 0.0278657
0.115665 0.735508 9.9991E-05 0.148727
0.234332 0.601094 0.0651994 0.0993751
0.479521 0.520279 9.9982E-05 9.9982E-05
0.143815 0.772 0.0598594 0.0243255
0.424061 0.575051 9.9991E-05 0.000788301
9.9991E-05 0.50208 0.146247 0.351573
0.335866 0.564144 0.0998892 9.9991E-05
0.380289 0.619511 9.9982E-05 9.9982E-05
0.0867626 0.737248 0.0306127 0.145376
0.189642 0.810158 9.9982E-05 9.9982E-05
0.303234 0.673388 9.9991E-05 0.0232779
0.187558 0.736945 0.0513639 0.0241339
0.125708 0.758422 0.0712559 0.0446135
0.55702 0.44278 9.9982E-05 9.9982E-05
0.534168 0.450773 9.9991E-05 0.0149588
0.372868 0.626932 9.9982E-05 9.9982E-05
0.761968 0.237832 9.9982E-05 9.9982E-05
0.137805 0.496656 0.134926 0.230614
0.320056 0.649319 0.00235512 0.0282697
0.623437 0.357859 9.9991E-05 0.0186044
0.806694 0.193106 9.9982E-05 9.9982E-05
0.205533 0.69029 0.0620074 0.0421695
0.495315 0.460085 9.9991E-05 0.0444998
0.259535 0.686879 0.0510332 0.00255203
0.005859 0.712714 0.117354 0.164074
0.176305 0.775314 0.00320537 0.0451754
0.57292 0.285128 0.141852 9.9991E-05
0.176347 0.799134 9.9991E-05 0.0244193
0.335525 0.587234 0.0771409 9.9991E-05
0.389026 0.610774 9.9982E-05 9.9982E-05
0.194848 0.75192 9.9991E-05 0.053132
0.298316 9.9982E-05 9.9982E-05 0.701484
0.149832 0.066075 0.00394225 0.78015
0.141417 9.9982E-05 9.9982E-05 0.858383
0.158316 9.9982E-05 9.9982E-05 0.841484
0.219884 9.9982E-05 9.9982E-05 0.779916
0.556045 0.402744 9.9991E-05 0.0411108
0.566653 0.393293 9.9991E-05 0.039954
0.526028 0.473772 9.9982E-05 9.9982E-05
0.141109 0.704161 0.0753598 0.0793702
0.0747674 0.689125 0.093814 0.142293
0.351335 0.605115 9.9991E-05 0.0434499
0.197461 0.699595 0.102845 9.9991E-05
0.268227 0.57761 0.0889417 0.0652213
0.208809 0.530553 0.0997081 0.16093
0.248912 0.696303 0.0546843 9.9991E-05
0.12017 0.795802 9.9991E-05 0.0839272
0.476927 0.515543 9.9991E-05 0.00742968
0.383045 0.613412 9.9991E-05 0.00344357
0.38938 0.61042 9.9982E-05 9.9982E-05
0.105761 0.704353 0.0475916 0.142295
0.302355 0.697445 9.9982E-05 9.9982E-05
0.294213 0.649 0.00986303 0.0469242
0.0508277 0.371828 0.496109 0.0812351
0.0620891 0.260805 0.569275 0.107831
9.9991E-05 0.395192 0.449605 0.155103
9.9991E-05 0.317248 0.505671 0.176982
0.00846928 0.436862 0.385753 0.168916
0.304554 0.622053 0.0633343 0.0100586
0.0293973 9.9991E-05 0.706788 0.263715
0.0434073 0.242154 0.507328 0.20711
0.130159 0.485078 0.192318 0.192445
0.107937 0.676527 0.00997419 0.205562
0.312859 0.516676 0.0306978 0.139767
0.123458 0.645942 0.0444412 0.186159
0.0689972 0.699186 0.117776 0.114041
9.9991E-05 0.275298 0.532088 0.192514
0.0945805 0.387911 0.392121 0.125388
9.9991E-05 0.385178 0.528451 0.0862708
0.00945189 0.532466 0.293901 0.164181
9.9991E-05 0.303175 0.542228 0.154497
0.0833589 0.369691 0.422435 0.124516
0.0449051 0.201707 0.600824 0.152564
0.0702236 0.452314 0.362608 0.114855
0.142858 0.648054 0.0954017 0.113686
0.0626654 0.450359 0.315266 0.17171
9.9991E-05 0.12071 0.760237 0.118953
9.9991E-05 0.552361 0.274346 0.173192
0.0263413 0.430275 0.373832 0.169552
0.460761 0.325976 9.9991E-05 0.213163
0.182505 0.622029 0.177631 0.0178346
0.121599 0.321416 0.41059 0.146395
0.0833852 0.654573 0.0503172 0.211725
0.203546 0.576999 0.00271312 0.216742
0.147749 0.370637 0.26004 0.221574
0.0372585 0.414676 0.297481 0.250585
0.129678 0.59461 0.185872 0.0898397
0.00790587 0.511276 0.302064 0.178754
0.0679036 0.374795 0.47336 0.0839418
9.9991E-05 0.381305 0.511386 0.107209
9.9991E-05 0.142204 0.657005 0.200691
0.138776 0.651695 0.0969525 0.112577
0.200306 0.623406 9.9991E-05 0.176188
0.473825 0.240422 0.0954156 0.190338
0.0805617 0.586663 0.148737 0.184039
0.361244 0.40367 0.125782 0.109304
0.0876951 0.398818 0.304861 0.208626
0.120865 0.534964 0.17519 0.168981
0.380607 9.9991E-05 0.265927 0.353366
0.416054 9.9991E-05 0.209032 0.374814
0.306938 0.358053 0.173357 0.161651
0.306554 0.0417781 0.254023 0.397645
0.177369 9.9991E-05 0.294635 0.527897
0.23557 0.486518 0.119042 0.15887
0.082636 0.440833 0.154264 0.322267
0.218549 0.218246 0.25148 0.311725
0.33056 0.0997367 0.220211 0.349493
0.119181 0.51123 0.147826 0.221763
0.34518 0.209594 0.197847 0.247379
0.317398 9.9991E-05 0.115375 0.567127
0.163536 0.512899 0.21694 0.106625
0.194338 0.396511 0.231997 0.177153
9.9991E-05 0.467105 0.141132 0.391663
9.9991E-05 0.518353 0.324646 0.156901
0.200164 0.443656 0.147744 0.208436
9.9991E-05 0.598983 0.202176 0.198741
0.0152223 0.516383 0.258029 0.210366
9.9991E-05 0.349309 0.210533 0.440057
0.0200813 0.542563 0.238932 0.198424
9.9991E-05 0.436523 0.344057 0.21932
0.167328 0.259029 0.303636 0.270008
0.324156 0.323565 0.16069 0.191589
0.0735331 0.590534 0.102645 0.233288
0.00666146 0.63387 0.192939 0.166529
9.9991E-05 0.737836 0.129849 0.132215
0.00427369 0.288862 0.386057 0.320808
9.9991E-05 0.542375 0.250712 0.206814
0.177982 0.190637 0.248682 0.382699
0.0383688 0.466785 0.292421 0.202424
0.140901 0.171983 0.354782 0.332334
0.156246 0.00206588 0.00248844 0.8392
0.653985 0.170854 9.9991E-05 0.175061
0.826914 9.9982E-05 9.9982E-05 0.172886
0.803537 0.0225575 9.9991E-05 0.173805
0.823609 0.0309784 0.0772245 0.0681879
0.768439 0.0921985 0.0105124 0.12885
0.74189 0.157142 9.9991E-05 0.100868
0.839857 0.0254251 9.9991E-05 0.134618
0.6265 0.0647253 9.9991E-05 0.308675
0.0133945 0.0207631 0.0205636 0.945279
0.0699104 0.0651492 9.9991E-05 0.86484
0.0300113 0.0360597 0.0422714 0.891658
0.110706 0.0296237 0.0159689 0.843701
9.9991E-05 0.0445844 0.00479469 0.950521
0.0797154 9.9982E-05 9.9982E-05 0.920085
0.0407783 9.9991E-05 0.178949 0.780173
9.9982E-05 9.9982E-05 0.131989 0.867811
0.0623913 0.077412 0.102282 0.757915
9.9991E-05 0.0182565 0.0391065 0.942537
9.998E-05 9.998E-05 9.998E-05 0.9997
0.0542914 0.0402827 0.0490683 0.856358
9.9982E-05 9.9982E-05 0.00192557 0.997874
9.9991E-05 0.0105382 0.0513266 0.938035
0.0114329 0.0455508 0.0541726 0.888844
9.9991E-05 0.0283233 0.0893144 0.882262
9.9991E-05 0.0550112 0.156159 0.78873
9.9991E-05 0.108758 0.0811447 0.809997
9.9991E-05 0.0858108 0.0718901 0.842199
0.29036 0.455502 0.050956 0.203182
0.0584073 0.811194 9.9991E-05 0.130299
0.0960312 0.659334 0.102628 0.142006
0.574644 0.231973 0.076408 0.116975
0.208245 0.589751 0.0703993 0.131605
0.591476 0.15422 0.0719041 0.182399
0.174117 0.680905 0.0767608 0.0682175
0.31304 0.53413 9.9991E-05 0.15273
0.20347 0.639314 0.00671753 0.150498
0.225655 0.683464 0.0395108 0.0513701
0.275917 0.594452 9.9991E-05 0.129532
0.119662 0.782704 0.0268589 0.0707748
0.202157 0.651105 0.0266157 0.120122
0.780733 0.0541778 0.164989 9.9991E-05
0.816627 0.0377207 0.0345529 0.111099
0.570246 0.232266 0.0935331 0.103955
0.124376 0.657136 0.143679 0.0748088
0.215598 0.5642 0.0427024 0.177499
0.158469 0.656789 0.00480883 0.179933
0.0842617 0.680925 0.131298 0.103516
0.0059539 0.563312 0.215107 0.215626
9.9991E-05 0.595085 0.219509 0.185306
0.191465 0.191673 0.153515 0.463347
0.0794366 0.707388 0.0412144 0.171961
0.0798585 0.481444 0.195079 0.243619
0.351269 9.9991E-05 0.18195 0.466681
0.058551 0.379557 0.255841 0.306051
0.14702 0.299137 0.198153 0.35569
0.0237762 0.531015 0.0416729 0.403536
0.0795567 0.517625 0.244997 0.157821
9.9991E-05 0.562301 0.210321 0.227278
0.0184111 0.661819 0.166732 0.153038
0.0742031 0.440969 0.180234 0.304594
9.9991E-05 0.379572 0.105501 0.514827
