9.9964E-05 9.9964E-05 0.0117456 0.00552196 0.883679 0.0661163 9.9964E-05 0.0325372 9.9964E-05
9.9982E-05 0.0143964 0.042212 0.00256098 0.893536 0.0110837 9.9982E-05 0.0101489 0.025862
9.9973E-05 9.9973E-05 0.00792832 0.0143887 0.808325 0.0316106 0.116954 0.020494 9.9973E-05
9.9955E-05 9.9955E-05 9.9955E-05 0.0173173 0.778245 0.0641224 0.139815 9.9955E-05 9.9955E-05
9.9973E-05 9.9973E-05 9.9973E-05 0.0539993 0.810407 0.00113282 0.0298848 0.0686213 0.0356551
0.322065 0.0483284 9.9955E-05 0.0459994 0.583107 9.9955E-05 9.9955E-05 9.9955E-05 9.9955E-05
0.274726 0.00308255 9.9946E-05 9.9946E-05 0.721591 9.9946E-05 9.9946E-05 9.9946E-05 9.9946E-05
0.242211 9.9955E-05 9.9955E-05 0.0111069 0.727835 0.0183474 9.9955E-05 9.9955E-05 9.9955E-05
9.99729E-05 0.0139988 0.0690409 9.99729E-05 0.759319 0.0611748 9.99729E-05 0.0815239 0.0146426
0.281033 9.9946E-05 9.9946E-05 0.045893 0.672474 9.9946E-05 9.9946E-05 9.9946E-05 9.9946E-05
0.325495 0.00153346 9.9946E-05 9.9946E-05 0.672372 9.9946E-05 9.9946E-05 9.9946E-05 9.9946E-05
0.0285923 0.812037 0.063491 0.0218342 9.9964E-05 9.9964E-05 0.073646 9.9964E-05 9.9964E-05
9.9964E-05 0.467248 9.9964E-05 0.0436363 0.00407331 9.9964E-05 0.432401 0.0522414 9.9964E-05
9.9973E-05 0.738958 9.9973E-05 0.00436773 0.0299361 9.9973E-05 0.134294 0.0822571 0.00988655
9.9964E-05 0.672939 9.9964E-05 0.061156 0.0332881 9.9964E-05 0.185509 0.046708 9.9964E-05
0.0967687 0.35809 9.9982E-05 0.121988 0.13095 9.9982E-05 0.251196 0.0107621 0.0300456
0.0973592 0.331562 9.9964E-05 0.109382 9.9964E-05 0.00657802 0.454719 9.9964E-05 9.9964E-05
0.0894371 0.435583 0.0822982 0.0790128 9.9973E-05 9.9973E-05 0.304778 9.9973E-05 0.00859045
9.9955E-05 0.606219 9.9955E-05 9.9955E-05 0.129165 9.9955E-05 0.207924 0.0561917 9.9955E-05
0.125007 0.770797 9.9955E-05 9.9955E-05 0.0531797 0.0505171 9.9955E-05 9.9955E-05 9.9955E-05
0.0441732 0.388803 0.134847 0.022411 0.0480091 0.0470544 0.302084 0.0125187 9.9991E-05
0.0247244 0.262506 0.00647626 9.9982E-05 9.9982E-05 0.111702 0.431628 0.109628 0.0531355
0.0687288 0.256437 0.0987275 0.000795073 0.054542 0.0337054 0.486865 9.9982E-05 9.9982E-05
0.11373 0.727207 9.9964E-05 0.0451172 9.9964E-05 9.9964E-05 0.0989409 0.014605 9.9964E-05
0.0174085 0.0936025 0.0421063 0.0705267 0.0155278 0.0670732 0.571014 0.122641 9.9991E-05
0.0713845 0.434619 9.9973E-05 0.0203478 0.0206873 9.9973E-05 0.447629 0.00503285 9.9973E-05
0.044641 0.806999 0.0514631 0.0963973 9.9955E-05 9.9955E-05 9.9955E-05 9.9955E-05 9.9955E-05
0.0232634 0.801755 9.9946E-05 0.174382 9.9946E-05 9.9946E-05 9.9946E-05 9.9946E-05 9.9946E-05
0.0544911 0.82331 9.9964E-05 0.0594426 9.9964E-05 9.9964E-05 0.0154656 9.9964E-05 0.0468911
9.9946E-05 9.9946E-05 9.9946E-05 0.026207 0.840841 9.9946E-05 0.132352 9.9946E-05 9.9946E-05
9.9937E-05 9.9937E-05 9.9937E-05 9.9937E-05 0.824042 9.9937E-05 0.175259 9.9937E-05 9.9937E-05
9.9955E-05 0.0140447 9.9955E-05 0.0157096 0.790589 9.9955E-05 0.179157 9.9955E-05 9.9955E-05
9.9964E-05 9.9964E-05 0.0355338 0.0930049 0.677998 9.9964E-05 0.089298 0.103766 9.9964E-05
0.118362 0.0982768 0.0943999 9.9973E-05 9.9973E-05 0.00376505 0.556941 9.9973E-05 0.127955
0.0205496 0.0515879 0.239137 0.0329086 0.139798 9.9982E-05 0.498754 9.9982E-05 0.0170644
9.9946E-05 9.9946E-05 0.429858 9.9946E-05 9.9946E-05 9.9946E-05 0.538893 9.9946E-05 0.0306492
0.0106089 0.502971 0.0595897 0.0236036 0.088947 0.277516 9.9982E-05 0.0365645 9.9982E-05
0.0145955 9.9973E-05 0.569957 9.9973E-05 9.9973E-05 0.0044626 0.339074 0.00343721 0.0681734
9.9982E-05 0.0299526 0.120272 0.0307496 9.9982E-05 0.0812153 0.505488 0.0531757 0.178947
0.0455188 9.9982E-05 0.258786 9.9982E-05 0.0127371 0.0186624 0.635882 0.0128882 0.0153254
0.436105 9.9946E-05 9.9946E-05 9.9946E-05 0.0481671 9.9946E-05 0.515128 9.9946E-05 9.9946E-05
0.075508 0.0567084 0.0651719 9.9982E-05 0.104464 0.101812 0.558068 9.9982E-05 0.0380673
9.9973E-05 0.190883 0.63116 9.9973E-05 0.0103441 0.00394886 0.146841 0.0165232 9.9973E-05
0.335285 0.0691476 0.0591739 0.130234 0.0209085 9.9973E-05 0.384951 9.9973E-05 9.9973E-05
0.0450989 0.0713251 0.226571 0.133032 0.0255073 9.9991E-05 0.449325 0.016865 0.0321761
0.0469588 0.0916892 0.102618 0.155132 0.0741677 0.0636606 0.435083 9.9991E-05 0.0305905
9.9946E-05 9.9946E-05 0.660285 9.9946E-05 9.9946E-05 9.9946E-05 0.305886 9.9946E-05 0.0332298
9.9946E-05 9.9946E-05 0.337598 9.9946E-05 0.129903 9.9946E-05 0.531899 9.9946E-05 9.9946E-05
0.0725826 0.0347139 0.0778268 9.9982E-05 0.135854 0.00772143 0.630137 9.9982E-05 0.0409645
9.9964E-05 9.9964E-05 0.573981 9.9964E-05 0.0488673 0.0270476 9.9964E-05 0.185859 0.163845
0.0192487 0.266703 0.155092 9.9982E-05 9.9982E-05 0.316229 0.117429 0.060036 0.0650621
0.0403462 0.382552 0.240307 9.9973E-05 9.9973E-05 0.0277095 9.9973E-05 0.219763 0.0890226
0.0866025 0.160596 0.0627137 9.9991E-05 0.0426309 0.0775991 0.513095 0.0523263 0.00433654
0.0842826 0.126519 9.9982E-05 0.030886 0.113263 9.9982E-05 0.566027 0.0135913 0.0652312
0.0156354 0.0673482 0.0789561 0.0797879 9.9991E-05 0.0689171 0.540783 0.0786192 0.0698528
0.0260681 0.328092 0.269446 9.9991E-05 0.112625 0.147288 0.0275441 0.0334413 0.055395
9.9973E-05 0.184217 0.0494036 9.9973E-05 9.9973E-05 0.0938223 0.513704 0.113319 0.0452336
0.0757701 0.211039 9.9973E-05 9.9973E-05 0.0816714 0.0265528 0.575974 0.0286924 9.9973E-05
0.184762 0.265645 0.151055 0.0654349 0.107416 0.0526208 0.172867 9.9982E-05 9.9982E-05
0.120706 0.514332 0.0663554 0.0189208 0.147498 0.0397135 9.9982E-05 0.0922751 9.9982E-05
0.0393439 0.0779344 0.168903 9.9982E-05 0.016878 0.049453 0.59448 0.0528077 9.9982E-05
9.9982E-05 0.267554 9.9982E-05 0.0239173 0.0286856 0.041925 0.380738 0.150964 0.106016
0.0553929 0.460091 0.130316 9.9982E-05 0.0488349 0.149125 9.9982E-05 0.0517258 0.104314
9.9964E-05 0.44004 0.0649187 9.9964E-05 9.9964E-05 9.9964E-05 0.429578 0.0335387 0.0315248
9.9973E-05 0.0491419 0.126747 9.9973E-05 9.9973E-05 0.0322617 0.635282 0.127723 0.0285438
0.0502762 0.201634 0.0640226 0.0218511 0.0476532 0.0162873 0.544885 0.0532906 9.9991E-05
0.0644275 0.402186 0.0890116 0.0122312 9.9991E-05 0.111591 0.195232 0.111632 0.0135896
0.0733656 0.438064 0.0976266 0.0309233 9.9973E-05 9.9973E-05 0.356466 0.00325421 9.9973E-05
9.9982E-05 9.9982E-05 0.0494027 0.0100861 0.068876 0.108694 0.557992 0.0499118 0.154838
0.00775257 0.537865 0.121323 9.9982E-05 9.9982E-05 0.0958088 0.0869442 0.0846563 0.0654499
9.9946E-05 9.9946E-05 0.454615 9.9946E-05 9.9946E-05 0.0401454 0.50464 9.9946E-05 9.9946E-05
0.00628593 0.273478 0.574909 9.9955E-05 9.9955E-05 9.9955E-05 0.144827 9.9955E-05 9.9955E-05
0.0136832 0.0784074 0.175717 9.9982E-05 0.0965889 0.106753 0.52137 9.9982E-05 0.00728128
0.0576081 0.00205322 0.329381 0.0839549 0.165512 0.00278368 0.358507 9.9982E-05 9.9982E-05
0.0428602 0.00786133 0.877805 9.9955E-05 9.9955E-05 9.9955E-05 9.9955E-05 0.0709732 9.9955E-05
0.0112975 0.0636139 0.830732 9.9982E-05 0.0145536 0.0383089 9.9982E-05 0.0104176 0.0308762
9.9946E-05 0.0128282 0.744912 9.9946E-05 9.9946E-05 9.9946E-05 0.24166 9.9946E-05 9.9946E-05
0.0404657 0.0604317 0.478418 9.9964E-05 0.0161114 9.9964E-05 0.404173 9.9964E-05 9.9964E-05
9.9982E-05 0.0671272 0.150879 0.00586772 0.0898186 0.0575766 0.55572 0.0728114 9.9982E-05
9.9964E-05 0.189127 0.380587 0.094141 9.9964E-05 9.9964E-05 0.306107 0.0296382 9.9964E-05
9.9973E-05 0.233679 0.550223 0.0219997 0.0256869 0.0629165 0.105195 9.9973E-05 9.9973E-05
9.9973E-05 0.141761 0.358417 9.9973E-05 0.0190859 0.178598 0.210119 9.9973E-05 0.0917197
9.9973E-05 9.9973E-05 0.262772 0.0761109 0.135315 0.0458913 0.465869 0.0137422 9.9973E-05
9.9964E-05 0.295832 0.521189 0.0696682 9.9964E-05 9.9964E-05 0.0919083 9.9964E-05 0.0210032
0.0709651 0.0662341 0.442289 0.004188 0.0649684 9.9973E-05 0.351056 9.9973E-05 9.9973E-05
0.0278404 9.9973E-05 0.59332 9.9973E-05 0.0179059 9.9973E-05 0.334208 0.0205003 0.00592546
9.9955E-05 0.117263 0.700115 9.9955E-05 9.9955E-05 9.9955E-05 9.9955E-05 0.0328579 0.149264
0.0122905 9.9964E-05 0.292879 0.0742715 9.9964E-05 0.0865991 0.53356 9.9964E-05 9.9964E-05
9.9955E-05 0.0587858 9.9955E-05 0.00408295 0.785786 9.9955E-05 0.150845 9.9955E-05 9.9955E-05
9.99371E-05 9.99371E-05 9.99371E-05 9.99371E-05 0.888534 9.99371E-05 0.110766 9.99371E-05 9.99371E-05
9.9946E-05 9.9946E-05 9.9946E-05 0.0240173 0.853945 9.9946E-05 0.121438 9.9946E-05 9.9946E-05
9.9955E-05 9.9955E-05 0.00254212 9.9955E-05 0.867934 9.9955E-05 0.0706961 0.0583281 9.9955E-05
9.9955E-05 9.9955E-05 0.0154823 9.9955E-05 0.828666 9.9955E-05 0.112282 0.0430701 9.9955E-05
0.0489445 9.9973E-05 9.9973E-05 0.0180973 0.852638 9.9973E-05 0.0488056 0.0231907 0.00802405
0.0100844 9.99461E-05 9.99461E-05 9.99461E-05 0.908299 9.99461E-05 0.0810171 9.99461E-05 9.99461E-05
0.0583281 9.9982E-05 0.276176 0.0519016 0.0478848 0.0357497 0.529651 0.000109445 9.9982E-05
0.0375052 0.00496708 0.166016 0.068973 0.0932056 0.0774626 0.551671 9.9982E-05 9.9982E-05
9.9973E-05 0.206859 0.680063 9.9973E-05 0.0501257 0.0267844 0.00518411 9.9973E-05 0.0306839
0.15942 0.0266236 0.119308 9.9973E-05 0.0771425 9.9973E-05 0.57654 9.9973E-05 0.0406664
0.0216497 0.0538325 0.371731 0.00630406 0.0313681 0.113601 0.401313 9.9982E-05 9.9982E-05
9.9964E-05 9.9964E-05 0.236497 9.9964E-05 0.0716731 0.0548307 0.596456 9.9964E-05 0.0401432
0.0375634 9.9973E-05 0.291251 9.9973E-05 0.0647438 0.0312899 0.519725 9.9973E-05 0.0551277
9.9955E-05 9.9955E-05 0.423207 0.115077 9.9955E-05 9.9955E-05 0.416086 9.9955E-05 0.0451302
9.9964E-05 0.129016 0.705701 9.9964E-05 0.0660958 0.0739899 9.9964E-05 9.9964E-05 0.0247979
0.0289405 0.0157442 0.172645 9.9991E-05 0.109499 0.00159735 0.567208 0.0573033 0.0469629
0.0265452 0.0385095 0.192457 9.9973E-05 0.0558909 0.0364281 0.649869 9.9973E-05 9.9973E-05
9.9982E-05 0.15528 0.0892232 0.0865957 0.0411728 0.0609079 0.520532 0.0460894 9.9982E-05
0.101419 0.0535703 0.562251 0.0304516 9.9973E-05 9.9973E-05 0.239076 0.012932 9.9973E-05
0.0399744 9.9973E-05 0.414152 0.00243262 0.00428942 9.9973E-05 0.489572 9.9973E-05 0.0492795
0.0880243 0.104125 0.330238 9.9973E-05 9.9973E-05 0.030292 0.420119 9.9973E-05 0.0269018
9.9946E-05 9.9946E-05 0.668033 0.106418 9.9946E-05 9.9946E-05 0.224949 9.9946E-05 9.9946E-05
9.9964E-05 0.0929228 0.341127 9.9964E-05 0.0540708 0.0623501 0.449129 9.9964E-05 9.9964E-05
0.053591 0.0738532 0.161076 9.9982E-05 0.0951085 0.0746716 0.510457 0.0310426 9.9982E-05
9.9964E-05 0.341367 9.9964E-05 9.9964E-05 9.9964E-05 0.131117 0.221597 0.159261 0.146258
9.9991E-05 0.115018 0.0471094 0.0558414 0.044021 0.101732 0.494664 0.0641374 0.0773772
0.128196 0.197716 0.0610426 0.0436004 0.108203 0.133343 0.326589 0.00121011 9.9991E-05
0.0420496 0.147065 0.0290962 0.00585125 0.0831428 0.0344362 0.607919 0.0193134 0.0311271
0.00683765 0.0221433 0.124589 0.0338415 0.0748455 0.0681391 0.625202 9.9991E-05 0.0443019
9.9982E-05 0.296165 0.0114181 9.9982E-05 0.0287241 0.120718 0.455275 0.0449792 0.0425203
0.000502621 0.188389 9.9973E-05 0.0114211 9.9973E-05 0.180614 0.56115 0.0576231 9.9973E-05
9.9964E-05 0.372262 0.0601118 9.9964E-05 0.00374668 0.122483 0.440997 9.9964E-05 9.9964E-05
0.0370722 0.0497536 0.00379031 9.9991E-05 0.00341117 0.212549 0.56157 0.0724832 0.0592705
9.9973E-05 0.0962239 0.0715413 0.07178 9.9973E-05 0.162833 0.55293 0.0443918 9.9973E-05
0.0529471 0.281519 0.0234627 9.9982E-05 0.0408957 0.0171272 0.536275 0.0475738 9.9982E-05
9.9964E-05 0.232206 0.0415572 9.9964E-05 9.9964E-05 0.206576 0.448782 9.9964E-05 0.0704794
9.9982E-05 0.0943787 0.0926168 0.0709795 0.0336528 0.0508406 0.616364 9.9982E-05 0.0409675
0.0752276 0.0740385 0.0855056 9.9991E-05 0.0444829 0.104761 0.524202 0.0804219 0.0112604
9.9973E-05 0.222649 0.157581 0.0220222 9.9973E-05 0.037669 0.532134 9.9973E-05 0.0276443
0.109328 0.105773 0.0667159 0.0696228 9.9991E-05 0.1312 0.46266 0.0338322 0.0207676
9.9973E-05 0.269729 9.9973E-05 0.0472078 9.9973E-05 0.0595296 0.540839 0.0345306 0.0478635
0.0711976 0.275313 9.9982E-05 9.9982E-05 0.0798242 0.100692 0.306596 0.087227 0.0789497
9.9955E-05 0.174726 9.9955E-05 9.9955E-05 9.9955E-05 0.14092 0.642518 0.0413359 9.9955E-05
9.9955E-05 9.9955E-05 9.9955E-05 9.9955E-05 9.9955E-05 0.167143 0.660177 0.0746231 0.0975569
9.9982E-05 0.299974 0.230814 0.0382052 9.9982E-05 0.173919 0.129482 0.0260673 0.101338
0.00783856 0.258957 0.0848627 0.0269202 9.9991E-05 0.111046 0.138271 0.131841 0.240164
0.0279651 0.137466 0.0452868 0.0472973 0.0242246 0.170554 0.492978 0.0541287 9.9991E-05
9.9982E-05 0.156042 0.208414 0.0642813 9.9982E-05 0.2348 0.0576696 0.0587287 0.219864
9.9973E-05 0.445278 0.0662478 9.9973E-05 0.0840045 0.077261 0.2211 9.9973E-05 0.105808
9.9964E-05 0.323247 0.133694 9.9964E-05 9.9964E-05 0.114336 0.389441 9.9964E-05 0.0388825
9.9973E-05 0.360907 0.136313 9.9973E-05 0.0207592 0.184084 0.264812 9.9973E-05 0.0328236
0.0383176 0.438425 0.161139 0.0538141 9.9973E-05 0.193409 0.114596 9.9973E-05 9.9973E-05
0.159855 0.0985585 0.034342 0.0526829 9.9982E-05 0.0414804 0.60781 9.9982E-05 0.00507184
0.00898512 0.0998068 0.0732604 0.0611438 0.0686613 0.0952352 0.51291 9.9991E-05 0.0798977
9.9973E-05 0.0857893 0.107921 9.9973E-05 0.138634 0.104351 0.488699 9.9973E-05 0.0743065
0.0265771 0.188956 0.16795 9.9982E-05 9.9982E-05 0.193144 0.123995 0.211395 0.0877824
9.9973E-05 0.0766186 0.0563988 9.9973E-05 0.145043 0.116919 0.566014 0.0387068 9.9973E-05
0.163528 0.10178 0.158924 0.0568757 9.9991E-05 0.0598352 0.318753 0.0999942 0.0402096
0.314147 0.0212111 0.127106 9.9982E-05 0.0661348 0.105235 9.9982E-05 0.226441 0.139525
0.0313728 0.0134383 0.168837 9.9982E-05 0.0504789 0.0529114 0.625454 9.9982E-05 0.0573074
0.0913856 9.9973E-05 0.277945 9.9973E-05 9.9973E-05 0.0607558 0.2668 0.279861 0.0229525
0.0692514 0.151154 0.100353 0.011441 0.0447832 0.0104046 0.425267 0.134837 0.0525084
0.137811 0.0461794 0.147382 9.9982E-05 9.9982E-05 0.132588 0.231473 0.281668 0.0226982
0.358863 0.0247603 0.0963409 9.9991E-05 0.0159755 0.12613 0.11078 0.123292 0.143758
0.0806271 0.0967684 0.0538595 9.9982E-05 9.9982E-05 0.111762 0.39894 0.0695129 0.188331
0.145988 0.163814 0.0682439 0.0302911 0.0491599 9.9991E-05 0.416406 0.0784787 0.047519
0.105171 0.147065 0.0902464 0.0357003 0.0626376 0.125265 0.318243 0.0762982 0.0393732
0.0554187 9.9973E-05 9.9973E-05 0.0344618 0.0648982 0.160116 0.54199 9.9973E-05 0.142815
0.11808 0.0250865 0.099342 0.107484 0.0785454 0.0148763 0.461371 0.0178623 0.077353
0.170166 0.201264 0.222107 0.116194 9.9973E-05 9.9973E-05 9.9973E-05 0.241835 0.0481348
0.115133 0.120786 0.126697 0.0992506 0.154547 9.9982E-05 0.382338 0.00104878 9.9982E-05
0.0270656 0.124728 0.222287 0.0156463 0.134066 9.9982E-05 0.415968 0.0600388 9.9982E-05
0.273831 0.213404 0.192046 9.9973E-05 9.9973E-05 0.0026433 0.214022 9.9973E-05 0.103755
0.187136 0.194881 0.0575829 9.9982E-05 9.9982E-05 0.00265344 0.371598 0.0587143 0.127235
0.0229638 0.0303154 0.122819 0.0868089 0.0653875 0.116051 0.459668 0.0878125 0.00817363
0.136919 9.9982E-05 0.0550892 0.130252 0.00101251 0.0456144 0.504533 0.12638 9.9982E-05
0.171072 0.0783597 0.0183439 0.269397 0.182785 9.9982E-05 0.0516369 0.228205 9.9982E-05
0.103232 9.9955E-05 9.9955E-05 0.060637 0.35332 9.9955E-05 9.9955E-05 0.482312 9.9955E-05
0.047132 9.9964E-05 9.9964E-05 0.0568696 0.288746 9.9964E-05 9.9964E-05 0.52465 0.0822019
9.9964E-05 0.0750963 9.9964E-05 0.279193 0.234433 9.9964E-05 0.0531596 0.357717 9.9964E-05
0.39998 9.9955E-05 0.0273112 9.9955E-05 9.9955E-05 9.9955E-05 0.553674 9.9955E-05 0.0185348
0.158378 0.0148255 0.0757294 0.0341701 9.9982E-05 0.0766114 0.524926 0.11516 9.9982E-05
9.9955E-05 0.024059 9.9955E-05 0.6637 9.9955E-05 0.0104722 0.301269 9.9955E-05 9.9955E-05
9.9964E-05 0.323532 0.0148706 0.313048 0.0547205 9.9964E-05 0.29343 9.9964E-05 9.9964E-05
0.0629279 0.0527066 9.9982E-05 0.365232 0.0976036 9.9982E-05 0.32096 0.0302655 0.0701043
0.445313 0.0495388 0.0376394 9.9973E-05 9.9973E-05 9.9973E-05 0.233147 0.0196999 0.214362
0.0967887 9.9991E-05 0.0540209 0.0693542 0.0174111 0.0204768 0.505993 0.12774 0.108115
0.500364 0.0800908 0.0333985 0.0546662 9.9982E-05 9.9982E-05 0.0669956 0.0324784 0.231806
0.186458 0.00161259 0.101074 9.9982E-05 9.9982E-05 0.0696693 0.587565 0.0466071 0.00681433
0.205833 0.051824 0.00615676 9.9982E-05 0.00372293 0.0579682 0.503445 9.9982E-05 0.170851
0.361786 0.0397686 0.087705 0.0824163 0.0202028 0.0345799 0.373341 9.9982E-05 9.9982E-05
0.424419 0.16899 0.109338 9.9973E-05 9.9973E-05 9.9973E-05 0.128876 0.0458557 0.122221
0.129155 0.0578664 0.132387 0.0195646 9.9982E-05 0.0139193 0.640225 0.0066838 9.9982E-05
0.0723827 0.0666517 0.0272006 0.0775581 0.0605282 9.9991E-05 0.521681 0.13019 0.0437082
0.0834345 0.0103645 9.9973E-05 0.163621 0.102232 0.167077 0.472971 9.9973E-05 9.9973E-05
9.9937E-05 9.9937E-05 9.9937E-05 0.967167 9.9937E-05 9.9937E-05 9.9937E-05 9.9937E-05 0.0321334
0.0432085 9.9955E-05 9.9955E-05 0.895059 9.9955E-05 0.00536496 0.0558678 9.9955E-05 9.9955E-05
9.9955E-05 9.9955E-05 0.164424 0.624669 0.0248997 9.9955E-05 0.185507 9.9955E-05 9.9955E-05
9.9946E-05 9.9946E-05 9.9946E-05 0.610875 9.9946E-05 9.9946E-05 0.372908 9.9946E-05 0.0156173
0.0401827 0.00317875 0.0132217 0.801584 0.0342969 9.9973E-05 0.107236 9.9973E-05 9.9973E-05
9.9937E-05 9.9937E-05 9.9937E-05 0.987662 9.9937E-05 9.9937E-05 9.9937E-05 0.0116388 9.9937E-05
9.9955E-05 0.0408597 9.9955E-05 0.942392 9.9955E-05 0.00695406 9.9955E-05 9.9955E-05 0.00929402
9.9955E-05 0.027033 9.9955E-05 0.844205 9.9955E-05 9.9955E-05 0.125031 9.9955E-05 0.00323114
9.9937E-05 9.9937E-05 0.0278089 0.971492 9.9937E-05 9.9937E-05 9.9937E-05 9.9937E-05 9.9937E-05
9.9937E-05 9.9937E-05 9.9937E-05 0.971705 9.9937E-05 9.9937E-05 9.9937E-05 9.9937E-05 0.0275958
9.9937E-05 9.9937E-05 9.9937E-05 0.983047 0.0162529 9.9937E-05 9.9937E-05 9.9937E-05 9.9937E-05
0.0297403 0.0433905 9.9973E-05 0.825782 0.0234147 9.9973E-05 0.0187335 9.9973E-05 0.0586394
9.9964E-05 9.9964E-05 9.9964E-05 0.719043 0.0359668 0.0308383 0.127798 0.0859543 9.9964E-05
9.9964E-05 0.0307344 0.0222919 0.929018 0.0121339 0.00542217 9.9964E-05 9.9964E-05 9.9964E-05
0.0849812 9.9991E-05 0.0749995 0.382467 0.0632369 0.0138537 0.322006 0.057417 0.000939499
0.0854283 9.9964E-05 0.0319837 0.652973 9.9964E-05 0.0459519 0.183263 9.9964E-05 9.9964E-05
0.00249562 9.9973E-05 0.00443253 0.707699 0.000748602 9.9973E-05 0.182379 0.101945 9.9973E-05
9.9955E-05 0.0324359 9.9955E-05 0.855624 0.038743 9.9955E-05 0.0726969 9.9955E-05 9.9955E-05
0.000742636 9.9964E-05 9.9964E-05 0.972043 9.9964E-05 0.0195162 0.00688888 9.9964E-05 0.000409265
9.9964E-05 0.00176694 9.9964E-05 0.882201 9.9964E-05 0.0107306 0.0768403 0.0280609 9.9964E-05
9.993E-05 9.993E-05 9.993E-05 0.999201 9.993E-05 9.993E-05 9.993E-05 9.993E-05 9.993E-05
0.0826028 9.9973E-05 0.024179 0.5862 0.0304689 9.9973E-05 0.260161 0.016088 9.9973E-05
9.9964E-05 0.0170265 0.0281496 0.896848 0.0314285 9.9964E-05 9.9964E-05 9.9964E-05 0.0261477
0.46639 9.9964E-05 0.00192346 9.9964E-05 0.17357 9.9964E-05 9.9964E-05 0.332303 0.0254145
0.208018 0.025568 0.100031 0.0796201 0.0490516 0.0852137 0.304675 0.147723 9.9991E-05
0.232703 9.9991E-05 0.0614299 0.0352504 0.130059 0.0373429 0.378261 0.113484 0.0113698
0.313453 9.9973E-05 0.0502811 0.0878497 0.0856915 9.9973E-05 0.147447 0.314978 9.9973E-05
0.216341 0.00928961 0.0342771 0.157575 0.00136909 0.0154619 0.415609 0.149978 9.9991E-05
0.348965 9.9982E-05 0.0792302 0.110752 0.195044 9.9982E-05 0.0813862 0.125653 0.0587684
0.0778332 0.066211 0.100381 9.9991E-05 0.18174 0.0353189 0.434212 0.103585 0.000620296
0.472334 9.9973E-05 0.0182151 0.207687 0.0644033 9.9973E-05 0.149703 0.0873565 9.9973E-05
0.172965 0.106138 9.9982E-05 0.106597 0.0872568 9.9982E-05 0.440416 0.0681134 0.0183152
0.346948 9.9964E-05 9.9964E-05 0.13376 0.0803096 9.9964E-05 0.332726 0.105856 9.9964E-05
0.03793 0.00140669 0.0770262 0.0808096 0.093889 0.0120624 0.57186 0.0502922 0.0747236
0.173992 0.083306 0.0203891 0.0965434 0.159762 0.0302021 0.353384 0.0823216 9.9991E-05
0.0922132 9.9955E-05 9.9955E-05 0.0351548 0.772333 0.0997991 9.9955E-05 9.9955E-05 9.9955E-05
9.9964E-05 9.9964E-05 9.9964E-05 0.0408452 0.879901 9.9964E-05 0.00864628 0.0561337 0.0140735
9.9955E-05 0.0215612 9.9955E-05 9.9955E-05 0.879438 0.0220939 9.9955E-05 0.0764076 9.9955E-05
9.9955E-05 9.9955E-05 9.9955E-05 9.9955E-05 0.887145 0.041889 0.0259794 0.0444865 9.9955E-05
9.9964E-05 0.0641892 9.9964E-05 0.00785685 0.857344 0.0185439 9.9964E-05 0.0516662 9.9964E-05
9.9964E-05 9.9964E-05 9.9964E-05 0.00698275 0.842675 9.9964E-05 0.00700117 0.108256 0.0346847
9.9946E-05 9.9946E-05 9.9946E-05 0.0446755 0.877406 9.9946E-05 0.0773183 9.9946E-05 9.9946E-05
9.9964E-05 9.9964E-05 0.0342358 9.9964E-05 0.800465 0.0217263 0.015628 0.127545 9.9964E-05
9.9973E-05 0.00352299 0.0125992 9.9973E-05 0.877295 9.9973E-05 0.0383863 0.0670742 0.000822652
9.9955E-05 9.9955E-05 9.9955E-05 0.0292938 0.758506 9.9955E-05 0.025348 0.186353 9.9955E-05
9.9973E-05 0.151838 0.0515711 0.00586448 0.604182 0.0898759 9.9973E-05 9.9973E-05 0.0963691
9.9964E-05 0.187244 0.0361747 9.9964E-05 0.527687 0.198867 9.9964E-05 0.0496279 9.9964E-05
0.0816127 0.213646 9.9973E-05 9.9973E-05 0.537911 0.0506027 9.9973E-05 0.00790721 0.10802
0.0058708 0.280431 0.0493038 9.9973E-05 0.505334 0.127516 9.9973E-05 9.9973E-05 0.0312444
0.00290896 0.153041 0.136906 9.9991E-05 0.0344086 0.0844451 0.517287 0.0271366 0.0437665
9.9973E-05 0.0800578 0.316948 0.0679842 0.0561726 9.9973E-05 0.414918 9.9973E-05 0.0636193
0.127841 0.144433 0.0620733 0.0464676 0.0511187 0.0169321 0.495423 9.9991E-05 0.0556113
0.0279352 0.040107 0.126841 0.026421 0.116284 0.05982 0.529306 0.023991 0.0492954
0.0584695 0.172993 0.206736 9.9973E-05 9.9973E-05 0.212831 0.341717 0.00695327 9.9973E-05
0.111216 0.450699 0.122945 0.0508321 9.9982E-05 0.245074 0.0177478 9.9982E-05 0.001286
0.0549324 9.9973E-05 0.180379 0.0471062 0.00346474 9.9973E-05 0.584491 9.9973E-05 0.129327
9.9964E-05 0.0759754 0.266329 9.9964E-05 9.9964E-05 0.0613771 0.594813 0.00110599 9.9964E-05
0.0625387 0.139336 0.32373 9.9964E-05 9.9964E-05 9.9964E-05 0.465762 0.00823326 9.9964E-05
0.0386995 9.9964E-05 0.550733 0.131656 9.9964E-05 0.0550715 0.22344 9.9964E-05 9.9964E-05
0.011579 9.9964E-05 0.187754 9.9964E-05 9.9964E-05 0.0656484 0.653306 0.0813133 9.9964E-05
9.9964E-05 0.032203 0.348201 9.9964E-05 9.9964E-05 0.158111 0.422611 9.9964E-05 0.0384737
9.9946E-05 9.9946E-05 0.68172 9.9946E-05 9.9946E-05 0.0847232 9.9946E-05 9.9946E-05 0.232957
9.9982E-05 0.276284 0.150252 0.00326075 0.0820467 9.9982E-05 0.414345 0.0463697 0.0272417
9.9964E-05 0.0223587 0.51505 9.9964E-05 9.9964E-05 9.9964E-05 0.253806 0.0675381 0.140848
9.9964E-05 9.9964E-05 0.396248 9.9964E-05 9.9964E-05 0.0109262 0.532817 0.0274776 0.0321309
9.9973E-05 0.156415 0.63364 9.9973E-05 0.0273123 0.113544 0.0432731 9.9973E-05 0.0255154
0.161231 9.9964E-05 9.9964E-05 9.9964E-05 0.108393 0.69701 0.0157643 0.0172016 9.9964E-05
0.216264 9.9964E-05 9.9964E-05 0.0229493 0.0337349 0.702448 0.0242044 9.9964E-05 9.9964E-05
0.20052 9.9946E-05 9.9946E-05 9.9946E-05 9.9946E-05 0.745841 9.9946E-05 9.9946E-05 0.0530393
0.169878 9.9955E-05 9.9955E-05 9.9955E-05 0.0453071 0.756153 9.9955E-05 9.9955E-05 0.0281627
0.23085 0.0221584 9.9973E-05 0.0167121 9.9973E-05 0.719392 0.00501866 9.9973E-05 0.00556887
0.147194 9.9973E-05 9.9973E-05 0.0126689 0.00790623 0.710246 0.0876999 9.9973E-05 0.0339853
9.9964E-05 9.9964E-05 9.9964E-05 0.0326536 0.871633 0.0143117 0.0741742 0.00682738 9.9964E-05
9.9973E-05 0.0867049 9.9973E-05 0.041631 0.783842 0.0437603 0.0349644 0.00879802 9.9973E-05
9.9964E-05 0.00826366 9.9964E-05 9.9964E-05 0.795507 0.00251699 0.180882 0.0124302 9.9964E-05
9.9964E-05 0.16442 9.9964E-05 0.0827834 0.724262 9.9964E-05 0.00634232 0.021793 9.9964E-05
0.044329 0.0426648 9.9982E-05 0.11794 0.754145 0.020777 0.000211681 0.0197321 9.9982E-05
0.114258 0.0314945 0.00920279 9.9973E-05 0.356507 0.454532 9.9973E-05 0.0337068 9.9973E-05
0.128606 9.9973E-05 0.0403509 9.9973E-05 0.440092 0.34676 9.9973E-05 0.0113224 0.0325693
9.9955E-05 9.9955E-05 0.07848 9.9955E-05 0.407485 0.429122 9.9955E-05 9.9955E-05 0.0844134
9.9955E-05 0.0129511 9.9955E-05 9.9955E-05 0.802149 0.0149693 0.169431 9.9955E-05 9.9955E-05
0.0737619 9.9973E-05 0.0537312 0.0212508 0.357165 0.478943 9.9973E-05 9.9973E-05 0.0148487
9.9964E-05 9.9964E-05 9.9964E-05 0.256588 0.116404 0.0426029 0.307495 0.27651 9.9964E-05
0.0513972 0.0160413 9.9982E-05 0.0892682 0.101066 0.0330239 0.61988 0.0891227 9.9982E-05
9.9955E-05 9.9955E-05 9.9955E-05 0.311924 0.158738 9.9955E-05 0.501707 0.0271311 9.9955E-05
0.0494137 9.9982E-05 0.0475029 0.117782 0.171075 0.0396106 0.387279 0.187137 9.9982E-05
9.9982E-05 0.0164484 9.9982E-05 0.195939 0.104231 0.0980309 0.524737 0.0424501 0.0179638
0.0618145 9.9964E-05 9.9964E-05 0.249167 0.28124 9.9964E-05 9.9964E-05 0.406374 0.00100447
0.0545851 0.191808 0.0885863 9.9982E-05 0.000134153 0.16391 0.391419 9.9982E-05 0.109357
9.9973E-05 0.0903881 0.0616099 9.9973E-05 9.9973E-05 0.150509 0.368054 0.167486 0.161654
9.9955E-05 0.622067 9.9955E-05 9.9955E-05 0.0864572 0.12369 0.167285 9.9955E-05 9.9955E-05
0.000667428 0.11848 0.1244 0.00165289 0.00665246 0.0829401 0.398062 0.00342052 0.263725
9.9964E-05 0.11949 0.188528 9.9964E-05 9.9964E-05 0.0840309 9.9964E-05 0.172499 0.435053
0.0300268 0.220607 0.0641636 0.00629833 0.104783 0.0225259 0.459425 0.0345551 0.0576158
0.0211679 0.264165 0.140534 9.9982E-05 9.9982E-05 0.0417855 0.420442 0.0165208 0.0951859
0.0687981 0.431083 0.0257332 9.9973E-05 0.0565751 0.122029 0.295482 9.9973E-05 9.9973E-05
0.14311 0.129213 0.0582043 0.0602406 0.0834898 0.0961729 0.420653 0.00881671 9.9991E-05
0.0373162 0.493022 0.139811 9.9973E-05 9.9973E-05 9.9973E-05 0.0129108 0.153046 0.163594
0.069145 0.199583 0.123551 0.0139796 9.9991E-05 0.0283361 0.415184 0.11254 0.0375813
0.07275 0.0989804 0.0624024 0.0377987 9.9991E-05 0.156478 0.467001 0.0182049 0.0862842
9.9973E-05 9.9973E-05 0.188629 0.165023 0.0143661 0.0861925 0.338342 0.207148 9.9973E-05
9.9964E-05 0.330448 0.0529321 9.9964E-05 9.9964E-05 0.105398 0.342585 9.9964E-05 0.168237
9.9982E-05 0.250203 0.08272 0.00739888 9.9982E-05 0.132613 0.411061 0.0181307 0.0976742
0.102094 0.175668 0.091748 0.0531844 0.021138 0.0557303 0.404637 9.9991E-05 0.0957003
0.0367775 0.054973 0.20377 9.9982E-05 9.9982E-05 0.0998748 0.472905 0.0484621 0.0830373
9.9973E-05 0.0646126 0.228735 0.062714 9.9973E-05 0.0736499 0.535118 0.03487 9.9973E-05
0.00596495 0.091434 0.101006 9.9991E-05 0.0343227 0.1288 0.56156 0.0361946 0.0406179
0.00457281 0.0871162 0.147512 0.00982629 9.9982E-05 0.109519 0.501006 0.140247 9.9982E-05
9.9955E-05 9.9955E-05 9.9955E-05 0.109049 0.75332 9.9955E-05 0.110306 9.9955E-05 0.026825
9.9964E-05 9.9964E-05 0.0265806 0.031424 0.844865 9.9964E-05 0.0558049 9.9964E-05 0.0409253
0.0232062 9.9991E-05 0.0753922 0.0376939 0.746298 0.0551933 0.0054725 0.0474129 0.00923141
9.9973E-05 9.9973E-05 0.0715318 0.0537845 0.786322 0.035779 0.0317308 9.9973E-05 0.0205516
0.0233037 9.9946E-05 9.9946E-05 9.9946E-05 0.828151 9.9946E-05 0.147946 9.9946E-05 9.9946E-05
9.9973E-05 0.574561 0.0386699 0.0367878 9.9973E-05 0.251503 0.0770139 0.0211647 9.9973E-05
9.9964E-05 0.194339 9.9964E-05 9.9964E-05 9.9964E-05 0.141513 0.505469 0.0758168 0.0824618
0.191413 9.9991E-05 0.0339954 0.154464 0.145152 0.00764894 0.368328 0.0979202 0.000978225
9.9964E-05 0.161009 9.9964E-05 0.0289903 9.9964E-05 0.132292 0.644306 9.9964E-05 0.0330023
9.9982E-05 0.127663 0.16515 0.0167906 0.00946192 0.161045 0.479383 0.0403063 9.9982E-05
9.9964E-05 0.236656 9.9964E-05 9.9964E-05 9.9964E-05 0.181925 0.256969 0.162028 0.162022
9.9973E-05 0.388382 0.0760983 9.9973E-05 0.0551406 0.3161 9.9973E-05 0.150209 0.01377
0.0345197 0.126266 0.00514817 9.9973E-05 9.9973E-05 0.259504 0.544303 0.0299587 9.9973E-05
0.00841991 0.370356 0.0143335 0.0081703 0.131738 0.223603 0.0799904 9.9991E-05 0.163289
9.9991E-05 0.00925911 0.143831 0.041635 0.0817369 0.247898 0.411518 0.0185832 0.0454394
9.9982E-05 0.406838 0.0153233 0.0428385 0.0983577 0.278589 0.0301992 9.9982E-05 0.127654
0.0205763 0.0286595 0.00593015 0.0383796 0.0307377 0.199347 0.634585 0.0156801 0.0261054
0.0440175 0.506797 0.0783119 9.9991E-05 0.0527965 0.236059 0.0412333 0.038363 0.00232136
0.086464 9.9991E-05 0.145961 0.14741 0.0374627 0.0750063 0.447223 0.0578545 0.00251882
0.0651333 0.202509 0.0921278 9.9991E-05 0.0230947 0.142368 0.309524 0.0790538 0.0860886
0.166331 0.0366572 0.051964 0.00418159 9.9991E-05 0.105465 0.464562 0.112377 0.0583616
0.512275 0.0656946 9.9982E-05 9.9982E-05 0.011101 0.063026 0.182894 0.0406784 0.124132
0.309882 0.088225 0.126193 0.06554 0.00183718 9.9982E-05 0.392946 0.0151772 9.9982E-05
0.0786611 0.0284599 9.9982E-05 9.9982E-05 0.0817723 0.0709613 0.60397 0.115802 0.0201743
0.514959 9.9973E-05 0.0560497 9.9973E-05 9.9973E-05 0.0391748 0.25661 0.0277091 0.105197
0.0781056 0.0592694 0.0806568 9.9991E-05 0.0192644 0.0517092 0.517501 0.14216 0.0512342
0.168446 0.126575 9.9973E-05 0.018111 9.9973E-05 0.135828 0.464616 9.9973E-05 0.0861242
0.274146 9.9973E-05 0.164251 9.9973E-05 9.9973E-05 0.000607271 0.456871 0.0127894 0.0910354
0.52516 0.0221174 0.118842 9.9973E-05 9.9973E-05 0.0803943 9.9973E-05 0.0280596 0.225127
0.614897 9.9964E-05 0.132695 9.9964E-05 9.9964E-05 9.9964E-05 0.144912 0.0734594 0.0336376
0.341087 0.0350016 0.0398895 9.9982E-05 0.0290556 0.0210211 0.436903 9.9982E-05 0.0968422
0.600851 0.0665145 0.161639 9.9982E-05 9.9982E-05 0.0425036 0.0555626 0.00316502 0.069565
0.280564 0.0408901 0.154591 9.9982E-05 9.9982E-05 0.0807987 0.352311 0.0701566 0.0204882
9.9964E-05 0.455947 0.140004 9.9964E-05 9.9964E-05 0.295331 0.0329331 0.0753852 9.9964E-05
9.9973E-05 0.299698 0.0307393 9.9973E-05 9.9973E-05 0.12355 0.199379 0.00967682 0.336656
9.9991E-05 0.286433 0.0705725 0.0108766 0.0150243 0.226578 0.327803 0.0205761 0.0420368
9.9982E-05 0.327762 0.00919147 0.0500631 0.0303861 0.0159673 0.546638 0.0197923 9.9982E-05
9.9964E-05 0.386904 0.217979 9.9964E-05 9.9964E-05 0.201937 0.184593 9.9964E-05 0.00818705
9.9991E-05 0.155846 0.0344457 0.043739 0.0205404 0.105363 0.441414 0.103545 0.0950057
0.0117852 9.9982E-05 0.080418 9.9982E-05 0.0830394 0.160808 0.610594 0.0442377 0.00891768
9.9973E-05 0.266711 9.9973E-05 0.00778239 9.9973E-05 0.130901 0.444166 0.0686863 0.0814535
0.0265296 0.243368 0.0630364 0.0793202 0.00269243 0.11119 0.387511 0.0424976 0.0438552
9.9964E-05 0.191157 0.198285 0.111542 9.9964E-05 0.204913 0.293703 9.9964E-05 9.9964E-05
9.9964E-05 0.482913 0.0803378 0.0866277 9.9964E-05 0.240999 0.108723 9.9964E-05 9.9964E-05
0.0252913 0.162965 0.131419 0.0912642 9.9982E-05 0.297507 0.274519 9.9982E-05 0.0168342
0.0184782 0.171406 9.9973E-05 0.0195438 9.9973E-05 0.168463 0.597754 9.9973E-05 0.0240558
0.013487 0.20479 0.110153 0.143775 9.9991E-05 0.0546328 0.413297 0.0312623 0.0285031
0.060856 0.15966 0.102272 9.9991E-05 0.0345576 0.134302 0.345634 0.0662368 0.0963816
9.9973E-05 0.0123299 9.9973E-05 0.0493616 9.9973E-05 0.206533 0.53596 0.0182227 0.177293
0.0247242 0.180432 0.0206894 0.0293944 0.044673 0.310684 0.319421 0.0698822 9.9991E-05
9.9955E-05 0.115669 9.9955E-05 9.9955E-05 9.9955E-05 0.135115 0.666381 0.0823347 9.9955E-05
0.0148276 0.214609 9.9982E-05 0.0221644 0.033834 0.132667 0.527392 9.9982E-05 0.0543055
9.9991E-05 0.0530898 0.169212 0.148865 0.0677745 0.139274 0.304512 0.079483 0.0376901
0.0769859 0.0592771 9.9973E-05 0.049142 0.32218 9.9973E-05 0.373786 0.118328 9.9973E-05
0.03342 0.0168471 0.0829659 0.143979 0.0407223 9.9991E-05 0.47345 0.194405 0.0141106
9.9982E-05 0.0388056 0.152437 0.0702487 0.154132 9.9982E-05 0.448357 0.0973401 0.0384799
9.9991E-05 0.0136268 0.0270864 0.109644 0.0520881 0.0432354 0.590043 0.0709208 0.0932551
9.9973E-05 0.027209 9.9973E-05 0.121211 0.0883245 9.9973E-05 0.490631 0.243017 0.0293073
0.0380098 0.209618 0.0614731 9.9982E-05 9.9982E-05 0.112086 0.387325 0.00074791 0.19054
9.9973E-05 9.9973E-05 0.0737405 9.9973E-05 0.11029 0.0323894 0.605476 0.159794 0.0180098
0.0569293 0.172472 0.100977 0.0541893 0.10181 9.9982E-05 9.9982E-05 0.452163 0.0612591
9.9982E-05 0.17043 9.9982E-05 0.0868271 0.0121235 0.0408025 0.490519 0.166718 0.0323808
0.0262618 0.0233731 0.0520969 0.14381 0.0714136 0.0460516 0.527955 0.0742868 0.0347512
9.9973E-05 0.170886 9.9973E-05 0.21316 9.9973E-05 0.00893515 0.430726 0.0928514 0.0831421
0.0419842 0.194765 0.0241853 0.0517757 0.0612831 9.9991E-05 0.319416 0.290488 0.0160028
0.0844727 0.118851 9.9973E-05 0.114794 0.110182 9.9973E-05 0.543339 0.0280624 9.9973E-05
9.9973E-05 9.9973E-05 9.9973E-05 0.158221 0.0922435 0.0494785 0.529413 0.121936 0.0484076
9.9964E-05 9.9964E-05 0.0496752 0.102699 0.339295 9.9964E-05 9.9964E-05 0.46543 0.0425013
0.0481226 0.0959582 9.9973E-05 0.21192 0.0889974 9.9973E-05 0.447757 0.106944 9.9973E-05
0.0282036 0.0607287 9.9991E-05 0.136259 0.105951 0.0316163 0.537409 0.0717542 0.0279779
0.0352624 0.0487252 9.9991E-05 0.12367 0.134826 0.0373028 0.489259 0.00337592 0.127479
9.9964E-05 0.00789432 9.9964E-05 0.124456 0.153432 9.9964E-05 0.601513 0.112304 9.9964E-05
9.9982E-05 0.0249437 0.0285205 0.0401639 0.132604 0.0656965 0.607981 0.0998905 9.9982E-05
9.9964E-05 9.9964E-05 9.9964E-05 0.0792753 0.0504697 0.0962549 0.40439 9.9964E-05 0.36921
9.9982E-05 9.9982E-05 0.0490078 0.0671521 0.027521 0.110624 0.449886 0.0207596 0.27485
0.0288204 0.119799 0.0388939 9.9955E-05 9.9955E-05 9.9955E-05 9.9955E-05 9.9955E-05 0.811987
0.00578892 0.0202876 9.9982E-05 9.9982E-05 0.0819533 0.0586854 0.563714 0.0696352 0.199735
0.0550555 0.0284852 0.0975183 0.0115391 0.0866561 0.107267 0.523094 9.9991E-05 0.0902848
9.99459E-05 9.99459E-05 9.99459E-05 9.99459E-05 0.0519768 0.0526466 9.99459E-05 9.99459E-05 0.894777
9.9982E-05 0.104451 0.0235174 0.089099 0.0143789 0.0380549 0.380429 9.9982E-05 0.34987
0.0202804 0.0664364 9.9991E-05 0.199591 0.0540521 0.00175791 0.472181 0.161703 0.0238986
9.9964E-05 9.9964E-05 9.9964E-05 0.291844 0.0215335 9.9964E-05 0.299481 0.203608 0.183133
9.9973E-05 9.9973E-05 9.9973E-05 0.144901 0.0873694 0.0274271 0.220896 0.362663 0.156443
9.9973E-05 0.0634086 9.9973E-05 0.156136 0.144741 9.9973E-05 0.399561 0.156491 0.079363
0.102335 0.0502544 9.9973E-05 0.150301 0.170756 9.9973E-05 0.433745 9.9973E-05 0.092308
0.0911208 9.9973E-05 9.9973E-05 0.0436888 0.0122435 9.9973E-05 0.0430629 0.236051 0.573533
9.9955E-05 9.9955E-05 9.9955E-05 9.9955E-05 0.0409189 9.9955E-05 0.199616 0.192002 0.566964
0.0260889 9.9964E-05 9.9964E-05 0.0925173 9.9964E-05 9.9964E-05 0.539567 0.0837216 0.257705
9.9955E-05 9.9955E-05 9.9955E-05 0.0464847 0.0552042 9.9955E-05 0.482434 9.9955E-05 0.415378
9.9973E-05 0.0131696 9.9973E-05 0.0250004 0.0270442 9.9973E-05 0.266928 0.143895 0.523663
0.0239187 0.0770803 0.0390826 0.056992 9.9991E-05 0.056723 0.476462 0.0594515 0.21019
0.0126037 0.00393486 9.9964E-05 0.113708 9.9964E-05 9.9964E-05 0.549322 9.9964E-05 0.320032
0.0685398 0.0943185 0.00828688 0.0998427 0.0334173 9.9991E-05 0.530506 0.0797348 0.0852536
9.9955E-05 0.102176 9.9955E-05 9.9955E-05 9.9955E-05 0.00418154 0.281413 9.9955E-05 0.611729
0.0518745 0.18328 0.0446822 0.0260085 9.9982E-05 9.9982E-05 0.265212 0.0383014 0.390442
0.0967136 9.9973E-05 0.101477 9.9973E-05 0.0414982 0.0687254 0.507706 9.9973E-05 0.18358
0.134604 0.108411 0.0610001 0.028182 0.063558 9.9982E-05 0.346131 9.9982E-05 0.257914
9.9973E-05 0.0338011 9.9973E-05 0.108189 0.144447 0.0470733 0.301331 9.9973E-05 0.364858
0.0231091 0.0961145 0.0968339 0.045301 0.0663093 0.119312 0.329912 0.0555616 0.167547
0.0564446 0.0992014 9.9973E-05 9.9973E-05 9.9973E-05 0.0597377 0.436983 0.0114176 0.335916
0.0120631 9.9955E-05 9.9955E-05 9.9955E-05 9.9955E-05 0.0947637 0.255527 9.9955E-05 0.637146
9.9973E-05 9.9973E-05 0.064177 0.00754284 0.0246089 9.9973E-05 0.523602 0.020147 0.359622
0.00593424 9.9982E-05 0.0743328 0.0675549 0.0819416 0.106562 0.481725 9.9982E-05 0.181749
9.9973E-05 0.0534217 0.0429613 0.00954615 9.9973E-05 0.0294273 0.206853 9.9973E-05 0.657491
0.00295783 0.00408055 9.9973E-05 9.9973E-05 0.00219912 0.0496469 0.447478 9.9973E-05 0.493338
9.9964E-05 9.9964E-05 0.0483938 9.9964E-05 0.0980707 0.0795346 0.552139 9.9964E-05 0.221462
0.0479524 0.158632 0.124855 9.9982E-05 0.015146 0.0193691 0.347489 9.9982E-05 0.286356
0.0451439 0.11247 9.9982E-05 0.170942 0.128705 9.9982E-05 0.464449 0.0121607 0.0659302
0.167903 0.10222 9.9982E-05 0.130546 0.123549 0.0383722 0.372695 9.9982E-05 0.0645139
0.109055 0.0297763 9.9991E-05 0.164978 0.125655 0.044332 0.356787 0.125159 0.0441596
0.0588212 9.9964E-05 9.9964E-05 0.178151 0.163606 9.9964E-05 0.462305 9.9964E-05 0.136717
0.159528 0.0958757 9.9991E-05 0.197079 0.139988 0.0213271 0.271733 0.0664827 0.0478868
0.0623748 0.0321959 0.129834 0.204899 0.0566269 0.150546 0.326397 0.0294063 0.00772058
9.9973E-05 9.9973E-05 9.9973E-05 0.108041 0.0652031 0.032075 0.511228 0.157265 0.125887
0.00557417 9.9964E-05 9.9964E-05 0.12664 0.195988 9.9964E-05 9.9964E-05 0.114594 0.556803
0.0428133 9.9982E-05 9.9982E-05 0.199751 0.0453185 0.0735024 0.544612 0.0814914 0.0123124
9.9955E-05 9.9955E-05 9.9955E-05 0.0900801 0.248075 9.9955E-05 9.9955E-05 0.317763 0.343582
0.00603439 9.9982E-05 0.00022488 0.169453 0.0152664 9.9982E-05 0.505699 0.0299153 0.273207
9.9955E-05 9.9955E-05 0.129399 9.9955E-05 9.9955E-05 9.9955E-05 0.0911797 0.00519707 0.773724
9.99459E-05 0.0878636 0.0292309 9.99459E-05 9.99459E-05 9.99459E-05 9.99459E-05 9.99459E-05 0.882306
9.9955E-05 0.0193535 0.0445177 9.9955E-05 9.9955E-05 9.9955E-05 0.434889 9.9955E-05 0.50074
9.9946E-05 9.9946E-05 9.9946E-05 0.0690668 9.9946E-05 9.9946E-05 0.525357 9.9946E-05 0.404976
0.0394352 0.0211217 9.9955E-05 9.9955E-05 9.9955E-05 9.9955E-05 0.405237 9.9955E-05 0.533707
9.9955E-05 9.9955E-05 0.073718 0.00499534 9.9955E-05 9.9955E-05 0.456577 9.9955E-05 0.46421
0.00943563 9.9946E-05 9.9946E-05 9.9946E-05 9.9946E-05 9.9946E-05 0.563463 9.9946E-05 0.426502
9.9973E-05 0.00608089 9.9973E-05 0.0152996 0.770292 9.9973E-05 0.0984275 0.0609148 0.0486854
0.0402607 0.0727181 9.9973E-05 0.0926693 0.739352 0.0372417 9.9973E-05 9.9973E-05 0.0174579
9.9955E-05 0.0223872 9.9955E-05 0.0573555 0.90906 9.9955E-05 9.9955E-05 0.0106976 9.9955E-05
9.9955E-05 9.9955E-05 9.9955E-05 9.9955E-05 0.871468 9.9955E-05 0.0546435 0.0475822 0.0258067
9.9982E-05 0.0474811 0.283744 0.00220825 0.0343313 0.0886832 0.540277 0.00307576 9.9982E-05
0.028806 0.101172 0.347643 0.126056 0.0359798 9.9973E-05 0.360042 9.9973E-05 9.9973E-05
9.9964E-05 0.086452 0.394705 9.9964E-05 0.0244105 9.9964E-05 0.439947 9.9964E-05 0.0540862
9.9964E-05 9.9964E-05 0.282254 9.9964E-05 0.0875119 9.9964E-05 0.52783 0.0646411 0.0373628
0.211627 0.174339 0.112852 0.00754755 0.0476569 0.0133599 0.432418 9.9982E-05 9.9982E-05
0.0396936 0.123004 0.562485 0.0242284 9.9982E-05 0.0553908 0.12456 9.9982E-05 0.0704375
9.9955E-05 0.0185849 0.353709 9.9955E-05 0.01584 9.9955E-05 0.611366 9.9955E-05 9.9955E-05
0.0751211 9.9964E-05 0.533155 9.9964E-05 9.9964E-05 9.9964E-05 0.271212 0.0620054 0.0581065
0.0166851 0.0918737 9.9982E-05 0.0972545 0.144577 9.9982E-05 0.48262 0.0757538 0.0910359
9.9964E-05 9.9964E-05 0.367937 0.0538263 9.9964E-05 0.0832832 0.385957 9.9964E-05 0.108596
0.00625692 0.0166231 0.524294 0.00510534 0.0240602 0.0875145 0.335946 9.9982E-05 9.9982E-05
0.0980015 0.127812 0.0814248 0.0246157 0.0561548 9.9991E-05 0.451533 0.112295 0.0480634
9.9964E-05 0.0948561 0.27605 0.0157898 9.9964E-05 9.9964E-05 0.574228 9.9964E-05 0.0386761
9.9973E-05 0.0572029 0.488051 9.9973E-05 0.00483295 0.00366856 0.42991 9.9973E-05 0.016035
9.9946E-05 9.9946E-05 0.383891 9.9946E-05 9.9946E-05 9.9946E-05 0.599162 9.9946E-05 0.0163472
0.00633269 0.083164 0.268353 9.9982E-05 0.0583396 0.0371527 0.534321 9.9982E-05 0.0121362
9.9946E-05 9.9946E-05 0.824529 9.9946E-05 9.9946E-05 9.9946E-05 0.0443617 9.9946E-05 0.130509
0.0933956 0.0670253 0.569715 0.0717931 0.0316194 9.9982E-05 0.164688 9.9982E-05 0.00156322
9.9955E-05 9.9955E-05 0.629667 0.00288171 9.9955E-05 0.0490911 0.31786 9.9955E-05 9.9955E-05
9.9946E-05 9.9946E-05 0.891533 9.9946E-05 9.9946E-05 9.9946E-05 9.9946E-05 0.0166473 0.0912204
0.0564711 0.171803 0.00673489 0.0838764 0.107505 9.9982E-05 0.534299 0.0391102 9.9982E-05
0.0333956 0.0702037 0.325161 9.9973E-05 9.9973E-05 0.0781477 0.413273 0.0795191 9.9973E-05
