0.05901 0.0263446 9.9973E-05 9.9973E-05 9.9973E-05 0.914346
9.9973E-05 9.9973E-05 9.9973E-05 0.0224574 0.0682811 0.908962
0.0409449 9.9982E-05 0.121863 9.9982E-05 0.00628157 0.830711
0.0940647 0.0581228 0.0272314 9.9982E-05 9.9982E-05 0.820381
9.999E-05 0.0381723 0.0360877 0.0327815 0.0288223 0.864036
0.0609262 0.0148447 0.087035 0.192518 0.0200376 0.624638
9.9964E-05 9.9964E-05 9.9964E-05 0.152722 9.9964E-05 0.846879
0.076824 0.0208165 0.0372897 0.164208 9.9991E-05 0.700762
0.0818722 9.9982E-05 9.9982E-05 0.102917 0.0115512 0.80346
0.00309505 0.0617033 0.106506 0.111907 9.9991E-05 0.716689
0.100989 0.00274264 0.0127462 0.167003 9.9991E-05 0.716418
0.493948 0.116931 0.162302 0.0368095 0.18991 9.9991E-05
0.314051 0.0752606 0.495289 9.9982E-05 0.115199 9.9982E-05
0.451525 0.0754066 0.238881 0.109392 0.118652 0.00614406
0.358368 0.194186 0.272848 0.105399 0.0595447 0.00965439
0.148344 0.127463 0.390213 0.135104 0.0940008 0.104875
0.124141 0.0667364 0.605087 0.0944501 0.0477523 0.0618339
0.295386 0.106646 0.419854 0.0611029 0.093054 0.0239572
0.25826 0.0801051 0.260755 9.9991E-05 0.25141 0.14937
0.65979 0.104265 9.9982E-05 0.129625 0.10612 9.9982E-05
0.278565 0.0976928 0.370329 0.117751 0.135563 9.9991E-05
0.160538 0.0371056 0.460328 0.245582 0.0963457 9.9991E-05
0.144515 0.00518183 0.511287 0.0257819 0.201939 0.111296
0.320121 0.133864 0.246036 0.107338 0.185187 0.00745492
0.0798995 0.0982778 0.60461 0.0857253 0.00167677 0.12981
0.213841 0.154102 0.498296 0.0974214 0.0362402 9.9991E-05
0.483393 0.131877 0.133279 0.0151567 0.197711 0.0385838
0.39196 0.177588 0.155646 0.0674553 0.186569 0.0207821
0.393009 0.0132841 0.25407 0.215515 0.12162 0.00250295
9.9973E-05 0.0790989 0.0919466 9.9973E-05 9.9973E-05 0.828655
9.9964E-05 9.9964E-05 0.160924 9.9964E-05 9.9964E-05 0.838676
9.9982E-05 0.0363666 0.128906 9.9982E-05 0.0110035 0.823524
9.9982E-05 0.074128 0.0851244 9.9982E-05 0.0778429 0.762705
0.0676037 0.0358877 0.511815 0.112682 0.26962 0.00239119
0.0478218 0.134468 0.441278 9.9991E-05 0.299118 0.0772143
0.0202073 0.0387405 0.527342 9.9991E-05 0.379579 0.0340314
0.611762 0.0648958 0.0594936 9.9991E-05 0.213029 0.0507194
0.000657305 0.0719011 0.201991 0.123226 0.550988 0.0512368
0.113886 9.9991E-05 0.464289 0.0184456 0.326907 0.0763731
9.9982E-05 9.9982E-05 0.654719 0.0937922 0.250584 0.000704489
0.0901024 9.9991E-05 0.59622 0.0983455 0.109064 0.106168
0.088114 9.9991E-05 0.662384 0.0984494 0.0813911 0.0695612
0.191042 9.9991E-05 0.139616 0.00208987 0.628283 0.0388684
9.9982E-05 0.0702495 0.58029 0.301784 0.047476 9.9982E-05
0.0237429 0.123808 0.53535 0.120522 0.194914 0.00166285
0.155802 0.107717 0.425911 0.0457472 0.178359 0.0864644
0.0164889 9.9991E-05 0.315449 0.0136562 0.633174 0.0211321
9.9973E-05 9.9973E-05 0.595653 9.9973E-05 0.317881 0.0861664
0.0621936 0.064763 0.548708 0.0701544 0.167641 0.0865404
9.9973E-05 9.9973E-05 9.9973E-05 0.298504 0.612393 0.088803
0.390668 0.0165525 0.121541 0.159717 0.311422 9.9991E-05
0.276978 0.0396852 0.0294259 0.414031 0.23978 9.9991E-05
0.23802 0.109972 0.545789 0.0440939 0.0620252 9.9991E-05
0.0515459 0.0289255 0.663197 0.135337 0.0633473 0.0576481
0.0348591 0.149624 0.534457 0.0762804 0.170985 0.0337949
0.335215 9.9991E-05 0.182121 0.220748 0.216231 0.0455857
0.199805 9.9982E-05 0.673763 0.122236 9.9982E-05 0.00399652
0.139051 0.098313 0.562562 0.11892 0.0397622 0.0413917
0.218563 0.0123199 0.382601 0.0711535 0.181151 0.134212
0.347461 9.9991E-05 0.133052 0.194428 0.095134 0.229824
0.0860928 0.0082192 0.589026 0.00587322 0.203852 0.106937
0.222238 0.093864 0.367823 0.0951976 0.139316 0.0815611
0.549052 9.9991E-05 0.0435575 0.177088 0.204844 0.0253583
0.22167 9.9982E-05 0.563806 0.131086 0.083238 9.9982E-05
0.0750408 0.0686401 0.603386 0.169834 0.0460023 0.0370974
0.222836 0.0282257 0.630728 0.0348992 0.0137602 0.0695506
0.21765 0.051686 0.319013 0.125181 0.230829 0.0556418
0.202713 0.0633868 0.407527 0.117122 0.20915 9.9991E-05
0.169822 0.0262228 0.63976 0.0756341 0.0538201 0.0347415
0.385338 9.9991E-05 0.224322 0.107674 0.230761 0.0518053
0.0369324 0.034652 0.462166 9.9982E-05 0.46605 9.9982E-05
0.105742 9.9982E-05 0.10534 9.9982E-05 0.761321 0.0273975
0.119728 0.110274 0.393693 9.9991E-05 0.334995 0.04121
0.024445 0.0592181 0.4651 0.0729644 0.259418 0.118854
9.9973E-05 9.9973E-05 9.9973E-05 0.103138 0.865234 0.0313282
0.0347218 9.9973E-05 9.9973E-05 0.126198 0.83878 9.9973E-05
9.9973E-05 0.00454985 0.164229 9.9973E-05 0.830921 9.9973E-05
0.0883872 9.9982E-05 0.349989 9.9982E-05 0.528164 0.0332597
0.0951354 0.00119163 0.503473 9.9991E-05 0.219928 0.180172
0.0276273 0.0811397 0.368866 0.0404504 0.481816 9.9991E-05
0.200457 9.9982E-05 0.0861532 9.9982E-05 0.656552 0.0566374
0.260136 9.9982E-05 0.229992 9.9982E-05 0.461114 0.0485575
0.0506747 0.0942197 0.469419 9.9991E-05 0.29097 0.0946171
0.0471435 0.0801202 0.187022 9.9991E-05 0.648688 0.0369269
0.030807 9.9982E-05 0.371996 9.9982E-05 0.520481 0.0765161
9.9973E-05 9.9973E-05 0.289967 0.0960307 0.613702 9.9973E-05
0.0154768 9.9982E-05 9.9982E-05 0.285386 0.692634 0.00630346
9.9982E-05 0.0777547 0.567032 9.9982E-05 0.350534 0.00447902
0.0537223 0.0356593 0.128359 9.9982E-05 9.9982E-05 0.782059
9.9964E-05 9.9964E-05 0.123046 9.9964E-05 9.9964E-05 0.876554
9.9982E-05 0.0346805 0.079057 9.9982E-05 0.00765736 0.878405
9.9991E-05 0.00348682 0.0448702 0.0115463 0.028857 0.91114
9.9973E-05 9.9973E-05 0.112388 9.9973E-05 0.00465409 0.882658
9.9973E-05 0.0337053 9.9973E-05 9.9973E-05 0.0621128 0.903882
0.00415045 0.0101068 0.0825376 9.9982E-05 9.9982E-05 0.903005
0.0474118 0.148006 0.401891 0.009125 0.361405 0.0321604
0.00247634 0.0655029 0.548113 0.0213977 0.253801 0.108709
0.0821454 9.9991E-05 0.0151401 0.016211 0.812134 0.0742695
0.0988678 0.0911872 0.416083 0.0109812 0.323301 0.0595794
0.055495 9.9982E-05 0.403738 9.9982E-05 0.487849 0.0527173
9.9991E-05 0.035862 0.558004 0.0616962 0.251517 0.0928213
9.9991E-05 0.00429147 0.575156 0.0660481 0.298721 0.0556834
9.9982E-05 0.118634 0.260854 9.9982E-05 0.591548 0.0287628
0.143395 9.9973E-05 9.9973E-05 9.9973E-05 0.790492 0.0658136
0.185601 0.0677312 0.388013 0.0646844 0.193086 0.100885
0.0264185 0.0111137 0.625979 9.9991E-05 0.231151 0.105237
0.0741225 0.0323608 0.641621 0.0601529 0.0921949 0.0995482
9.9982E-05 0.0504812 0.215793 0.19136 0.542166 9.9982E-05
9.9982E-05 0.0531761 0.444475 0.161138 0.341011 9.9982E-05
0.0988836 0.0401842 0.434124 0.0246287 0.385947 0.0162321
9.9973E-05 0.165965 0.123718 9.9973E-05 0.710017 9.9973E-05
0.174874 9.9982E-05 0.379329 9.9982E-05 0.400216 0.0453799
0.139976 0.077113 0.4705 0.0241909 0.229546 0.0586737
0.347804 0.0241423 0.287881 0.225792 0.111414 0.00296661
0.140437 0.0415503 0.532988 0.112118 9.9991E-05 0.172807
0.344909 0.0388263 0.384922 0.0609364 0.047412 0.122994
0.18293 0.0371037 0.553871 0.000334352 0.116891 0.108869
0.080542 0.0086159 0.617532 9.9991E-05 0.176343 0.116867
0.391775 9.9973E-05 0.561181 0.0467442 9.9973E-05 9.9973E-05
0.219143 0.0643732 0.551576 0.0600921 0.0992527 0.0055627
0.430971 0.0584166 0.463352 9.9991E-05 0.0351988 0.0119621
0.133534 9.9991E-05 0.540069 0.0491375 0.151226 0.125933
0.187911 0.0628022 0.472053 0.0188535 0.199141 0.0592402
0.111165 9.9991E-05 0.578398 0.0893674 0.164814 0.0561564
0.376834 9.9973E-05 0.565652 9.9973E-05 0.0572148 9.9973E-05
0.0968212 0.0217486 0.657186 0.205993 0.00209776 0.0161528
0.203104 0.0434823 0.575747 0.114383 0.0607268 0.00255695
0.257505 0.0731706 0.566788 0.031776 0.0706609 9.9991E-05
0.165801 0.0796728 0.533694 0.152828 9.9991E-05 0.0679049
0.231886 0.0280198 0.598559 0.084513 0.0300726 0.0269495
0.284151 9.9991E-05 0.430031 0.138304 0.0143054 0.133109
0.214997 0.0937612 0.635764 0.0552774 9.9982E-05 9.9982E-05
0.190138 9.9991E-05 0.698289 0.0534381 0.0568741 0.00116051
0.40553 0.034716 0.212791 0.0597241 0.287139 9.9991E-05
0.280641 0.0626904 0.170823 0.333547 0.152198 9.9991E-05
0.265626 0.0277019 0.591764 0.015332 0.0994758 9.9991E-05
0.31887 0.0181841 0.101725 0.330129 0.230992 9.9991E-05
0.427713 0.00610146 0.244688 0.109137 0.187897 0.0244633
0.360847 0.0266457 0.413758 0.0391716 0.159477 9.9991E-05
0.353558 9.9982E-05 0.315744 9.9982E-05 0.246635 0.0838638
0.498074 0.0254852 0.30387 9.9991E-05 0.164295 0.00817498
0.127655 9.9991E-05 0.638531 0.00483584 0.122432 0.106445
0.148417 0.121181 0.427025 0.0165973 0.184362 0.102419
0.236866 0.0357704 0.521008 0.132726 0.0735294 9.9991E-05
0.364404 0.04853 0.148659 0.271269 0.167038 9.9991E-05
0.149009 9.9991E-05 0.508527 0.00448532 0.155542 0.182336
0.0136641 0.046184 0.461406 0.255329 0.158409 0.0650069
0.12157 9.9991E-05 0.0101699 0.579692 0.177073 0.111394
9.9982E-05 9.9982E-05 0.651751 0.294567 0.0207063 0.032776
9.9982E-05 9.9982E-05 0.3793 0.315586 0.18342 0.121494
0.0560888 0.000728008 0.592183 0.215714 0.0704716 0.0648144
0.0543119 0.0272399 0.302651 0.48899 0.0803898 0.0464174
0.0788289 9.9991E-05 0.25413 0.563114 0.0567004 0.0471266
0.145442 0.0105154 0.424309 0.28653 0.133103 9.9991E-05
0.110705 0.0425747 0.560199 0.123141 0.0873069 0.0760738
0.0317059 0.0368209 0.293643 0.291476 0.2111 0.135254
0.0782875 0.0182577 0.432372 0.0840297 0.209731 0.177322
0.130383 0.138615 0.459747 0.0964006 9.9991E-05 0.174754
0.0868381 0.134571 9.9991E-05 0.467015 0.269677 0.0417996
0.0556893 0.0573205 0.50453 0.108242 0.177348 0.0968711
0.0925743 0.0883531 0.587779 0.0919883 0.0418365 0.0974688
0.135207 9.9982E-05 0.369534 0.366268 0.12879 9.9982E-05
0.0713932 9.9982E-05 0.448286 0.251137 0.228983 9.9982E-05
0.0631531 0.0406497 0.65678 0.0629601 0.0991577 0.0772998
9.9991E-05 0.160957 0.541075 0.119159 0.0647928 0.113917
9.9991E-05 0.289345 0.154614 0.256212 0.0212782 0.27845
9.9973E-05 0.134523 9.9973E-05 0.349763 9.9973E-05 0.515414
9.9973E-05 0.114515 9.9973E-05 0.471946 9.9973E-05 0.413239
0.0323868 0.338777 0.0458707 0.208837 9.9991E-05 0.374028
9.9982E-05 0.0184061 0.642905 0.28563 0.0528587 9.9982E-05
0.0765185 0.0321797 0.578026 0.197501 0.0568484 0.0589267
0.0173137 0.66062 0.28096 9.9982E-05 0.0409067 9.9982E-05
0.147762 0.395585 0.4272 9.9991E-05 0.0207571 0.00859565
0.121246 0.390313 0.428041 0.0182584 9.9991E-05 0.0420412
0.0372402 9.9991E-05 0.374701 0.531659 0.0502446 0.00605518
0.0289399 0.133426 0.427582 0.132241 0.236238 0.041572
0.00661171 9.9982E-05 0.250806 0.631377 0.111005 9.9982E-05
9.9982E-05 0.0245192 0.698879 0.192459 0.0839421 9.9982E-05
0.00819743 0.00709325 0.529305 0.313403 0.141901 9.9991E-05
0.0566388 0.0382601 0.579503 0.242947 0.082551 9.9991E-05
0.0971642 9.9982E-05 0.216359 0.551543 0.134734 9.9982E-05
0.0270592 0.0952039 0.565568 0.138753 0.165724 0.00769235
0.117869 0.0643926 0.52778 0.23345 9.9991E-05 0.0564081
0.113499 0.328387 0.381047 0.0892146 0.0752839 0.0125682
9.9973E-05 0.928236 0.0423032 9.9973E-05 0.0291604 9.9973E-05
0.0151632 0.925297 0.0352659 0.015611 0.0085627 9.9991E-05
0.0171361 0.613206 0.264547 9.9991E-05 0.0580394 0.0469714
9.9973E-05 0.626485 0.363509 9.9973E-05 9.9973E-05 0.00970654
0.0348966 0.822007 0.0930395 9.9991E-05 0.0220201 0.0279366
9.996E-05 0.9995 9.996E-05 9.996E-05 9.996E-05 9.996E-05
0.0417897 0.95781 9.9964E-05 9.9964E-05 9.9964E-05 9.9964E-05
9.9964E-05 0.853625 0.145975 9.9964E-05 9.9964E-05 9.9964E-05
0.0166663 0.982934 9.9964E-05 9.9964E-05 9.9964E-05 9.9964E-05
9.996E-05 0.9995 9.996E-05 9.996E-05 9.996E-05 9.996E-05
9.996E-05 0.9995 9.996E-05 9.996E-05 9.996E-05 9.996E-05
9.9973E-05 0.779954 0.182059 9.9973E-05 9.9973E-05 0.0376865
0.037399 0.751845 0.152768 9.9982E-05 9.9982E-05 0.0577882
0.000494654 0.991013 9.9973E-05 9.9973E-05 0.00819209 9.9973E-05
0.114888 0.480694 0.17369 9.9991E-05 0.182682 0.0479453
0.0782441 0.66397 0.154547 0.00271211 0.0759439 0.0245828
0.0233702 0.755744 0.174312 9.9982E-05 9.9982E-05 0.0463737
0.0334793 0.870164 0.0960567 9.9973E-05 9.9973E-05 9.9973E-05
0.00301859 0.992436 9.9982E-05 9.9982E-05 0.00239798 0.00194783
9.9991E-05 0.875807 0.0420833 0.0132887 0.0264747 0.0422458
9.996E-05 0.9995 9.996E-05 9.996E-05 9.996E-05 9.996E-05
0.0156547 0.605784 0.237326 0.0418694 0.0183502 0.0810157
0.0192327 0.92915 0.0342955 9.9991E-05 0.0136597 0.00356245
9.9973E-05 0.00307167 9.9973E-05 0.658645 9.9973E-05 0.337984
0.158974 0.0212653 0.420351 0.217141 9.9991E-05 0.182169
0.0189916 0.0379793 0.397167 0.313249 9.9991E-05 0.232513
9.9982E-05 0.133124 0.177128 0.472206 9.9982E-05 0.217342
0.0621633 0.143809 0.485983 0.158589 9.9991E-05 0.149355
9.9991E-05 0.117787 0.149874 0.403737 0.0681044 0.260397
0.0280672 0.0769245 0.506843 0.130146 0.110254 0.147765
9.9991E-05 0.212272 0.252969 0.294145 0.0754161 0.165097
9.9982E-05 0.141678 0.51972 0.214985 9.9982E-05 0.123417
9.9982E-05 0.160635 0.366888 0.356718 9.9982E-05 0.115559
0.020205 0.10139 0.505343 0.191371 0.10251 0.0791811
9.9982E-05 0.0918129 0.393416 0.319664 9.9982E-05 0.194906
0.0503051 9.9982E-05 0.0569506 0.0604018 9.9982E-05 0.832143
9.9982E-05 0.021054 0.0189363 0.0107265 9.9982E-05 0.949083
9.9973E-05 0.0117933 9.9973E-05 9.9973E-05 0.0364719 0.951435
0.0135241 9.9973E-05 0.0334816 9.9973E-05 9.9973E-05 0.952694
0.0756822 0.0161045 0.0370807 9.9982E-05 9.9982E-05 0.870933
9.9973E-05 0.0694137 9.9973E-05 0.0324909 9.9973E-05 0.897795
9.9973E-05 0.0418193 0.0714522 9.9973E-05 9.9973E-05 0.886429
0.0483752 9.9982E-05 0.0250587 0.057059 9.9982E-05 0.869307
9.9982E-05 9.9982E-05 0.0250425 0.0109405 0.0637531 0.900064
0.0349652 0.0501033 0.0149556 0.0192913 9.9991E-05 0.880585
0.262098 0.00679443 9.9991E-05 0.0332965 0.133321 0.56439
0.33849 9.9973E-05 9.9973E-05 9.9973E-05 0.0761258 0.585084
0.272783 9.9982E-05 9.9982E-05 0.119031 0.0593583 0.548628
0.347334 9.9982E-05 9.9982E-05 0.0478717 0.108818 0.495776
0.168468 0.00336252 0.528784 9.9991E-05 0.220338 0.0789472
0.101835 0.056881 0.509674 0.0350531 0.274221 0.0223357
0.11072 0.0506798 0.535896 0.0573592 0.245245 9.9991E-05
0.24177 0.0304274 0.479737 9.9991E-05 0.13574 0.112225
0.310453 9.9991E-05 0.399182 0.0431687 0.216495 0.0306008
0.597155 0.0436205 0.134697 0.0208458 0.203582 9.9991E-05
0.0417507 9.9982E-05 0.636867 9.9982E-05 0.222479 0.098703
0.0797829 0.0520612 0.515274 9.9982E-05 0.352682 9.9982E-05
0.080779 9.9982E-05 0.506462 0.121444 0.291115 9.9982E-05
9.9982E-05 0.0483304 0.268282 0.0294433 0.653745 9.9982E-05
0.052663 0.0492099 0.683978 0.144542 0.0603641 0.00924348
0.13526 0.0187174 0.379157 0.0487049 0.392202 0.025958
0.110856 9.9973E-05 9.9973E-05 0.182995 0.705849 9.9973E-05
0.175663 0.0618595 0.519545 9.9991E-05 0.181812 0.0610211
9.9973E-05 9.9973E-05 0.259286 0.261178 0.479236 9.9973E-05
0.0109178 9.9991E-05 0.553314 0.00431144 0.390801 0.0405556
0.207367 9.9982E-05 0.0432766 9.9982E-05 0.710599 0.0385573
0.791221 9.9973E-05 9.9973E-05 0.0978886 9.9973E-05 0.110591
0.750614 9.9982E-05 0.0554229 0.103893 9.9982E-05 0.0898699
0.823911 9.9973E-05 9.9973E-05 0.156241 9.9973E-05 0.0195485
0.786843 9.9982E-05 9.9982E-05 0.0520567 0.0567588 0.104141
0.83719 0.033229 0.0529271 0.0704015 9.9991E-05 0.0061525
0.74953 0.041194 0.0964751 0.0564074 9.9991E-05 0.0562938
9.9982E-05 0.0206261 0.0897871 9.9982E-05 0.0209569 0.86843
0.0655083 0.0021666 0.0529332 9.9982E-05 9.9982E-05 0.879192
9.9973E-05 0.0713317 0.176292 9.9973E-05 9.9973E-05 0.752077
0.0979553 0.070594 0.070933 9.9982E-05 9.9982E-05 0.760318
0.0407258 0.0531039 0.0860433 9.9982E-05 9.9982E-05 0.819927
0.50187 9.9973E-05 9.9973E-05 0.0917152 9.9973E-05 0.406115
0.381419 9.9982E-05 9.9982E-05 0.0889687 0.0473216 0.482091
0.433939 9.9982E-05 9.9982E-05 0.0564711 0.0616652 0.447725
0.0420371 9.9973E-05 0.138817 9.9973E-05 9.9973E-05 0.818846
0.499608 0.00374283 9.9991E-05 0.0398561 0.0447965 0.411897
9.9982E-05 0.397053 0.234712 0.131214 9.9982E-05 0.236822
0.0314803 0.155624 0.591071 0.068286 9.9991E-05 0.153438
9.9973E-05 0.25383 0.577986 9.9973E-05 9.9973E-05 0.167884
0.0396138 0.0922581 0.459544 0.0716862 0.0551801 0.281717
0.083741 0.14207 0.561331 0.0750319 0.0465654 0.0912601
9.9973E-05 0.355741 9.9973E-05 0.228377 9.9973E-05 0.415582
0.428101 9.9982E-05 0.406005 0.0767036 0.0889907 9.9982E-05
0.235299 9.9991E-05 0.372073 0.208903 0.162249 0.0213761
0.538093 0.0435266 0.292765 0.0223263 0.102945 0.000343837
0.188062 9.9982E-05 0.501229 0.171055 0.139453 9.9982E-05
0.178209 9.9973E-05 9.9973E-05 0.61771 0.203781 9.9973E-05
0.0931228 0.049932 0.52908 0.259817 0.0480201 0.0200284
0.197012 9.9982E-05 0.51302 0.17381 0.115958 9.9982E-05
0.41631 9.9991E-05 0.416529 0.0532398 0.110507 0.00331347
0.16396 0.0803281 0.45411 0.14227 0.10407 0.0552616
0.308368 9.9982E-05 0.149954 0.345396 0.196082 9.9982E-05
0.213529 9.9982E-05 0.444801 0.223029 0.118441 9.9982E-05
0.252843 0.0338486 0.534226 0.0056542 0.173327 9.9991E-05
0.0891482 0.179343 0.311253 0.0311079 0.244393 0.144756
0.277302 9.9982E-05 0.383598 0.18974 0.14916 9.9982E-05
0.300161 0.0253409 0.448693 0.0836649 0.140399 0.00174205
0.189479 0.0728076 0.496741 0.128855 0.112017 9.9991E-05
0.160786 0.0173915 0.553872 0.140663 0.127188 9.9991E-05
0.125514 0.0266888 0.707264 0.0272222 0.0772161 0.0360948
0.132739 0.0840039 0.456654 0.050754 0.156279 0.11957
0.211156 0.061617 0.552132 9.9991E-05 0.139974 0.0350209
9.9973E-05 0.107399 0.0964389 9.9973E-05 9.9973E-05 0.795862
9.9982E-05 0.0731634 0.0683416 9.9982E-05 0.00490726 0.853388
0.041393 9.9991E-05 0.0787238 0.0893997 0.0246687 0.765715
0.0309317 0.0456635 0.00418046 9.9991E-05 0.0908 0.828324
0.0183915 0.00949142 0.10154 0.00909555 9.9991E-05 0.861381
0.602558 0.026592 0.196515 0.0987858 0.0754491 9.9991E-05
0.137416 9.9991E-05 0.596056 0.152139 0.00947855 0.104811
0.00204102 0.23148 0.445529 0.152665 0.0338409 0.134444
0.166194 0.0545134 0.665677 0.113415 9.9982E-05 9.9982E-05
0.246605 9.9991E-05 0.627494 0.00959651 0.0735961 0.0426085
0.305099 0.0700551 0.328292 0.296354 9.9982E-05 9.9982E-05
0.547764 9.9982E-05 9.9982E-05 0.220655 0.131248 0.100134
0.31853 0.00265246 0.541482 0.0317618 0.099039 0.00653503
0.513624 0.0204851 0.152349 0.0200962 0.176455 0.116991
0.262473 0.0972818 0.401414 0.119641 0.11909 9.9991E-05
0.558317 9.9991E-05 0.0737971 0.0810655 0.156275 0.130446
0.24221 0.031725 0.633499 0.0110234 0.0136885 0.0678539
0.5594 0.0812858 0.133414 0.0550014 0.137865 0.0330333
0.16822 0.151655 0.432087 9.9991E-05 0.186162 0.0617757
0.356162 0.0235474 0.38332 0.152045 0.0848258 9.9991E-05
0.101308 9.9991E-05 0.514572 0.222714 0.122106 0.0391994
0.118775 9.9973E-05 0.3518 0.529125 9.9973E-05 9.9973E-05
9.9982E-05 9.9982E-05 0.52842 0.247082 0.133032 0.0912666
9.9991E-05 0.00114979 0.528754 0.158408 0.173116 0.138472
0.114756 9.9982E-05 0.372341 0.481125 0.031578 9.9982E-05
0.0427423 0.00409077 0.575878 0.115343 0.128506 0.13344
0.0640451 0.0192346 0.507221 0.164868 0.177867 0.0667646
0.0175901 9.9991E-05 0.538254 0.267126 0.127978 0.0489519
0.0943062 9.9982E-05 0.177019 0.622283 0.106191 9.9982E-05
9.9973E-05 9.9973E-05 0.325736 0.640168 0.0337958 9.9973E-05
0.0738217 9.9973E-05 0.551368 0.374511 9.9973E-05 9.9973E-05
0.0812635 9.9982E-05 0.232473 0.506086 0.179978 9.9982E-05
0.110585 9.9982E-05 0.47105 0.361952 0.0562123 9.9982E-05
0.616213 0.138523 9.9982E-05 0.017775 0.227289 9.9982E-05
0.353384 0.0747493 0.194462 0.237376 0.139929 9.9991E-05
0.434367 0.12934 0.241758 9.9991E-05 0.17647 0.0179646
0.238875 0.0791106 0.605563 0.0002785 0.0379571 0.038216
0.530077 0.0282297 0.204316 9.9982E-05 0.237177 9.9982E-05
0.174411 0.108118 0.410308 0.15767 0.124033 0.025461
0.271202 0.116782 0.531302 9.9991E-05 0.0442554 0.0363588
0.34113 0.0101724 0.511808 0.0866548 0.0501347 9.9991E-05
0.260369 0.185729 0.306622 0.000489431 0.24669 9.9991E-05
0.311823 0.105827 0.349634 9.9991E-05 0.201022 0.0315946
0.488999 0.180588 0.11217 9.9982E-05 0.218043 9.9982E-05
0.437684 0.127966 0.280644 0.074516 0.0790893 9.9991E-05
0.229795 0.11247 0.551736 0.0717469 0.0341514 9.9991E-05
0.161276 9.9991E-05 0.599875 0.0295816 0.0721665 0.137001
0.214575 9.9991E-05 0.444243 0.212262 0.118858 0.00996295
0.238725 0.127466 0.472269 0.0636447 0.097796 9.9991E-05
0.482648 0.00501402 0.404303 0.0758079 9.9991E-05 0.0321275
0.197216 0.00181208 0.582558 0.0441529 0.174161 9.9991E-05
0.271656 0.026772 0.604853 0.00327747 0.0526279 0.0408132
0.195012 0.122878 0.529314 0.0198586 0.0830594 0.0498788
9.9991E-05 0.110113 0.379469 0.0853804 0.0290223 0.395915
9.9991E-05 0.242115 0.381907 0.131219 0.121747 0.122912
0.0255319 0.186361 0.463803 0.171606 9.9991E-05 0.152598
0.0574194 0.148923 0.507428 9.9991E-05 0.169067 0.117062
9.9982E-05 0.252402 0.408551 9.9982E-05 0.159727 0.179121
0.178907 0.0368002 0.467719 0.186955 0.129519 9.9991E-05
9.9991E-05 0.111239 0.593657 0.0582065 0.054364 0.182433
9.9991E-05 0.127434 0.0085529 0.434599 0.16386 0.265454
0.103743 0.178736 0.532914 0.0733187 0.0368692 0.0744195
9.9991E-05 0.125357 0.506521 0.0236652 0.182704 0.161653
0.0726657 0.242409 0.502512 0.105949 0.0609408 0.0155236
0.0835065 0.150272 0.284705 0.21951 0.134674 0.127332
9.9991E-05 0.0933468 0.6119 0.0953107 0.00528525 0.194057
0.0115197 0.185496 0.500886 0.12381 9.9991E-05 0.178188
9.9973E-05 0.188179 9.9973E-05 0.332603 9.9973E-05 0.478919
0.0471822 0.216403 0.425622 0.0142905 0.11377 0.182732
9.9982E-05 0.238965 0.530668 0.0532508 9.9982E-05 0.176917
0.0803943 0.158861 0.541958 0.173829 9.9991E-05 0.0448579
9.9982E-05 0.161825 0.574845 0.089544 9.9982E-05 0.173586
0.0649888 0.159395 0.477382 0.0586384 0.0470674 0.192528
0.100949 0.0869767 0.478633 0.181367 0.151974 9.9991E-05
0.0763015 0.0174701 0.599717 0.209939 0.0249384 0.0716337
0.0924122 9.9982E-05 0.0645517 0.61788 0.224956 9.9982E-05
0.0641118 0.0844078 0.416247 0.03792 0.268401 0.128913
0.0502477 0.0468185 0.46008 9.9991E-05 0.258557 0.184197
0.0999066 9.9982E-05 0.040175 0.611408 0.24831 9.9982E-05
0.0191791 0.0684568 0.484321 0.221455 0.202653 0.00393579
0.0554832 0.337249 0.388893 0.137441 9.9991E-05 0.0808335
9.9991E-05 0.383188 0.337447 0.255405 0.00443369 0.0194255
0.0689461 0.329603 0.145554 0.344908 0.0196785 0.0913097
9.9982E-05 0.251287 0.378333 0.216342 9.9982E-05 0.153839
0.0576843 0.161267 0.474934 0.186222 9.9991E-05 0.119793
9.9991E-05 0.0417877 0.181211 0.640252 0.0678477 0.0688018
9.9991E-05 0.0883716 0.238296 0.570828 0.0657611 0.0366429
9.9991E-05 0.0718793 0.617243 0.215562 0.0711372 0.0240781
9.9991E-05 0.105048 0.49329 0.30555 0.0599723 0.0360393
0.0224825 0.0964658 0.276947 0.534263 0.038297 0.0315446
0.0885483 0.144181 0.50169 0.227194 0.0382866 9.9991E-05
0.101302 0.100511 0.547681 0.209428 0.0205963 0.0204809
0.0753747 0.102543 0.445192 0.108532 0.183968 0.0843904
0.0598379 9.9982E-05 0.386273 0.41636 0.137329 9.9982E-05
0.068817 0.0694289 0.280855 0.262019 0.307365 0.0115141
0.0549252 0.0747368 0.542594 0.262668 0.0539119 0.0111649
0.118685 0.0263362 0.382142 0.326224 0.133116 0.0134959
0.0145623 9.9982E-05 0.510831 0.332161 9.9982E-05 0.142245
0.108931 9.9991E-05 0.493912 0.193955 0.130156 0.072946
0.022937 9.9982E-05 0.496347 0.359858 0.120659 9.9982E-05
0.0529013 9.9982E-05 0.350051 0.425372 0.171476 9.9982E-05
9.9991E-05 0.0624808 0.529858 0.174011 0.219357 0.0141932
0.0949519 0.0759926 0.523036 0.152245 0.0695212 0.0842532
0.0381522 9.9982E-05 0.265279 0.408676 0.287693 9.9982E-05
0.0396892 9.9982E-05 0.436798 0.380672 0.14264 9.9982E-05
0.0337832 9.9991E-05 0.654159 0.0923903 0.0950197 0.124548
0.0227262 0.0706394 0.493695 0.19319 0.219649 9.9991E-05
0.0739546 0.138463 0.530167 0.081811 9.9991E-05 0.175505
0.0803576 0.123966 0.449475 0.166746 0.0315045 0.147951
0.0933085 0.348351 0.259318 0.137466 0.0399846 0.121572
0.176543 0.121838 0.537933 9.9991E-05 0.0305376 0.133048
0.0808558 0.216235 0.445867 0.144129 9.9991E-05 0.112813
0.066719 0.142358 0.400974 0.0638441 0.17137 0.154734
0.00850063 0.148701 0.436724 0.255543 0.0586088 0.091922
0.0502584 0.193594 9.9991E-05 0.554235 0.0942817 0.107531
0.0301462 0.178529 0.640632 0.0811458 9.9991E-05 0.0694468
9.9973E-05 0.163372 9.9973E-05 0.519137 9.9973E-05 0.317192
9.9982E-05 0.233892 0.525889 0.21981 0.0202094 9.9982E-05
9.9973E-05 9.9973E-05 0.123547 0.549458 0.326695 9.9973E-05
9.9973E-05 0.0190243 9.9973E-05 0.649011 0.331665 9.9973E-05
0.00643107 9.9982E-05 0.537523 0.268674 0.187172 9.9982E-05
9.9973E-05 9.9973E-05 0.637923 0.215656 0.146121 9.9973E-05
0.0248119 9.9982E-05 0.422415 0.358826 0.193747 9.9982E-05
0.0255555 9.9982E-05 0.480119 0.210303 0.283822 9.9982E-05
9.9973E-05 9.9973E-05 0.630534 0.296873 0.0722928 9.9973E-05
0.0213851 0.0581168 0.0898995 9.9991E-05 0.0391313 0.791367
0.171293 0.106787 9.9982E-05 9.9982E-05 0.00457819 0.717142
0.0671496 0.0553079 9.9973E-05 9.9973E-05 9.9973E-05 0.877243
9.9973E-05 9.9973E-05 0.0406808 0.00967612 9.9973E-05 0.949343
0.0822017 0.0142534 0.448035 0.0287693 0.360605 0.0661362
9.9982E-05 0.067857 0.436322 9.9982E-05 0.437711 0.0579097
0.0273211 9.9973E-05 0.426173 9.9973E-05 0.546206 9.9973E-05
0.11842 0.0012599 0.607833 9.9991E-05 0.153312 0.119075
0.0742115 0.0487323 0.467338 0.037272 0.263385 0.109062
0.0989414 9.9991E-05 0.232908 0.0344176 0.570116 0.0635171
9.9973E-05 0.0541784 0.505916 9.9973E-05 0.439606 9.9973E-05
9.9982E-05 9.9982E-05 0.324996 0.158154 0.512432 0.00421737
0.0208491 0.159614 0.487093 9.9991E-05 0.0307047 0.301639
0.00983423 0.106149 0.392778 0.136855 0.354284 9.9991E-05
0.115878 9.9973E-05 0.337694 9.9973E-05 0.546128 9.9973E-05
0.171955 0.0426411 0.538348 0.0648778 0.0754325 0.106745
9.9973E-05 9.9973E-05 0.516884 9.9973E-05 0.468853 0.0139622
0.0685103 9.9982E-05 0.356149 9.9982E-05 0.525973 0.0491672
9.9982E-05 0.0189184 0.535796 0.0353835 0.409702 9.9982E-05
9.9982E-05 0.0166868 0.47224 9.9982E-05 0.433306 0.0775671
9.9973E-05 9.9973E-05 0.0201166 0.0342555 0.945328 9.9973E-05
0.0144557 9.9991E-05 0.244926 0.0835705 0.623865 0.0330834
0.0305119 9.9991E-05 0.287201 0.0628671 0.588157 0.0311623
9.9964E-05 9.9964E-05 9.9964E-05 0.170375 0.829225 9.9964E-05
0.0274673 0.139137 0.446709 0.0330498 0.0970405 0.256596
0.110123 9.9982E-05 0.410638 9.9982E-05 0.419709 0.0593308
9.9973E-05 9.9973E-05 0.0880495 0.346059 0.565591 9.9973E-05
9.9964E-05 9.9964E-05 9.9964E-05 0.259884 0.739716 9.9964E-05
9.9982E-05 0.0476599 0.477523 9.9982E-05 0.433136 0.041481
0.150066 9.9982E-05 0.126204 9.9982E-05 0.683672 0.039858
0.0953067 0.0606072 0.41016 9.99838E-05 0.433726 9.99838E-05
9.9991E-05 0.0606123 0.458527 0.0555968 0.267638 0.157525
0.123174 0.022069 0.495817 0.00453629 0.354303 9.9991E-05
0.280304 0.0396267 0.296727 0.210787 0.172455 9.9991E-05
0.0775559 9.9982E-05 0.508103 9.9982E-05 0.409473 0.00466808
0.0855823 0.0332437 0.425207 9.9991E-05 0.412994 0.0428729
9.9964E-05 9.9964E-05 0.287101 9.9964E-05 0.712499 9.9964E-05
0.140827 0.0229352 0.527627 0.0819106 0.225249 0.00145144
0.281331 9.9982E-05 9.9982E-05 0.0474026 0.0155676 0.655499
0.126269 0.0173615 0.00398676 0.0188888 0.100662 0.732831
0.138689 9.9973E-05 9.9973E-05 0.0676298 9.9973E-05 0.793382
0.139693 9.9973E-05 9.9973E-05 0.0471262 9.9973E-05 0.812881
0.266283 9.9973E-05 0.00901974 9.9973E-05 9.9973E-05 0.724397
0.185681 0.0559584 0.00917208 9.9982E-05 0.748989 9.9982E-05
0.124929 9.9991E-05 0.0486917 0.0432076 0.728597 0.0544747
9.9982E-05 0.0209544 0.0669375 0.0854412 0.826467 9.9982E-05
9.9991E-05 0.0248337 0.56867 0.0303027 0.257115 0.118978
0.0383141 9.9991E-05 0.574056 0.0259764 0.179031 0.182522
9.9982E-05 0.0270592 0.295092 0.113939 0.56371 9.9982E-05
9.9973E-05 0.0888643 0.501322 9.9973E-05 0.409513 9.9973E-05
9.9991E-05 0.0727176 0.269426 0.0536621 0.564894 0.0392005
9.9991E-05 0.0452252 0.439112 0.0576203 0.305988 0.151955
0.0657609 9.9982E-05 0.53667 9.9982E-05 0.371511 0.0258585
0.0308313 0.00334153 0.545075 0.0466581 0.306807 0.0672876
0.150005 0.028172 0.198772 0.00804351 0.614907 9.9991E-05
0.0804465 9.9982E-05 0.287144 9.9982E-05 0.61996 0.0122487
0.157946 9.9973E-05 0.303842 9.9973E-05 0.537912 9.9973E-05
0.0289624 9.9991E-05 0.63999 0.226222 0.0059097 0.0988162
0.0459052 9.9982E-05 0.359911 9.9982E-05 0.5617 0.032284
0.031113 9.9991E-05 0.409384 0.0370698 0.469906 0.0524273
0.073183 0.413657 0.446827 9.9991E-05 0.0211247 0.0451089
9.9982E-05 0.396068 0.339052 9.9982E-05 0.0981179 0.166562
9.9991E-05 0.38411 0.443145 0.0418715 0.0214096 0.109364
9.9982E-05 0.503468 0.266814 0.0915456 9.9982E-05 0.137972
0.021886 0.241299 0.612165 0.0102798 9.9991E-05 0.11427
9.9982E-05 9.9982E-05 0.510623 0.130778 0.323279 0.0351199
9.9982E-05 0.639562 0.0262606 0.0688931 9.9982E-05 0.265084
9.9991E-05 0.450792 0.314363 0.0614419 0.00511863 0.168184
9.9991E-05 0.056618 0.442683 0.254656 0.126593 0.11935
0.0888965 9.9982E-05 0.573006 0.22779 9.9982E-05 0.110107
0.141374 9.9982E-05 0.488997 0.226626 9.9982E-05 0.142802
0.0164177 0.0824673 0.603437 0.209117 0.0198312 0.0687294
0.00268898 0.0316113 0.600552 0.136621 0.1604 0.0681261
9.9973E-05 0.4334 0.364167 9.9973E-05 9.9973E-05 0.202133
0.145039 0.305652 0.408476 9.9982E-05 9.9982E-05 0.140633
9.9973E-05 0.465474 0.410421 9.9973E-05 9.9973E-05 0.123804
0.12975 0.299947 0.298941 0.0270313 0.170324 0.0740071
0.00575278 0.48235 0.278678 0.0400028 0.0692954 0.123921
0.0213205 0.349218 0.438226 0.0690328 0.00822483 0.113979
9.9982E-05 0.604184 0.250956 0.0436191 9.9982E-05 0.101041
0.0872794 0.475795 0.333888 0.0261786 0.00392893 0.0729308
0.0113553 9.9991E-05 0.587887 0.339569 0.000426733 0.0606625
0.0875895 0.433133 0.276967 9.9991E-05 0.0558449 0.146365
9.9982E-05 0.651857 0.13583 0.044353 9.9982E-05 0.16776
0.0594337 0.316561 0.366305 0.0269799 0.103686 0.127034
0.238413 0.443999 0.217862 0.0203525 0.0792727 9.9991E-05
0.248558 9.9991E-05 0.206375 0.266088 0.142701 0.136179
0.0906206 0.0271974 0.620869 0.261113 9.9982E-05 9.9982E-05
0.058484 0.268021 0.430666 0.00291351 0.0296737 0.210242
0.06094 0.00603463 0.630649 0.176804 9.9991E-05 0.125473
0.119805 9.9991E-05 0.498323 0.146063 0.104458 0.131251
0.0488621 0.180717 0.327314 0.1135 0.132704 0.196903
0.0398373 0.324237 0.312724 0.163459 9.9991E-05 0.159643
0.074495 0.11832 0.627644 0.0800598 0.0283881 0.0710935
0.080194 0.360954 0.419689 0.07769 9.9991E-05 0.0613725
9.9991E-05 0.410898 0.35234 0.116375 0.0395389 0.0807486
9.9982E-05 0.409381 0.450918 0.04844 9.9982E-05 0.0910615
9.9982E-05 0.559628 0.204207 0.033518 9.9982E-05 0.202447
0.0084255 0.0254003 0.687178 0.17516 0.0229278 0.0809088
0.127887 9.9991E-05 0.517241 0.218335 0.0688436 0.0675942
9.9982E-05 0.0239723 0.277429 0.632139 9.9982E-05 0.0662595
9.9982E-05 9.9982E-05 0.640468 0.167195 0.0604634 0.131673
0.227798 0.0319518 0.448708 0.107603 0.132723 0.0512159
9.9991E-05 0.157212 0.483871 0.10322 0.0888423 0.166755
0.209316 0.176683 0.407684 0.1399 0.0351445 0.0312722
9.9973E-05 0.211936 9.9973E-05 0.522504 9.9973E-05 0.26526
9.9973E-05 0.101865 9.9973E-05 0.648708 9.9973E-05 0.249127
0.0666546 0.0618602 0.369608 0.353723 9.9991E-05 0.148054
9.9991E-05 0.204592 0.0279502 0.419101 0.0237727 0.324484
9.9973E-05 0.244972 9.9973E-05 0.33781 9.9973E-05 0.416919
0.0415087 0.159705 0.394662 0.324113 9.9991E-05 0.0799117
0.0126991 0.162705 0.408147 0.202988 9.9991E-05 0.213361
0.0309422 0.153866 0.22817 0.210613 0.0456658 0.330742
9.9982E-05 0.1637 0.109213 0.499518 9.9982E-05 0.22737
0.104684 0.126784 0.424402 0.160579 0.00150472 0.182047
9.9991E-05 0.127354 0.17307 0.448817 0.0392506 0.211409
9.9973E-05 0.0298264 9.9973E-05 0.552444 9.9973E-05 0.41743
0.129548 0.146312 0.511126 0.0760673 0.0134322 0.123514
9.9982E-05 0.201579 0.378192 0.244886 9.9982E-05 0.175143
0.0852745 0.201985 0.379424 9.9991E-05 0.0731835 0.260033
9.9973E-05 0.258853 0.541555 9.9973E-05 9.9973E-05 0.199292
9.9982E-05 0.147014 0.43216 9.9982E-05 0.176209 0.244417
9.9991E-05 0.178307 0.475272 0.0473639 0.0862808 0.212676
0.0328703 0.264828 0.457653 0.106234 9.9991E-05 0.138315
0.0294547 0.236556 0.336071 0.0431327 9.9991E-05 0.354685
0.0272708 0.124072 0.57754 9.9982E-05 9.9982E-05 0.270917
9.9991E-05 0.267142 0.441557 0.0145641 0.0636323 0.213005
0.0275788 0.149936 0.337403 0.0937105 0.0905887 0.300783
0.153394 0.195479 0.173937 9.9991E-05 0.307902 0.169188
0.0568315 0.111473 0.477455 0.000593292 0.128207 0.22544
0.0254538 0.123656 0.596646 0.0951672 0.0484162 0.110661
9.9991E-05 0.0527416 0.63341 0.088433 0.116455 0.10886
0.0494232 0.253984 0.318898 0.0726612 9.9991E-05 0.304933
0.00595005 0.226554 0.480521 0.131309 0.0407832 0.114884
9.9991E-05 0.203389 0.183304 0.176826 0.0271133 0.409268
0.0300829 0.175855 0.559554 0.0440321 0.0053567 0.185119
9.9991E-05 0.328025 0.22301 0.139902 0.0707871 0.238176
0.116237 0.0010659 9.9991E-05 0.0439977 0.04179 0.796809
0.779562 0.0304495 0.10509 0.0328277 9.9991E-05 0.0519713
0.960817 9.9964E-05 9.9964E-05 9.9964E-05 9.9964E-05 0.0387828
0.948406 9.9964E-05 9.9964E-05 9.9964E-05 9.9964E-05 0.0511941
0.945058 9.9973E-05 0.0276888 0.0269532 9.9973E-05 9.9973E-05
0.895951 0.00472248 0.0366423 9.9982E-05 9.9982E-05 0.0624845
0.910443 9.9973E-05 0.0826089 9.9973E-05 9.9973E-05 0.00664798
0.95029 9.9964E-05 9.9964E-05 9.9964E-05 9.9964E-05 0.04931
0.816899 9.9964E-05 9.9964E-05 9.9964E-05 9.9964E-05 0.182701
0.0200412 0.0495894 0.0458184 9.9991E-05 0.00917724 0.875274
0.108978 9.9982E-05 0.0539769 0.00105314 9.9982E-05 0.835792
9.9973E-05 0.0454024 9.9973E-05 9.9973E-05 0.0844309 0.869867
0.116471 9.9982E-05 0.046957 0.0499066 9.9982E-05 0.786466
0.025161 0.031694 0.000314 9.9991E-05 0.0499995 0.892732
0.0068628 0.00970429 9.9991E-05 0.051395 0.0242527 0.907685
0.0240057 0.13984 0.0233888 0.0648188 9.9991E-05 0.747847
9.9973E-05 0.125452 0.0270987 9.9973E-05 9.9973E-05 0.847149
0.10943 0.102323 9.9991E-05 0.0348732 0.00797022 0.745303
9.9964E-05 0.110358 9.9964E-05 9.9964E-05 9.9964E-05 0.889242
0.00724229 9.9964E-05 9.9964E-05 9.9964E-05 9.9964E-05 0.992358
0.0442763 0.0526731 0.059601 0.0232507 9.9991E-05 0.820099
0.00590008 9.9973E-05 0.0100441 9.9973E-05 9.9973E-05 0.983756
9.9982E-05 0.0358523 0.0529002 0.0209136 9.9982E-05 0.890134
0.00777511 0.00790173 0.0950142 9.9991E-05 0.00695183 0.882257
9.9973E-05 0.0654377 0.109132 9.9973E-05 9.9973E-05 0.825131
9.9973E-05 0.123284 0.12019 9.9973E-05 9.9973E-05 0.756226
9.9982E-05 0.0877482 0.126835 9.9982E-05 0.00918484 0.776032
9.9982E-05 0.0393191 0.081701 9.9982E-05 0.075344 0.803436
0.101285 0.0205175 0.440578 0.311601 0.0193004 0.106719
0.0353842 9.9991E-05 0.701147 0.203351 0.0451315 0.0148865
0.0994767 0.0641814 0.545511 0.0712201 0.148492 0.071118
9.9991E-05 0.0699957 0.125019 0.695327 0.0796064 0.0299522
0.0884769 9.9991E-05 0.604342 0.198875 0.00390292 0.104303
9.9973E-05 9.9973E-05 0.174271 0.760992 9.9973E-05 0.0644369
9.9973E-05 9.9973E-05 0.619288 0.261322 9.9973E-05 0.11909
0.143801 9.9991E-05 0.429546 0.213351 0.144718 0.0684843
0.0621237 9.9991E-05 0.591481 0.264236 0.0349194 0.0471397
0.0281266 0.0768428 0.440954 9.9991E-05 0.435119 0.0188583
0.152253 9.9991E-05 0.494356 0.238486 0.0238664 0.0909386
0.00326586 0.0263954 0.67192 0.204146 9.9991E-05 0.0941731
0.107178 9.9982E-05 0.657456 0.191598 9.9982E-05 0.0435684
0.458059 0.101922 9.9982E-05 0.169072 0.270747 9.9982E-05
0.104437 9.9964E-05 9.9964E-05 0.895163 9.9964E-05 9.9964E-05
0.0262599 9.9982E-05 0.225795 0.732366 9.9982E-05 0.015379
0.0450592 0.0127352 0.667115 0.238995 9.9991E-05 0.0359953
0.0344116 9.9982E-05 0.576042 0.308117 9.9982E-05 0.0812297
9.9982E-05 9.9982E-05 0.499233 0.29518 0.099039 0.106348
0.0364299 0.0839795 0.57059 0.145078 0.113751 0.0501719
0.00355627 0.11902 0.513012 0.107401 0.0459296 0.211082
0.07662 0.163861 0.499492 0.0474111 9.9991E-05 0.212516
0.078372 0.155265 0.135846 0.156363 0.0584397 0.415714
0.125896 9.9982E-05 0.618667 9.9982E-05 0.0594857 0.195751
0.0527045 0.209035 0.410015 0.120922 0.0371082 0.170215
9.9973E-05 0.152686 9.9973E-05 0.44868 9.9973E-05 0.398334
9.9991E-05 0.198064 0.314878 0.204618 0.0746007 0.20774
0.037825 0.129815 0.331441 0.0489605 0.0765964 0.375362
0.147159 0.0975095 0.410071 9.9991E-05 0.0145241 0.330637
0.118112 0.1925 0.46682 0.0818302 0.00725686 0.133481
9.9991E-05 0.123328 0.554651 0.0751283 0.027935 0.218858
0.0272323 0.152808 0.627787 0.0663282 9.9991E-05 0.125744
9.9991E-05 0.156162 0.364221 0.156587 0.14071 0.182221
9.9982E-05 0.0927568 0.344341 9.9982E-05 0.0695485 0.493154
