9.9991E-05 0.895953 0.103947
9.999E-05 0.947023 0.0528767
0.015424 0.822092 0.162484
9.999E-05 0.811018 0.188882
9.9991E-05 0.83471 0.16519
0.201728 0.67757 0.120701
0.0154078 0.915134 0.069458
0.167015 0.798363 0.0346221
0.0841191 0.915781 9.9991E-05
0.0981842 0.741297 0.160519
0.160644 0.804342 0.0350144
0.736113 0.0822595 0.181627
0.602304 0.0256214 0.372074
0.65962 0.153998 0.186383
0.588571 0.0771316 0.334298
0.453972 0.177676 0.368353
0.50607 0.0599293 0.434001
0.633845 0.0309826 0.335172
0.55143 0.172752 0.275818
0.773055 0.226845 9.9991E-05
0.629177 0.0777609 0.293062
0.666145 0.00841971 0.325435
0.663476 0.0158005 0.320724
0.660649 0.102429 0.236922
0.454839 0.07213 0.473031
0.539707 0.0950357 0.365258
0.721905 0.154643 0.123452
0.631998 0.130127 0.237875
0.760894 0.117157 0.121949
9.9991E-05 0.81613 0.18377
9.9991E-05 0.779121 0.220779
9.9991E-05 0.785522 0.214378
0.0123755 0.747844 0.23978
0.694377 9.9991E-05 0.305523
0.566425 0.0734012 0.360174
0.661219 9.9991E-05 0.338681
0.756507 0.243393 9.9991E-05
0.733524 0.0414139 0.225062
0.602354 9.9991E-05 0.397546
0.54319 9.9991E-05 0.45671
0.548191 0.0941233 0.357685
0.498515 0.0273599 0.474125
0.88919 0.0772198 0.0335903
0.549114 0.0153146 0.435572
0.569361 0.00955329 0.421086
0.422568 0.120867 0.456565
0.837018 9.9991E-05 0.162882
0.560365 9.9991E-05 0.439535
0.557594 0.092343 0.350063
0.806503 0.193397 9.9991E-05
0.881213 0.0784361 0.0403512
0.846573 0.153327 9.9991E-05
0.593768 0.0685082 0.337724
0.463231 0.0580456 0.478723
0.536109 9.9991E-05 0.463791
0.758749 0.228902 0.0123489
0.645479 0.0369098 0.317611
0.497144 9.9991E-05 0.502756
0.606406 0.186116 0.207478
0.620288 0.320454 0.0592579
0.634132 9.9991E-05 0.365768
0.62368 0.0913513 0.284969
0.792054 0.207846 9.9991E-05
0.704986 0.0274708 0.267543
0.529763 9.9991E-05 0.470137
0.526591 0.0234675 0.449941
0.66338 0.115284 0.221336
0.63688 0.0180747 0.345046
0.518202 0.0345336 0.447265
0.826155 0.137402 0.0364435
0.730065 9.9991E-05 0.269835
0.922417 9.9991E-05 0.0774834
0.648143 0.0138625 0.337994
0.511094 0.107826 0.38108
0.918802 0.0810978 9.9991E-05
0.968498 0.0314018 9.9991E-05
0.865768 9.9991E-05 0.134132
0.711707 9.9991E-05 0.288193
0.554992 0.0442261 0.400782
0.6918 9.9991E-05 0.3081
0.807455 0.0482899 0.144255
0.79221 0.0827805 0.125009
0.571507 0.00114777 0.427345
0.801571 0.0259546 0.172474
0.713257 0.0237653 0.262978
0.795234 9.9991E-05 0.204666
0.907796 0.0921045 9.9991E-05
0.615405 0.0185834 0.366012
9.9991E-05 0.814242 0.185658
9.9991E-05 0.866382 0.133518
9.9991E-05 0.84346 0.15644
9.9991E-05 0.859428 0.140472
9.9991E-05 0.852161 0.147739
9.9991E-05 0.907947 0.0919526
9.9991E-05 0.876616 0.123284
0.597266 0.025355 0.377379
0.505198 0.0376042 0.457198
0.934745 0.0651548 9.9991E-05
0.515925 9.9991E-05 0.483975
0.723832 0.0117056 0.264463
0.602209 0.00677079 0.391021
0.663005 0.017567 0.319428
0.66425 9.9991E-05 0.33565
0.88898 0.11092 9.9991E-05
0.455166 0.0975141 0.44732
0.603947 0.0112385 0.384815
0.545371 0.0475436 0.407085
0.810356 9.9991E-05 0.189544
0.741755 9.9991E-05 0.258145
0.737662 9.9991E-05 0.262238
0.745773 9.9991E-05 0.254127
0.700406 0.00229377 0.2973
0.566436 0.0536714 0.379893
0.697946 0.160526 0.141528
0.530959 0.0760929 0.392948
0.585049 0.167369 0.247581
0.482874 0.126344 0.390782
0.578692 0.0285823 0.392725
0.658679 0.087116 0.254205
0.601423 0.0221253 0.376452
0.665579 0.02553 0.308891
0.604639 0.108233 0.287128
0.580169 0.0119947 0.407836
0.59977 0.00600427 0.394226
0.754766 0.0289953 0.216238
0.504781 0.0479718 0.447247
0.55508 0.0401209 0.4048
0.632267 9.9991E-05 0.367633
0.519717 0.0743167 0.405966
0.589772 9.9991E-05 0.410128
0.645028 0.150313 0.20466
0.592108 0.000495484 0.407396
0.527638 9.9991E-05 0.472262
0.700912 0.100215 0.198873
0.754733 0.128439 0.116828
0.615051 0.0212292 0.36372
0.867518 0.0989427 0.033539
0.730982 0.148561 0.120457
0.73891 0.0449569 0.216133
0.780306 0.135239 0.0844554
0.797282 0.0899007 0.112817
0.5695 9.9991E-05 0.4304
0.566504 0.0173974 0.416099
0.577914 0.0524753 0.369611
0.785573 0.158359 0.0560676
0.539864 0.100307 0.359829
0.658582 0.0210276 0.32039
0.678019 0.321881 9.9991E-05
0.518261 0.0566489 0.42509
0.596447 0.125331 0.278222
0.55482 0.076015 0.369165
0.629082 0.18714 0.183778
0.773022 0.175819 0.0511593
0.683048 0.0575503 0.259402
0.626344 0.083404 0.290252
0.586969 0.122625 0.290406
0.531939 0.11212 0.355941
0.333688 0.190108 0.476204
0.691275 0.194553 0.114172
0.501096 0.0724543 0.42645
0.514293 9.9991E-05 0.485607
0.850828 9.9991E-05 0.149072
0.700209 9.9991E-05 0.299691
0.600544 0.0232506 0.376205
0.446781 0.110983 0.442236
0.251904 0.359968 0.388128
0.0853794 0.746236 0.168385
0.19417 0.688538 0.117292
0.100388 0.482724 0.416888
0.612288 9.9991E-05 0.387612
0.471002 0.0640824 0.464916
0.122197 9.9991E-05 0.877703
0.30004 0.0556004 0.64436
0.243817 0.0785579 0.677625
0.768992 0.0642257 0.166782
0.551471 0.0377421 0.410786
0.759777 0.141883 0.0983402
0.641812 0.00512476 0.353064
0.738172 0.0131947 0.248634
0.603043 9.9991E-05 0.396858
0.779318 0.112934 0.107748
0.535948 9.9991E-05 0.463952
0.601928 0.0537086 0.344364
0.459793 0.0482046 0.492003
9.9991E-05 0.0249316 0.974968
9.9991E-05 0.0481429 0.951757
0.193994 0.0856549 0.720351
0.0680628 0.0315919 0.900345
0.00840385 0.0620761 0.92952
9.9991E-05 0.0800696 0.91983
9.9991E-05 0.0918804 0.90802
9.999E-05 9.999E-05 0.9998
9.9991E-05 0.0402122 0.959688
9.9991E-05 0.0730439 0.926856
9.9991E-05 0.0607251 0.939175
0.0194638 0.112755 0.867781
9.9991E-05 0.124274 0.875626
9.9991E-05 0.0834293 0.916471
0.224969 0.120884 0.654148
0.130542 0.0447846 0.824673
0.035502 0.0872816 0.877216
9.9991E-05 0.109671 0.890229
9.9991E-05 0.0305073 0.969393
9.9991E-05 0.118061 0.881839
9.9991E-05 0.0528904 0.94701
0.175295 0.082353 0.742352
9.9991E-05 0.0970407 0.902859
0.42965 0.543472 0.0268778
0.488548 0.177765 0.333687
0.421136 0.22446 0.354404
0.459632 0.353424 0.186944
0.446406 0.107279 0.446315
0.369684 0.38552 0.244795
0.532357 0.133055 0.334589
0.397597 0.160177 0.442226
0.403874 0.147346 0.448779
0.380803 0.21993 0.399267
0.414797 0.0725114 0.512692
0.43809 0.170813 0.391097
0.0434701 0.876698 0.0798317
9.9991E-05 0.899259 0.100641
9.9991E-05 0.942042 0.0578576
9.9991E-05 0.925289 0.0746111
9.9991E-05 0.893551 0.106349
9.9991E-05 0.881124 0.118776
9.9991E-05 0.875501 0.124399
0.0177621 0.894855 0.0873834
9.9991E-05 0.91612 0.0837799
9.9991E-05 0.842355 0.157545
0.280492 0.719408 9.9991E-05
0.296976 0.702924 9.9991E-05
0.34934 0.65056 9.9991E-05
0.392635 0.607265 9.9991E-05
0.660747 0.035746 0.303507
0.666844 9.9991E-05 0.333056
0.711284 9.9991E-05 0.288616
0.548851 0.0563319 0.394817
0.813906 0.0369112 0.149182
0.830494 0.112542 0.0569633
0.54773 9.9991E-05 0.45217
0.650326 9.9991E-05 0.349574
0.716005 9.9991E-05 0.283895
0.750275 9.9991E-05 0.249625
0.625523 9.9991E-05 0.374377
0.772938 9.9991E-05 0.226962
0.974952 0.0249477 9.9991E-05
0.608632 0.0496933 0.341675
0.838579 0.00514094 0.15628
0.685715 9.9991E-05 0.314185
0.899571 0.0881917 0.0122373
0.629718 0.370182 9.9991E-05
0.680295 0.319605 9.9991E-05
0.731941 0.267959 9.9991E-05
0.672758 0.327142 9.9991E-05
0.782356 0.217544 9.9991E-05
0.714009 0.278416 0.00757536
9.9991E-05 0.862291 0.137609
9.9991E-05 0.831863 0.168037
9.9991E-05 0.75454 0.24536
0.0382415 0.783756 0.178002
9.9991E-05 0.797185 0.202715
0.475399 0.524501 9.9991E-05
0.386849 0.613051 9.9991E-05
0.393098 0.606802 9.9991E-05
9.9991E-05 0.798594 0.201306
0.454002 0.545898 9.9991E-05
0.150151 0.280706 0.569143
0.386383 0.0568866 0.55673
0.147222 0.151682 0.701096
0.275561 0.243734 0.480705
0.319562 0.187804 0.492634
0.0578983 0.62543 0.316672
0.735445 0.0629167 0.201638
0.815265 0.0564625 0.128273
0.675466 0.201092 0.123442
0.732588 9.9991E-05 0.267312
0.901775 0.0981248 9.9991E-05
0.578526 0.0467253 0.374749
0.734657 0.0154007 0.249942
0.724677 0.151211 0.124112
0.614709 0.0537255 0.331566
0.86552 0.121692 0.0127883
0.726631 9.9991E-05 0.273269
0.651001 9.9991E-05 0.348899
0.42742 0.128318 0.444262
0.777265 9.9991E-05 0.222635
0.679918 0.0749625 0.24512
0.655532 0.0148314 0.329637
0.653861 9.9991E-05 0.346039
0.552488 9.9991E-05 0.447412
0.505362 0.122917 0.371721
0.492101 0.0827137 0.425185
9.9991E-05 0.743096 0.256804
9.9991E-05 0.833772 0.166128
0.113708 0.7888 0.0974912
0.0392982 0.829317 0.131385
9.9991E-05 0.80938 0.19052
0.772798 0.155419 0.0717834
0.572873 0.0955266 0.3316
0.332107 0.250746 0.417147
0.55045 9.9991E-05 0.44945
0.633571 0.00694353 0.359486
0.650827 0.141013 0.20816
0.73002 0.26988 9.9991E-05
0.685754 0.0101146 0.304131
0.725791 0.222777 0.0514319
0.697054 9.9991E-05 0.302846
0.726137 0.273763 9.9991E-05
0.532699 0.0425938 0.424707
0.694644 0.193189 0.112167
0.461938 0.101378 0.436684
0.696348 0.0593498 0.244303
0.531713 0.136966 0.331321
0.749229 0.0765977 0.174173
0.572188 0.0673063 0.360506
0.558801 0.153324 0.287875
0.784649 0.0519542 0.163397
0.467115 0.129019 0.403866
0.613648 0.0746407 0.311711
0.676471 0.0315016 0.292028
0.910167 0.0897329 9.9991E-05
0.818905 0.0546862 0.126409
0.651863 0.00889276 0.339245
0.876735 0.121872 0.00139273
0.715168 0.0235136 0.261319
0.830879 0.169021 9.9991E-05
0.837976 9.9991E-05 0.161924
0.716815 0.0785561 0.204629
0.575158 0.00503022 0.419812
0.879391 0.0283017 0.0923074
0.512853 0.0410695 0.446078
0.559352 0.105846 0.334802
0.564129 0.0288077 0.407063
0.615526 0.0154667 0.369007
0.659701 0.0392085 0.30109
0.777665 0.0767942 0.145541
0.712643 0.0595134 0.227844
0.653915 9.9991E-05 0.345985
0.519648 0.0456685 0.434684
0.709718 0.0348012 0.25548
0.613094 9.9991E-05 0.386806
0.66053 0.14776 0.191711
0.575248 9.9991E-05 0.424652
0.557077 0.0608019 0.382121
0.472152 0.0672329 0.460615
0.241586 0.323346 0.435068
0.352633 0.0961942 0.551173
0.430596 0.0735255 0.495879
0.509693 0.00149983 0.488807
0.287539 0.210572 0.50189
0.711296 9.9991E-05 0.288604
0.403368 0.161299 0.435333
0.482344 0.378073 0.139583
0.458362 0.0571685 0.484469
0.446446 0.105363 0.448191
0.446907 0.0567769 0.496316
0.456962 0.200986 0.342052
0.285329 0.16751 0.547161
0.265603 0.135851 0.598546
0.174452 0.671426 0.154122
0.385478 0.146659 0.467863
0.318593 0.123235 0.558172
0.457856 0.0530736 0.48907
0.224533 0.17523 0.600237
0.41571 0.0884754 0.495815
0.597558 0.0107146 0.391728
0.548676 0.0931413 0.358183
0.985713 0.0141871 9.9991E-05
0.58788 0.0550447 0.357075
0.613037 0.0372984 0.349665
0.916121 0.0837789 9.9991E-05
0.647707 9.9991E-05 0.352193
0.274419 0.081605 0.643976
0.292483 0.101307 0.606211
0.282649 0.287005 0.430346
0.258294 0.242329 0.499377
0.461911 0.0625857 0.475504
0.623176 0.225745 0.151079
0.551875 0.222513 0.225612
0.522872 9.9991E-05 0.477028
0.530553 0.0536468 0.4158
0.629786 0.123957 0.246257
0.500535 9.9991E-05 0.499365
0.502761 9.9991E-05 0.497139
0.479939 0.0943272 0.425734
0.84673 0.0106634 0.142607
0.684236 0.0320473 0.283717
0.63155 0.00780755 0.360642
0.681102 0.0198391 0.299059
0.507756 0.134218 0.358026
0.54536 0.0380271 0.416613
0.715177 9.9991E-05 0.284723
0.825069 0.0323494 0.142582
0.602978 9.9991E-05 0.396923
0.497377 0.104186 0.398437
0.86342 9.9991E-05 0.13648
0.698484 0.0253397 0.276176
0.598663 0.0107728 0.390564
0.632235 9.9991E-05 0.367665
0.356759 0.155029 0.488211
0.363 0.17762 0.45938
0.349489 0.150635 0.499876
0.473079 0.193951 0.33297
0.342413 0.240218 0.417369
0.408304 0.0838578 0.507838
0.348244 0.191613 0.460142
0.54115 0.336375 0.122475
0.342814 0.0204608 0.636725
0.27804 0.575144 0.146816
0.401978 0.0402189 0.557803
0.935283 0.0468994 0.017818
0.899697 0.100203 9.9991E-05
0.719172 9.9991E-05 0.280728
0.578819 9.9991E-05 0.421081
0.79665 9.9991E-05 0.20325
0.643481 9.9991E-05 0.356419
0.638048 9.9991E-05 0.361852
0.0246231 0.81239 0.162987
0.050901 0.785375 0.163724
9.9991E-05 0.917407 0.0824928
9.9991E-05 0.903261 0.0966392
0.71407 9.9991E-05 0.28583
0.589964 0.0769107 0.333126
0.683283 9.9991E-05 0.316617
0.588633 0.0282143 0.383153
0.644688 0.0363686 0.318944
0.838915 0.0200492 0.141035
0.586008 9.9991E-05 0.413892
0.794569 9.9991E-05 0.205331
0.295818 0.210328 0.493854
0.738985 9.9991E-05 0.260915
0.746336 9.9991E-05 0.253564
0.49046 0.107928 0.401612
0.674293 9.9991E-05 0.325607
0.792952 9.9991E-05 0.206948
0.6826 9.9991E-05 0.3173
0.611469 0.00114141 0.387389
0.970327 9.9991E-05 0.0295727
0.858608 0.0135166 0.127876
0.760402 9.9991E-05 0.239498
0.990492 0.00940794 9.9991E-05
0.420129 0.195019 0.384853
0.731834 0.0393175 0.228848
0.924857 0.0551579 0.0199855
0.924812 0.0750883 9.9991E-05
0.609388 9.9991E-05 0.390512
0.821644 0.0749607 0.103396
0.643925 9.9991E-05 0.355975
0.49928 0.0327981 0.467922
0.660856 9.9991E-05 0.339044
0.731334 9.9991E-05 0.268566
0.681032 9.9991E-05 0.318868
0.670085 0.0196577 0.310257
0.840774 9.9991E-05 0.159126
0.622782 0.0104469 0.366771
0.267623 0.732277 9.9991E-05
0.117482 0.79114 0.0913784
0.110167 0.889733 9.9991E-05
0.122573 0.864703 0.0127241
0.193971 0.805929 9.9991E-05
0.874548 0.100607 0.0248457
0.869674 0.117471 0.012855
0.909289 9.9991E-05 0.0906108
0.598989 9.9991E-05 0.400911
0.566595 0.0740526 0.359352
0.75625 0.0324517 0.211298
0.567559 9.9991E-05 0.432341
0.645104 0.00848048 0.346415
0.531048 0.188767 0.280185
0.719542 9.9991E-05 0.280358
0.624063 9.9991E-05 0.375837
0.856051 9.9991E-05 0.143849
0.832916 9.9991E-05 0.166984
0.827416 9.9991E-05 0.172484
0.617095 0.0388197 0.344085
0.779067 9.9991E-05 0.220833
0.72183 9.9991E-05 0.27807
0.306433 0.0219448 0.671622
0.117697 0.18295 0.699353
0.141201 0.119697 0.739102
0.0794975 0.142645 0.777857
0.31086 0.151549 0.537591
0.639141 0.00487131 0.355988
9.9991E-05 0.347433 0.652467
0.123033 0.125578 0.751389
0.407841 0.119477 0.472682
0.5084 0.107065 0.384535
0.569524 0.147334 0.283142
0.527731 0.0446575 0.427612
0.538777 0.0170584 0.444164
0.0210035 0.225502 0.753494
0.226116 0.135177 0.638708
0.0999705 0.108058 0.791971
0.32441 0.104445 0.571145
0.108343 0.129684 0.761973
0.199305 0.102131 0.698564
0.0714988 0.183558 0.744943
0.257068 0.100377 0.642555
0.651279 0.00803151 0.34069
0.233517 0.198064 0.568418
9.9991E-05 0.1859 0.814
0.265173 0.118795 0.616032
0.330281 0.0774596 0.592259
0.690992 0.256962 0.0520459
0.543243 9.9991E-05 0.456657
0.286755 0.14441 0.568835
0.517208 0.093351 0.389441
0.471165 0.168157 0.360678
0.359764 0.167521 0.472715
0.273199 0.212855 0.513947
0.48749 0.010092 0.502418
0.28715 0.131834 0.581016
0.205059 0.176184 0.618758
0.128784 0.128735 0.74248
0.0030025 0.276485 0.720513
0.547646 0.0201252 0.432229
0.6182 0.144702 0.237098
0.605349 0.266214 0.128437
0.460836 0.115644 0.42352
0.565676 0.139988 0.294337
0.318879 0.19889 0.482231
0.528856 0.095955 0.375189
0.310982 0.500703 0.188314
0.305303 0.514279 0.180417
0.504389 0.173855 0.321756
0.255749 0.512138 0.232113
0.150211 0.599639 0.25015
0.513465 0.125426 0.361109
0.403042 0.189409 0.407549
0.320439 0.402867 0.276694
0.300914 0.431234 0.267852
0.464068 0.149633 0.386299
0.393084 0.324967 0.281949
0.264504 0.668044 0.0674522
0.352132 0.0836413 0.564227
0.312226 0.205124 0.48265
0.201458 0.282252 0.516289
0.285991 0.121644 0.592365
0.484957 0.131307 0.383737
0.273771 0.130374 0.595855
0.314075 0.113922 0.572003
0.106544 0.381247 0.512209
0.296527 0.165843 0.53763
0.287912 0.141688 0.570399
0.207466 0.329045 0.463489
0.505954 0.178464 0.315582
0.401493 0.113666 0.484841
0.337347 0.236062 0.426591
0.461478 9.9991E-05 0.538422
0.138616 0.309324 0.552059
0.343663 0.123305 0.533033
0.20399 0.417008 0.379001
0.345319 0.0906082 0.564073
0.21203 0.331133 0.456837
0.105912 0.874283 0.0198055
0.756385 0.236655 0.0069608
0.744353 0.255547 9.9991E-05
0.734196 0.265704 9.9991E-05
0.771699 0.228201 9.9991E-05
0.78144 0.21846 9.9991E-05
0.798518 0.201382 9.9991E-05
0.749326 0.250574 9.9991E-05
0.578109 0.421791 9.9991E-05
9.9991E-05 0.880552 0.119348
0.0758604 0.851493 0.072647
9.9991E-05 0.891265 0.108635
0.120422 0.840863 0.0387153
0.0147807 0.880333 0.104886
0.00013662 0.944276 0.0555873
0.00402675 0.779308 0.216666
9.9991E-05 0.847031 0.152869
0.0878803 0.768985 0.143135
9.9991E-05 0.906519 0.0933815
9.9991E-05 0.983375 0.0165251
0.0327059 0.855062 0.112233
9.9991E-05 0.912966 0.0869341
9.9991E-05 0.849669 0.150231
9.9991E-05 0.836243 0.163657
9.9991E-05 0.825656 0.174244
9.9991E-05 0.762687 0.237213
9.9991E-05 0.753346 0.246554
9.9991E-05 0.790855 0.209045
0.585546 0.175366 0.239087
0.587791 9.9991E-05 0.412109
0.543322 0.0858413 0.370837
0.741773 0.217395 0.0408315
0.582354 0.123518 0.294128
0.636504 0.269763 0.0937331
0.47851 0.063137 0.458353
0.652011 0.111442 0.236547
0.624995 0.0828306 0.292174
0.663563 0.00327658 0.33316
0.64374 0.100228 0.256032
0.533466 9.9991E-05 0.466434
0.574858 0.073232 0.35191
0.834183 0.143024 0.0227929
0.779514 0.220386 9.9991E-05
0.723807 0.208133 0.0680595
0.449148 0.0398224 0.51103
0.57749 0.0737967 0.348714
0.571402 0.136685 0.291912
0.487433 0.0443297 0.468237
0.342597 0.19061 0.466793
0.336914 0.0649384 0.598148
0.224658 0.494616 0.280726
0.509923 0.0904207 0.399656
0.364435 0.227466 0.408099
0.254699 0.612047 0.133254
0.273747 0.33079 0.395463
0.261896 0.37681 0.361294
0.344972 0.279944 0.375084
0.354934 0.106039 0.539027
0.328294 0.151388 0.520318
0.353141 0.048183 0.598676
0.356168 0.12991 0.513922
0.176814 0.455503 0.367683
