0.0337352 9.9955E-05 0.0855123 9.9955E-05 0.0196727 9.9955E-05 0.821131 9.9955E-05 9.9955E-05 0.0394488
9.9946E-05 9.9946E-05 9.9946E-05 0.0380199 9.9946E-05 0.0318097 0.916412 0.0131583 9.9946E-05 9.9946E-05
0.0342066 0.094294 0.00652292 0.0770455 9.9964E-05 9.9964E-05 0.783425 9.9964E-05 9.9964E-05 0.00410605
0.08493 9.9946E-05 9.9946E-05 0.138444 9.9946E-05 9.9946E-05 0.770061 9.9946E-05 9.9946E-05 0.00596538
0.0586718 0.0851494 9.9955E-05 9.9955E-05 9.9955E-05 9.9955E-05 0.805921 0.0341919 9.9955E-05 0.0155663
0.0772577 0.000269367 9.9964E-05 9.9964E-05 0.0849175 9.9964E-05 0.554169 9.9964E-05 0.269852 0.0131346
9.9937E-05 9.9937E-05 9.9937E-05 9.9937E-05 0.0251997 9.9937E-05 0.754283 9.9937E-05 0.219817 9.9937E-05
9.9946E-05 9.9946E-05 9.9946E-05 0.0697926 9.9946E-05 9.9946E-05 0.724507 9.9946E-05 0.19327 0.0118313
9.99459E-05 9.99459E-05 0.049824 9.99459E-05 9.99459E-05 0.0701476 0.798637 9.99459E-05 9.99459E-05 0.0807921
0.119524 9.9946E-05 9.9946E-05 9.9946E-05 9.9946E-05 9.9946E-05 0.64712 0.014999 0.217757 9.9946E-05
9.9937E-05 9.9937E-05 9.9937E-05 9.9937E-05 9.9937E-05 9.9937E-05 0.707622 9.9937E-05 0.227109 0.0645697
0.00588793 0.0565427 9.9955E-05 9.9955E-05 0.898937 0.0312454 9.9955E-05 9.9955E-05 0.00688759 9.9955E-05
0.0688045 0.424139 9.9964E-05 0.0366209 0.34756 9.9964E-05 9.9964E-05 9.9964E-05 0.0564078 0.0660679
0.0191747 0.0384667 9.9955E-05 9.9955E-05 0.854201 9.9955E-05 0.00888457 0.0787733 9.9955E-05 9.9955E-05
0.0780315 0.166658 0.0386324 9.9955E-05 0.708613 9.9955E-05 0.0075655 9.9955E-05 9.9955E-05 9.9955E-05
0.126907 0.23384 9.9973E-05 9.9973E-05 0.449796 0.00995876 0.0829633 0.0149495 0.081285 9.9973E-05
0.125417 0.397037 9.9946E-05 9.9946E-05 0.323912 9.9946E-05 9.9946E-05 0.153034 9.9946E-05 9.9946E-05
0.0153683 0.356154 0.0576078 0.0138443 0.436197 9.9973E-05 9.9973E-05 9.9973E-05 0.116517 0.00401173
0.0434046 0.144736 0.0525292 9.9964E-05 0.705242 9.9964E-05 0.0523197 9.9964E-05 9.9964E-05 0.00136885
9.9946E-05 9.9946E-05 9.9946E-05 9.9946E-05 0.854721 9.9946E-05 0.0182287 9.9946E-05 0.0742275 0.0522227
0.0298648 0.307366 9.9973E-05 0.0139654 0.494919 0.03557 9.9973E-05 0.111168 0.00684608 9.9973E-05
9.9973E-05 0.45668 0.115637 9.9973E-05 0.239288 0.0511914 9.9973E-05 0.0523596 0.0589866 0.0255574
0.0556418 0.446253 9.9964E-05 0.079078 0.314399 0.0905828 9.9964E-05 9.9964E-05 0.0136449 9.9964E-05
0.0472756 0.15845 9.9955E-05 9.9955E-05 0.735841 0.0136449 9.9955E-05 9.9955E-05 0.0442881 9.9955E-05
0.00866999 0.610615 9.9955E-05 0.0531742 0.222535 9.9955E-05 0.104506 9.9955E-05 9.9955E-05 9.9955E-05
0.0565158 0.416751 0.0176691 9.9955E-05 0.450966 9.9955E-05 9.9955E-05 9.9955E-05 0.0575987 9.9955E-05
0.0612886 9.9928E-05 9.9928E-05 9.9928E-05 0.937912 9.9928E-05 9.9928E-05 9.9928E-05 9.9928E-05 9.9928E-05
0.0923505 0.0695269 9.9937E-05 9.9937E-05 0.837423 9.9937E-05 9.9937E-05 9.9937E-05 9.9937E-05 9.9937E-05
9.9955E-05 0.0448669 9.9955E-05 0.00166014 0.809841 9.9955E-05 9.9955E-05 0.0708017 0.0723309 9.9955E-05
0.0439919 0.153218 9.9937E-05 9.9937E-05 9.9937E-05 9.9937E-05 0.802091 9.9937E-05 9.9937E-05 9.9937E-05
9.9928E-05 0.20058 9.9928E-05 9.9928E-05 9.9928E-05 9.9928E-05 0.79862 9.9928E-05 9.9928E-05 9.9928E-05
0.0187681 0.163683 0.0109578 9.9955E-05 9.9955E-05 9.9955E-05 0.781958 9.9955E-05 0.024134 9.9955E-05
0.0349022 0.184059 0.0461594 9.9955E-05 9.9955E-05 0.0480762 0.686303 9.9955E-05 9.9955E-05 9.9955E-05
9.9973E-05 0.503814 9.9973E-05 9.9973E-05 0.0936297 0.18174 0.0477628 0.0279765 0.133422 0.0113547
0.00111205 0.512229 0.0438002 0.0297595 0.10443 0.233183 0.0511745 0.00201771 9.9991E-05 0.0221939
9.9946E-05 0.597142 9.9946E-05 9.9946E-05 9.9946E-05 0.346373 0.00662524 9.9946E-05 0.0492602 9.9946E-05
9.9973E-05 0.0146024 9.9973E-05 0.305713 0.449674 0.00782177 0.0940053 0.0133476 9.9973E-05 0.114535
0.0605588 0.29636 0.00328771 0.0502641 9.9973E-05 0.516076 9.9973E-05 9.9973E-05 0.0332398 0.0399136
0.0234233 0.531675 0.06963 0.12305 0.0359672 0.0994023 0.116553 9.9973E-05 9.9973E-05 9.9973E-05
0.0341116 0.639784 0.0520985 0.120035 9.9955E-05 0.153471 9.9955E-05 9.9955E-05 9.9955E-05 9.9955E-05
0.000261829 0.478634 9.9964E-05 9.9964E-05 9.9964E-05 0.058589 0.142985 9.9964E-05 0.284181 0.034949
0.00641109 0.56647 0.0133352 9.9991E-05 0.0294902 0.000952949 0.0775962 0.0567866 0.182585 0.0662729
9.9973E-05 0.126187 0.0231613 0.0913243 0.0525169 0.641628 0.0487112 9.9973E-05 9.9973E-05 0.0161707
0.0367804 0.498603 0.0135152 9.9964E-05 0.136653 9.9964E-05 0.0250649 9.9964E-05 0.288983 9.9964E-05
0.085887 0.460641 9.9982E-05 9.9982E-05 0.0352344 0.279057 0.0309834 0.0132128 0.0623717 0.0324128
0.0738677 0.516013 9.9982E-05 0.0799061 0.0653436 0.146285 0.0552831 9.9982E-05 0.0264642 0.0366371
9.9937E-05 0.316527 9.9937E-05 0.089129 9.9937E-05 0.593644 9.9937E-05 9.9937E-05 9.9937E-05 9.9937E-05
0.035549 0.580623 9.9973E-05 9.9973E-05 0.0608411 0.208563 0.0360847 0.0403155 9.9973E-05 0.037724
0.00669333 0.587004 0.101833 9.9964E-05 9.9964E-05 0.119813 0.00356329 9.9964E-05 9.9964E-05 0.180694
9.9955E-05 9.9955E-05 0.120966 0.131927 9.9955E-05 0.713073 0.0321662 9.9955E-05 0.00136776 9.9955E-05
9.9982E-05 0.0732194 0.0143082 0.227516 0.27056 0.177149 9.9982E-05 0.00432988 0.0609925 0.171725
9.9973E-05 0.0186411 0.221688 0.125356 0.263917 0.202922 9.9973E-05 0.0423387 0.124837 9.9973E-05
0.0782784 0.395951 9.9982E-05 0.0937637 0.231288 0.0517099 0.0509339 9.9982E-05 0.000897071 0.0969773
0.0338422 0.605272 0.0938444 0.0711776 0.0145299 9.9991E-05 0.0489854 0.0525187 0.0758123 0.00391784
0.0904783 0.479861 0.140618 0.164441 9.9973E-05 9.9973E-05 0.0607987 0.0282584 9.9973E-05 0.0352441
9.9982E-05 0.143766 9.9982E-05 0.156088 0.201864 0.16931 0.105105 0.0212166 0.0403002 0.162151
9.9982E-05 0.546636 0.0380855 0.182996 0.0653713 9.9982E-05 0.0220491 0.0288642 0.0136774 0.102121
0.0628837 0.515725 0.116541 0.095861 0.170948 9.9973E-05 0.0206855 9.9973E-05 0.017055 9.9973E-05
9.9982E-05 0.273913 9.9982E-05 0.0659117 0.189244 0.107629 0.07053 0.043163 0.102585 0.146824
9.9982E-05 0.0394807 0.201739 0.158422 0.332562 0.0562553 0.105773 9.9982E-05 0.0189571 0.0866114
0.0264211 0.50628 0.108622 0.127029 0.104426 0.0583958 9.9973E-05 9.9973E-05 9.9973E-05 0.0685265
9.9973E-05 0.34624 0.115925 0.0909362 0.268785 0.0233036 9.9973E-05 0.0263461 9.9973E-05 0.128164
9.9955E-05 9.9955E-05 0.0566933 0.0948551 0.472458 0.170051 9.9955E-05 9.9955E-05 9.9955E-05 0.205443
9.9955E-05 0.418713 0.0629232 0.159638 0.342757 9.9955E-05 9.9955E-05 0.0154697 9.9955E-05 9.9955E-05
9.9973E-05 0.566372 0.0920851 0.151586 0.0180509 0.0355621 9.9973E-05 0.100925 9.9973E-05 0.0351186
0.00415616 0.435746 0.105661 0.237426 0.0560331 9.9982E-05 0.0671218 9.9982E-05 0.0929048 0.000751198
0.00141853 0.221389 0.0733606 0.0238766 0.356734 0.0962045 0.0417145 0.0694276 9.9991E-05 0.115775
9.9973E-05 0.446223 0.0448776 0.0571107 0.296947 0.065042 9.9973E-05 9.9973E-05 0.00932657 0.0801739
9.9964E-05 0.614343 0.0377519 9.9964E-05 0.0138854 0.0297017 9.9964E-05 0.117162 9.9964E-05 0.186757
9.9973E-05 0.138408 0.0363359 0.196467 0.30073 0.0656533 9.9973E-05 0.0847339 9.9973E-05 0.177372
9.9955E-05 0.551714 9.9955E-05 0.0415577 0.0251688 0.375874 9.9955E-05 9.9955E-05 0.00518576 9.9955E-05
9.9946E-05 0.173386 9.9946E-05 9.9946E-05 0.271995 0.536082 9.9946E-05 9.9946E-05 0.0179368 9.9946E-05
0.013881 0.501569 0.000808913 0.0838424 0.0525594 0.166686 0.0813759 9.9991E-05 0.0889804 0.0101976
9.9937E-05 9.9937E-05 0.0565657 9.9937E-05 0.0227966 0.919938 9.9937E-05 9.9937E-05 9.9937E-05 9.9937E-05
9.9955E-05 9.9955E-05 9.9955E-05 9.9955E-05 0.0695476 0.783012 9.9955E-05 0.0301212 0.0560813 0.0607379
0.00520405 0.244342 9.9955E-05 0.0156977 0.0447337 0.689523 9.9955E-05 9.9955E-05 9.9955E-05 9.9955E-05
9.9964E-05 0.445 9.9964E-05 0.0426502 0.0703889 0.386611 9.9964E-05 9.9964E-05 0.00198136 0.052969
9.9973E-05 0.597974 9.9973E-05 0.0920931 0.0527941 0.0872286 0.0941642 9.9973E-05 0.0181932 0.057253
9.9964E-05 0.430555 0.0366639 0.0524016 0.077345 0.291463 9.9964E-05 9.9964E-05 9.9964E-05 0.111171
9.9955E-05 0.206362 9.9955E-05 9.9955E-05 0.103286 0.559641 0.0135036 9.9955E-05 9.9955E-05 0.116707
9.99459E-05 0.309047 9.99459E-05 9.99459E-05 9.99459E-05 0.451372 0.00354975 9.99459E-05 9.99459E-05 0.235432
0.0627635 0.515792 9.9964E-05 9.9964E-05 0.0931574 0.186011 0.0468931 9.9964E-05 9.9964E-05 0.0949826
9.99536E-05 0.319571 9.99536E-05 9.99536E-05 0.140465 0.483608 9.99536E-05 9.99536E-05 0.0557562 9.99536E-05
9.9973E-05 0.438408 0.00280733 9.9973E-05 0.0994056 0.363634 0.0317054 9.9973E-05 0.0371275 0.0266121
9.9946E-05 0.438886 0.0216713 9.9946E-05 9.9946E-05 0.537297 9.9946E-05 0.00154678 9.9946E-05 9.9946E-05
0.0101481 9.9982E-05 0.0723015 0.0209068 0.0266928 0.708421 0.00627324 0.0739759 0.0810805 9.9982E-05
0.0338066 0.573529 0.0208249 0.105543 9.9973E-05 0.214062 0.0173166 9.9973E-05 9.9973E-05 0.0346184
0.0082309 0.117371 9.9946E-05 9.9946E-05 0.0964932 9.9946E-05 0.777305 9.9946E-05 9.9946E-05 9.9946E-05
9.99281E-05 0.106563 9.99281E-05 9.99281E-05 9.99281E-05 9.99281E-05 0.892638 9.99281E-05 9.99281E-05 9.99281E-05
0.0114628 0.114898 0.022846 9.9946E-05 9.9946E-05 9.9946E-05 0.850193 9.9946E-05 9.9946E-05 9.9946E-05
9.9955E-05 0.0308173 0.0863463 0.02717 9.9955E-05 0.00941658 0.84575 9.9955E-05 9.9955E-05 9.9955E-05
9.9955E-05 0.0839476 0.061265 9.9955E-05 0.0360391 0.0111848 0.807064 9.9955E-05 9.9955E-05 9.9955E-05
0.00289371 0.0681433 0.0604066 9.9964E-05 9.9964E-05 0.0150682 0.811054 0.0420345 9.9964E-05 9.9964E-05
0.00414751 0.100009 9.99371E-05 9.99371E-05 9.99371E-05 9.99371E-05 0.895143 9.99371E-05 9.99371E-05 9.99371E-05
0.108197 0.440557 9.9982E-05 0.00724998 0.0828418 0.190719 0.0922671 0.0233877 0.0545803 9.9982E-05
0.0202621 0.60174 9.9982E-05 0.0681576 0.000682384 0.194801 0.0533776 9.9982E-05 0.04152 0.0192593
9.9973E-05 0.0340222 9.9973E-05 0.015619 0.143695 0.732119 0.0383056 0.0266671 9.9973E-05 0.00927153
9.9982E-05 0.470097 9.9982E-05 0.0197527 0.0322389 0.117207 0.121632 0.0742198 0.162979 0.00167358
9.9973E-05 0.397873 9.9973E-05 0.0203208 0.0479422 0.374918 0.0283923 9.9973E-05 0.0301046 0.100149
9.9955E-05 0.645284 9.9955E-05 9.9955E-05 0.0367152 0.29692 0.0179277 0.00265371 9.9955E-05 9.9955E-05
9.9964E-05 0.544354 9.9964E-05 9.9964E-05 0.0798036 0.212831 0.043828 0.113679 0.00510556 9.9964E-05
0.100324 0.443587 9.9946E-05 9.9946E-05 9.9946E-05 0.437819 9.9946E-05 9.9946E-05 9.9946E-05 0.0176706
9.9946E-05 9.9946E-05 9.9946E-05 9.9946E-05 0.184749 0.672676 0.0259305 9.9946E-05 9.9946E-05 0.116045
9.9991E-05 0.51181 0.0297829 0.00295644 0.0253003 0.17533 0.108225 0.0348258 0.00188585 0.109784
9.9964E-05 0.635646 9.9964E-05 0.0140975 0.0330391 0.181019 0.10346 9.9964E-05 0.0323373 9.9964E-05
0.0514245 0.421745 9.9982E-05 0.200697 0.00191023 0.109268 0.104359 9.9982E-05 0.0632797 0.0471171
0.0371471 0.246323 0.0360129 0.0791949 0.00635433 0.541989 9.9982E-05 0.00237835 0.0503996 9.9982E-05
0.0196556 0.509189 9.9964E-05 9.9964E-05 9.9964E-05 0.357648 0.023728 0.068576 0.0208035 9.9964E-05
9.9955E-05 0.438804 9.9955E-05 9.9955E-05 0.085856 0.379606 9.9955E-05 9.9955E-05 0.0703575 0.0248762
0.107802 0.286736 9.9946E-05 9.9946E-05 0.0809437 0.523918 9.9946E-05 9.9946E-05 9.9946E-05 9.9946E-05
9.9946E-05 0.386536 9.9946E-05 9.9946E-05 0.101042 0.429746 0.0820761 9.9946E-05 9.9946E-05 9.9946E-05
0.0225365 0.539696 0.0473376 0.02102 0.0551868 0.0783507 0.117658 0.0210005 9.9991E-05 0.097114
9.9964E-05 0.14588 0.140856 0.45191 0.164419 0.00362703 9.9964E-05 0.092909 9.9964E-05 9.9964E-05
0.0403811 0.357741 0.103137 0.0917817 0.0929675 0.0473172 0.0346689 9.9991E-05 0.0410501 0.190856
0.023052 0.443515 9.9973E-05 0.177264 0.0222259 9.9973E-05 0.145862 0.079354 9.9973E-05 0.108427
0.00533842 0.538937 0.0439336 0.0356002 0.0258689 0.101255 0.0543065 0.0787533 9.9991E-05 0.115907
9.9955E-05 0.373087 9.9955E-05 0.316988 0.116646 9.9955E-05 0.052316 9.9955E-05 9.9955E-05 0.140463
9.9973E-05 0.488779 9.9973E-05 0.306494 0.0144096 0.00868698 0.0578882 9.9973E-05 0.0246028 0.0988396
9.9964E-05 0.404376 9.9964E-05 0.229188 0.200398 9.9964E-05 0.000192878 0.0488801 9.9964E-05 0.116564
9.9982E-05 0.459165 0.0154616 0.229181 9.9982E-05 0.110921 0.0790695 0.000371376 0.0510537 0.0545761
0.0789146 0.555441 9.9973E-05 0.0852761 9.9973E-05 0.0509067 0.0591123 9.9973E-05 0.0430714 0.126978
9.9964E-05 0.555297 9.9964E-05 0.171235 0.155418 0.00942775 0.0398279 9.9964E-05 0.0683951 9.9964E-05
9.9955E-05 0.475933 9.9955E-05 0.427746 0.0404074 9.9955E-05 9.9955E-05 0.021427 9.9955E-05 0.0339869
9.9973E-05 0.519739 0.0811395 0.218036 0.0209993 0.0306554 9.9973E-05 9.9973E-05 0.0245722 0.104559
0.00463625 0.568318 9.9982E-05 0.184252 0.0134667 0.00967004 0.0836379 0.105669 9.9982E-05 0.0301496
0.0591883 0.459794 9.9973E-05 0.118558 0.233503 0.02577 0.00498606 9.9973E-05 9.9973E-05 0.0979008
0.0664289 0.444389 9.9982E-05 0.276102 9.9982E-05 0.00431111 0.00854304 0.0173873 0.0929761 0.0896632
0.0500816 0.479015 0.0294678 0.178934 0.00671786 0.0866884 0.0289214 0.00664244 0.000931871 0.132599
9.9973E-05 0.30283 0.128028 0.295735 0.12924 9.9973E-05 0.0281068 0.0507399 9.9973E-05 0.0650212
0.0792749 0.592833 9.9955E-05 0.213383 9.9955E-05 0.0295714 9.9955E-05 9.9955E-05 9.9955E-05 0.0844382
0.0331644 0.501442 0.0289816 0.3858 9.9964E-05 9.9964E-05 9.9964E-05 0.0315936 9.9964E-05 0.0186192
0.0641671 0.165738 9.9982E-05 0.214969 0.234602 0.0810152 9.9982E-05 0.102405 0.00229429 0.13461
0.0219038 0.00749572 0.0993466 0.457691 0.125433 0.0848046 9.9991E-05 0.12539 0.0757305 0.0021043
9.9973E-05 0.543348 0.011413 0.0718931 0.0409103 9.9973E-05 0.0648432 9.9973E-05 0.134654 0.132638
0.0562786 9.9973E-05 0.0597639 0.430486 9.9973E-05 0.0751834 9.9973E-05 0.21447 0.0823376 0.0811807
9.9982E-05 0.136402 9.9982E-05 0.154149 0.45593 0.0765739 0.033968 0.0399816 0.0295952 0.0731998
9.9964E-05 0.317194 9.9964E-05 0.277249 0.233402 0.116391 9.9964E-05 9.9964E-05 0.00603791 0.0493264
9.9955E-05 0.240244 9.9955E-05 0.202557 0.271798 0.0899777 9.9955E-05 9.9955E-05 9.9955E-05 0.194923
9.9964E-05 0.187639 9.9964E-05 0.237925 0.329323 0.00392882 9.9964E-05 9.9964E-05 0.0880833 0.152701
9.9973E-05 0.486874 9.9973E-05 0.183769 0.0868156 9.9973E-05 0.0437687 0.0178206 0.11886 0.061792
0.0440439 0.524036 0.0836957 0.141548 0.0408204 0.0504301 9.9982E-05 9.9982E-05 0.0199145 0.0953113
9.9964E-05 0.499869 0.0486682 0.219575 0.145805 0.0134614 9.9964E-05 0.0722211 9.9964E-05 9.9964E-05
0.0943975 9.9982E-05 0.0127641 0.680652 0.0230056 0.0854877 9.9982E-05 0.0163657 0.0772192 0.0099082
9.9973E-05 0.496857 0.11206 0.0552031 0.0501902 0.094243 0.131333 0.0598133 9.9973E-05 9.9973E-05
0.0407362 0.439975 0.051401 0.0282429 0.0687531 9.9982E-05 0.0249387 0.0693453 0.276407 9.9982E-05
9.9982E-05 9.9982E-05 0.131513 0.144039 0.00077285 0.158507 0.0891027 0.0967279 0.315828 0.0633089
0.00756035 0.568483 9.9991E-05 0.0272449 0.0594197 0.0794405 0.0957815 0.0393244 0.121315 0.00133107
0.017517 0.250167 0.119825 0.135045 0.042931 0.194548 0.0449156 0.0939269 0.101024 9.9991E-05
9.9982E-05 0.443664 0.158401 0.0638817 0.0809535 9.9982E-05 0.0651718 0.0385029 0.137296 0.0119294
9.9964E-05 0.210144 0.262933 9.9964E-05 0.125766 0.0844869 9.9964E-05 9.9964E-05 0.25711 0.0591594
9.9991E-05 0.106718 0.0989077 0.0102562 0.158902 0.0311496 0.0349593 0.150995 0.349878 0.0581334
9.9982E-05 0.383456 0.107842 0.0364313 0.0723877 0.0749537 9.9982E-05 0.143277 0.0998447 0.0816073
0.0650605 0.401371 9.9991E-05 0.0801473 0.00271606 0.0210149 0.0760584 0.0829906 0.188135 0.0824071
0.0680016 0.283078 0.168666 9.9991E-05 0.188981 0.112549 0.0736994 0.0211854 0.0308921 0.0528473
0.092074 9.9982E-05 0.196743 0.0986651 0.128986 0.234322 0.0136655 9.9982E-05 0.181794 0.0535502
0.0601201 0.31674 9.9982E-05 0.161786 0.128189 0.113295 0.0628539 0.113935 0.0428803 9.9982E-05
9.9973E-05 0.236896 9.9973E-05 0.120491 0.0984489 0.124758 9.9973E-05 0.0226092 0.366412 0.0300864
9.9973E-05 0.388127 0.0636054 0.167607 0.12667 0.0597937 9.9973E-05 0.0812095 0.112688 9.9973E-05
9.9973E-05 0.579986 0.0932972 0.159536 9.9973E-05 0.00416695 0.0665509 0.0639959 0.0321676 9.9973E-05
0.197522 0.127649 0.187887 0.00264552 0.0242829 0.0177858 0.245021 9.9982E-05 0.197008 9.9982E-05
0.0577654 9.9946E-05 0.468806 9.9946E-05 9.9946E-05 9.9946E-05 0.375726 9.9946E-05 0.0971032 9.9946E-05
0.0656958 9.9955E-05 0.433072 9.9955E-05 9.9955E-05 9.9955E-05 0.298696 0.0561792 0.145857 9.9955E-05
0.291837 0.0373091 0.220729 0.123256 9.9964E-05 9.9964E-05 0.289268 9.9964E-05 0.0372007 9.9964E-05
9.9946E-05 0.576232 9.9946E-05 0.0850909 9.9946E-05 0.0132554 9.9946E-05 9.9946E-05 0.324822 9.9946E-05
0.0835887 0.414679 0.0475472 0.100114 0.0341305 0.00463321 0.044708 0.110554 0.159946 9.9991E-05
0.663812 0.278454 9.9955E-05 0.0336268 0.00223672 0.0213701 9.9955E-05 9.9955E-05 9.9955E-05 9.9955E-05
0.449233 0.296727 9.9964E-05 0.0947002 0.0841897 9.9964E-05 0.0332138 9.9964E-05 9.9964E-05 0.0415369
0.406286 0.330616 0.0350719 0.0240483 0.0225524 9.9973E-05 0.0698445 9.9973E-05 0.11128 9.9973E-05
0.03606 0.244736 9.9964E-05 0.109353 9.9964E-05 0.0448669 9.9964E-05 0.116624 0.447961 9.9964E-05
0.013704 0.493973 0.103243 0.0256382 9.9982E-05 0.134481 9.9982E-05 0.037777 0.0385027 0.152482
0.0340458 0.0755246 0.0564069 0.0804841 0.0279257 0.0451779 9.9982E-05 0.170258 0.509977 9.9982E-05
9.9973E-05 0.516789 0.0390443 0.1272 0.0594962 0.00726978 9.9973E-05 0.0345474 0.215354 9.9973E-05
0.0447869 0.374375 0.0339791 0.152432 0.0146549 0.054495 0.000132789 0.0500716 0.274973 9.9991E-05
9.9982E-05 0.48702 0.0774678 0.103579 0.0261106 9.9982E-05 0.0232207 0.0249042 0.233345 0.0241529
9.9964E-05 0.0843222 0.04905 0.258367 0.0559297 0.161024 9.9964E-05 9.9964E-05 0.390907 9.9964E-05
0.117633 0.491471 9.9973E-05 0.19601 9.9973E-05 0.0396538 0.022203 0.040909 0.0918194 9.9973E-05
0.14348 0.417494 0.0195823 0.0407174 9.9973E-05 0.153971 9.9973E-05 0.00459103 0.219865 9.9973E-05
0.972104 9.9937E-05 9.9937E-05 9.9937E-05 9.9937E-05 0.0199416 9.9937E-05 0.00725516 9.9937E-05 9.9937E-05
0.854519 0.0631173 9.9946E-05 9.9946E-05 0.0558518 9.9946E-05 9.9946E-05 9.9946E-05 0.0259123 9.9946E-05
0.574332 0.228412 9.9973E-05 0.0470169 0.0699283 0.0471912 0.0202599 9.9973E-05 0.0125604 9.9973E-05
0.639584 0.344235 9.9937E-05 9.9937E-05 9.9937E-05 9.9937E-05 9.9937E-05 9.9937E-05 9.9937E-05 0.0154816
0.845553 0.0502127 9.9955E-05 9.9955E-05 9.9955E-05 0.0365123 9.9955E-05 9.9955E-05 0.019425 0.0477971
0.999101 9.99201E-05 9.99201E-05 9.99201E-05 9.99201E-05 9.99201E-05 9.99201E-05 9.99201E-05 9.99201E-05 9.99201E-05
0.95385 9.9937E-05 9.9937E-05 9.9937E-05 9.9937E-05 9.9937E-05 9.9937E-05 0.00286125 9.9937E-05 0.0425896
0.841886 0.111941 9.9937E-05 9.9937E-05 9.9937E-05 9.9937E-05 9.9937E-05 0.0454733 9.9937E-05 9.9937E-05
0.935401 9.9928E-05 9.9928E-05 9.9928E-05 0.0637999 9.9928E-05 9.9928E-05 9.9928E-05 9.9928E-05 9.9928E-05
0.999101 9.99201E-05 9.99201E-05 9.99201E-05 9.99201E-05 9.99201E-05 9.99201E-05 9.99201E-05 9.99201E-05 9.99201E-05
0.995639 9.9928E-05 9.9928E-05 9.9928E-05 9.9928E-05 9.9928E-05 0.00356145 9.9928E-05 9.9928E-05 9.9928E-05
0.697904 0.175083 9.9964E-05 0.0493408 0.0635431 9.9964E-05 0.00510448 9.9964E-05 0.00862542 9.9964E-05
0.774533 0.11241 0.0144185 0.000525322 0.027261 9.9973E-05 0.0160522 9.9973E-05 9.9973E-05 0.0545004
0.94945 9.9937E-05 9.9937E-05 9.9937E-05 0.0090216 0.0408286 9.9937E-05 9.9937E-05 9.9937E-05 9.9937E-05
0.370811 0.291619 9.99753E-05 0.0532687 0.074119 0.0193008 0.163418 9.99753E-05 0.0271639 9.99753E-05
0.66087 0.152877 0.0271037 0.0987306 0.0113534 0.0403685 0.00839708 9.9973E-05 9.9973E-05 9.9973E-05
0.693269 0.177912 0.0567301 0.000528406 9.9955E-05 9.9955E-05 9.9955E-05 9.9955E-05 9.9955E-05 0.0710603
0.912351 0.0252692 9.9946E-05 9.9946E-05 0.0190815 9.9946E-05 9.9946E-05 9.9946E-05 9.9946E-05 0.0426983
0.949088 9.9937E-05 9.9937E-05 9.9937E-05 9.9937E-05 9.9937E-05 0.0478456 9.9937E-05 0.00236693 9.9937E-05
0.86217 0.00758753 0.0282016 0.021908 9.9964E-05 9.9964E-05 0.0425869 9.9964E-05 9.9964E-05 0.0371463
0.972293 9.9937E-05 9.9937E-05 9.9937E-05 9.9937E-05 9.9937E-05 0.00897114 9.9937E-05 0.0180364 9.9937E-05
0.631898 0.142813 0.00393497 0.0647469 0.0791486 0.0477951 0.0248738 0.00458912 9.9982E-05 9.9982E-05
0.896739 9.9955E-05 9.9955E-05 0.0285096 9.9955E-05 0.0562443 9.9955E-05 0.0138763 0.00413115 9.9955E-05
9.9946E-05 9.9946E-05 0.262842 9.9946E-05 9.9946E-05 9.9946E-05 0.216745 0.0231856 0.496627 9.9946E-05
0.0717978 0.308991 0.0134029 0.0105132 0.090245 9.9982E-05 0.103666 9.9982E-05 0.360851 0.0403329
0.0293242 0.37007 0.0244005 9.9991E-05 0.0255167 0.071054 0.17233 0.0263584 0.242681 0.0381647
0.11366 0.0726873 0.215557 0.0527823 9.9982E-05 0.0681171 0.10158 9.9982E-05 0.34686 0.0285567
0.127732 0.37701 0.0659105 9.9991E-05 0.117084 0.0763156 0.0905963 0.00580496 0.0828769 0.0565694
0.166349 0.10008 0.185797 0.00682578 0.0110072 0.0293132 0.159744 0.0277121 0.313072 9.9991E-05
0.119697 0.348103 0.118656 9.9982E-05 0.137801 0.0408891 0.0456568 9.9982E-05 0.0963093 0.0926869
0.13299 0.297142 0.140772 9.9964E-05 9.9964E-05 0.0064126 0.0733698 9.9964E-05 0.348914 9.9964E-05
0.0829307 0.437971 0.0749437 0.0545307 0.0377831 9.9973E-05 0.111607 9.9973E-05 0.199935 9.9973E-05
0.141074 0.270184 0.123556 9.9955E-05 9.9955E-05 9.9955E-05 0.128753 9.9955E-05 0.335933 9.9955E-05
0.0379081 0.440024 0.0233111 0.0670757 0.0250019 9.9982E-05 0.206897 0.0097986 0.189783 9.9982E-05
9.9964E-05 0.0412782 0.00774772 9.9964E-05 9.9964E-05 0.00363765 0.789309 9.9964E-05 0.105838 0.0517903
0.0272065 9.9964E-05 0.0133597 9.9964E-05 9.9964E-05 0.00932043 0.887733 0.0591783 9.9964E-05 0.00280222
9.9946E-05 9.9946E-05 0.110845 0.0135312 9.9946E-05 9.9946E-05 0.826363 9.9946E-05 9.9946E-05 0.0486611
9.9946E-05 0.0182105 0.0578121 9.9946E-05 9.9946E-05 9.9946E-05 0.881338 9.9946E-05 9.9946E-05 0.0420402
0.00669424 9.9946E-05 0.0771573 0.107267 9.9946E-05 9.9946E-05 0.808282 9.9946E-05 9.9946E-05 9.9946E-05
0.0461074 9.9955E-05 0.0597965 9.9955E-05 9.9955E-05 0.00802724 0.867892 0.0176775 9.9955E-05 9.9955E-05
0.0528546 0.0590369 9.9955E-05 9.9955E-05 9.9955E-05 0.0135866 0.85275 9.9955E-05 9.9955E-05 0.0212725
9.9964E-05 0.0199837 0.0507449 0.000279459 9.9964E-05 0.0285906 0.838681 0.0613203 9.9964E-05 9.9964E-05
9.9964E-05 0.0106652 0.0861965 9.9964E-05 0.000941592 0.0315095 0.848869 0.0214183 9.9964E-05 9.9964E-05
0.0698089 9.9946E-05 0.102291 9.9946E-05 0.0414487 9.9946E-05 0.785852 9.9946E-05 9.9946E-05 9.9946E-05
9.9955E-05 9.9955E-05 9.9955E-05 9.9955E-05 0.130296 0.0999074 0.570075 0.0420818 9.9955E-05 0.157141
9.9946E-05 9.9946E-05 0.0346259 9.9946E-05 0.276169 9.9946E-05 0.50102 9.9946E-05 9.9946E-05 0.187586
9.9964E-05 9.9964E-05 0.0944922 9.9964E-05 0.303283 0.0241406 0.464556 0.00600133 9.9964E-05 0.107127
9.9973E-05 9.9973E-05 9.9973E-05 0.00665566 0.265462 0.045245 0.448709 0.0271832 0.0583236 0.148122
0.0176431 0.501786 9.9982E-05 0.0223667 0.0949349 0.208824 0.0636019 0.0239521 9.9982E-05 0.0666912
0.00672388 0.413023 9.9973E-05 9.9973E-05 0.200057 0.239208 0.0309929 0.0349565 9.9973E-05 0.0747386
0.0793662 0.429214 9.9973E-05 0.027686 0.0731901 0.14602 9.9973E-05 0.103262 9.9973E-05 0.140962
9.9964E-05 0.356799 0.00632503 0.331467 0.0979847 0.168198 0.0388255 9.9964E-05 9.9964E-05 9.9964E-05
9.9964E-05 0.0846136 9.9964E-05 0.319758 0.320938 0.0406476 9.9964E-05 9.9964E-05 0.0221666 0.211476
0.04947 0.568265 9.9982E-05 9.9982E-05 0.0981358 0.105218 0.0277167 0.0848457 0.0376858 0.0284635
0.0216677 0.562672 9.9946E-05 0.188231 9.9946E-05 0.226829 9.9946E-05 9.9946E-05 9.9946E-05 9.9946E-05
9.9973E-05 0.456362 0.0864856 0.046173 0.0853367 0.244665 9.9973E-05 0.00363438 9.9973E-05 0.0770437
0.0640235 0.310378 9.9946E-05 0.143035 9.9946E-05 0.481965 9.9946E-05 9.9946E-05 9.9946E-05 9.9946E-05
9.9973E-05 0.654457 0.0807643 0.0452366 9.9973E-05 0.173677 9.9973E-05 0.0144794 0.0122538 0.0188313
9.9964E-05 0.495584 9.9964E-05 9.9964E-05 0.0213936 0.282239 9.9964E-05 0.085165 0.000845412 0.114373
9.9955E-05 9.9955E-05 9.9955E-05 0.111 9.9955E-05 0.727089 9.9955E-05 0.0915419 0.047822 0.0220471
0.0152169 0.470075 9.9982E-05 0.0466416 0.160489 0.136079 0.0480921 0.0781916 9.9982E-05 0.0450147
9.9964E-05 0.245328 0.125723 9.9964E-05 9.9964E-05 0.550057 9.9964E-05 0.0232298 0.0168267 0.0384355
0.0174623 0.440971 0.0569107 0.156775 9.9973E-05 0.302634 9.9973E-05 0.0170958 9.9973E-05 0.00785141
9.9964E-05 0.0764284 9.9964E-05 0.0456018 0.149371 0.558439 0.0181101 9.9964E-05 9.9964E-05 0.15165
0.00590543 9.9955E-05 0.100268 9.9955E-05 9.9955E-05 0.000253681 9.9955E-05 9.9955E-05 0.084472 0.808601
9.9955E-05 0.0676126 9.9955E-05 9.9955E-05 9.9955E-05 9.9955E-05 0.0153444 0.0357743 0.0925259 0.788243
9.9937E-05 9.9937E-05 9.9937E-05 9.9937E-05 9.9937E-05 9.9937E-05 9.9937E-05 0.0913563 0.0910022 0.816942
9.9955E-05 0.00706628 9.9955E-05 9.9955E-05 9.9955E-05 9.9955E-05 0.0438502 0.0122919 0.0839787 0.852313
9.9955E-05 0.0355801 9.9955E-05 0.0569513 0.0011799 9.9955E-05 9.9955E-05 9.9955E-05 0.0993567 0.806432
0.0463582 0.104065 9.9946E-05 9.9946E-05 9.9946E-05 9.9946E-05 9.9946E-05 9.9946E-05 0.0316929 0.817284
0.019899 0.10866 0.06082 9.9946E-05 9.9946E-05 9.9946E-05 0.810021 9.9946E-05 9.9946E-05 9.9946E-05
0.00641515 0.0776707 0.0508197 0.0657892 0.0404762 9.9964E-05 0.758429 9.9964E-05 9.9964E-05 9.9964E-05
0.114299 0.108412 9.9946E-05 9.9946E-05 0.0388487 9.9946E-05 0.737841 9.9946E-05 9.9946E-05 9.9946E-05
0.089436 0.0534856 9.9955E-05 9.9955E-05 0.0769897 9.9955E-05 0.759778 9.9955E-05 9.9955E-05 0.0198109
0.0967626 0.0799567 0.0415397 9.9964E-05 9.9964E-05 9.9964E-05 0.771781 9.9964E-05 0.00504266 0.00451702
9.9964E-05 9.9964E-05 0.0469638 9.9964E-05 0.0114326 0.079494 0.326118 9.9964E-05 0.0550444 0.480547
9.9955E-05 9.9955E-05 0.0244505 9.9955E-05 9.9955E-05 0.0852481 0.418532 9.9955E-05 0.0692043 0.402065
9.9955E-05 9.9955E-05 0.0327182 9.9955E-05 9.9955E-05 0.0307109 0.377197 0.0853589 9.9955E-05 0.473515
0.0129504 0.139864 9.9964E-05 0.00404607 0.0126866 9.9964E-05 0.798741 9.9964E-05 9.9964E-05 0.0313125
9.9946E-05 9.9946E-05 0.132758 9.9946E-05 9.9946E-05 0.0904555 0.249841 9.9946E-05 9.9946E-05 0.526345
0.223577 0.338186 0.294227 9.9955E-05 9.9955E-05 9.9955E-05 0.113482 0.0300281 9.9955E-05 9.9955E-05
0.213431 0.462713 0.0541055 9.9973E-05 9.9973E-05 9.9973E-05 0.0563386 0.0234189 0.108468 0.0812251
0.297024 0.503189 0.0410378 9.9946E-05 9.9946E-05 9.9946E-05 0.158149 9.9946E-05 9.9946E-05 9.9946E-05
0.20135 0.276185 0.144824 9.9982E-05 9.9982E-05 0.128935 0.153969 0.0427745 0.0272527 0.0245098
0.128148 0.456909 0.0508314 0.172667 9.9973E-05 9.9973E-05 0.106119 0.0232791 9.9973E-05 0.0617459
0.239244 9.9964E-05 0.313652 0.0047072 9.9964E-05 9.9964E-05 0.349799 0.055094 0.0371034 9.9964E-05
9.9964E-05 0.34143 9.9964E-05 0.225482 0.188918 0.033786 9.9964E-05 0.112434 9.9964E-05 0.0975506
9.9982E-05 0.296084 0.0942611 0.293356 0.0446905 0.0357419 9.9982E-05 0.0874298 0.0841409 0.0640957
9.9955E-05 0.123281 9.9955E-05 0.247703 0.477277 9.9955E-05 0.0364169 9.9955E-05 9.9955E-05 0.114824
9.9982E-05 0.344385 9.9982E-05 0.25267 0.0699792 0.0294322 0.00121448 0.219513 0.0421962 0.0404102
9.9955E-05 9.9955E-05 0.133068 0.228661 9.9955E-05 0.285338 9.9955E-05 0.345695 9.9955E-05 0.00673843
0.0812296 0.372931 0.0927171 0.144371 0.234966 9.9973E-05 0.0112381 9.9973E-05 9.9973E-05 0.0622468
9.9991E-05 0.416663 0.00850313 0.0308889 0.195137 0.11995 0.032522 0.111198 0.077392 0.00764632
9.9973E-05 0.226629 0.0409556 0.304602 0.283628 9.9973E-05 0.0018431 0.0365005 9.9973E-05 0.105542
0.0538022 0.471298 0.0464724 0.0644435 0.0876385 0.0537083 9.9982E-05 9.9982E-05 0.0949717 0.127465
9.9964E-05 9.9964E-05 0.143362 0.328313 0.253018 0.141842 9.9964E-05 0.071893 0.0611706 9.9964E-05
9.9973E-05 0.423787 0.111814 0.181384 0.0728243 0.0506121 9.9973E-05 0.129365 9.9973E-05 0.0299132
0.0439398 0.419373 9.9964E-05 0.138724 0.118091 0.0944118 9.9964E-05 9.9964E-05 9.9964E-05 0.18506
0.140459 0.430497 0.182186 0.0359976 0.00888025 0.0695348 0.07207 9.9991E-05 0.00270673 0.0575682
9.9973E-05 0.262614 9.9973E-05 0.118462 0.25697 0.00196318 9.9973E-05 0.145417 0.153926 0.0603475
9.9973E-05 0.351006 0.0342826 0.12525 0.227941 0.0676413 9.9973E-05 0.128835 9.9973E-05 0.0647446
0.06116 0.383698 0.0266878 0.0744564 0.0799908 0.022359 9.9991E-05 0.110417 0.178991 0.0621398
9.9955E-05 0.469518 9.9955E-05 0.277584 9.9955E-05 0.145928 9.9955E-05 9.9955E-05 0.0593223 0.0471491
0.017653 0.519336 0.113479 0.192292 0.135009 0.00197706 9.9973E-05 0.0199541 9.9973E-05 9.9973E-05
0.0442182 0.444681 9.9973E-05 9.9973E-05 0.140908 0.104443 0.0804272 9.9973E-05 0.054036 0.130988
9.9982E-05 0.507026 0.0953197 0.140316 0.017957 0.0535516 0.0950176 9.9982E-05 0.00486281 0.0857492
0.0639325 0.133045 9.9955E-05 9.9955E-05 9.9955E-05 0.00313585 0.776759 0.0226279 9.9955E-05 9.9955E-05
0.0197867 0.129288 0.00684519 9.9955E-05 9.9955E-05 9.9955E-05 0.798627 0.044953 9.9955E-05 9.9955E-05
0.016365 0.0191997 9.9991E-05 0.0252582 0.0031133 0.0311482 0.737189 0.0376994 0.0564937 0.0734336
0.0345744 0.0602923 9.9964E-05 9.9964E-05 9.9964E-05 0.0617293 0.782706 0.0228031 9.9964E-05 0.0374946
0.0075993 0.144125 9.9946E-05 9.9946E-05 9.9946E-05 9.9946E-05 0.794547 9.9946E-05 0.0531288 9.9946E-05
0.0538298 9.9946E-05 9.9946E-05 0.354667 0.531109 9.9946E-05 9.9946E-05 9.9946E-05 9.9946E-05 0.0597945
0.0523646 0.382617 0.0702357 0.175571 0.190455 0.105639 9.9973E-05 0.0228175 9.9973E-05 9.9973E-05
0.0932001 0.475672 0.155683 0.0474094 9.9964E-05 0.0927338 0.134902 9.9964E-05 9.9964E-05 9.9964E-05
0.00604245 0.552986 9.9973E-05 0.126012 0.152686 9.9973E-05 0.0594581 0.0394237 0.0630913 9.9973E-05
9.9973E-05 0.398681 9.9973E-05 0.209545 0.0944658 0.12953 0.082018 0.0428871 9.9973E-05 0.0425733
0.0361783 0.12904 0.0283593 0.568717 0.119858 9.9973E-05 9.9973E-05 0.0364365 0.081111 9.9973E-05
9.9964E-05 9.9964E-05 0.0308523 0.682699 0.0225117 0.0352029 0.167719 9.9964E-05 9.9964E-05 0.0606149
0.0670311 0.395179 9.9964E-05 0.236841 0.0122984 0.00241095 9.9964E-05 9.9964E-05 9.9964E-05 0.28584
0.0526324 0.0823178 9.9973E-05 0.218294 0.342823 9.9973E-05 0.0397324 0.0781516 9.9973E-05 0.185749
0.0735276 0.305433 0.0663304 0.27864 0.025442 0.141251 0.0511604 9.9991E-05 0.0370614 0.0210536
9.9955E-05 9.9955E-05 9.9955E-05 0.49626 0.169234 9.9955E-05 0.120478 0.0822455 9.9955E-05 0.131282
0.11808 0.485894 9.9964E-05 0.247113 0.0203325 9.9964E-05 0.0208429 9.9964E-05 9.9964E-05 0.107338
9.9955E-05 0.0557658 9.9955E-05 0.373938 0.378835 9.9955E-05 0.0705108 9.9955E-05 9.9955E-05 0.120451
0.086108 0.127486 9.9973E-05 0.521536 0.0869709 0.0319998 0.0742164 9.9973E-05 0.071383 9.9973E-05
9.9973E-05 0.532157 0.0832777 0.0103517 0.0919794 9.9973E-05 9.9973E-05 0.0240622 0.215357 0.0425142
0.0379002 0.150607 9.9973E-05 0.112666 0.0345062 9.9973E-05 0.00270885 0.0414857 0.619826 9.9973E-05
0.05988 0.454415 9.9973E-05 0.013348 0.0935757 9.9973E-05 0.00837072 9.9973E-05 0.360747 0.0093641
0.0686203 0.453646 0.0917616 9.9982E-05 0.0618814 0.0979568 0.0552558 0.0555695 0.115108 9.9982E-05
9.9973E-05 0.226171 0.00839908 0.13876 9.9973E-05 0.00313029 9.9973E-05 0.0621328 0.520063 0.0410439
0.0760322 0.369665 0.00983275 9.9991E-05 0.0528023 0.147768 0.0301581 0.0573463 0.192586 0.06371
9.9964E-05 0.490831 9.9964E-05 9.9964E-05 9.9964E-05 0.0174029 0.0226952 0.178301 0.228066 0.0623044
9.9973E-05 0.060555 9.9973E-05 0.0879012 0.00893687 0.0970221 9.9973E-05 0.0617502 0.65302 0.0305147
9.9964E-05 0.187152 0.0821944 9.9964E-05 0.0268109 0.136139 9.9964E-05 0.0243072 0.542996 9.9964E-05
9.9955E-05 0.397134 9.9955E-05 9.9955E-05 0.00131295 9.9955E-05 9.9955E-05 0.049646 0.500056 0.0513514
9.9973E-05 0.0820671 9.9973E-05 0.0696878 0.0409761 0.15943 9.9973E-05 0.0696641 0.56374 0.0141343
9.9955E-05 0.344866 0.0848773 9.9955E-05 0.12873 0.157895 9.9955E-05 9.9955E-05 0.283132 9.9955E-05
9.9955E-05 9.9955E-05 9.9955E-05 0.692521 0.126678 0.0799612 0.0601197 9.9955E-05 9.9955E-05 0.0402197
0.0348873 0.0627191 9.9964E-05 0.633504 0.00778752 9.9964E-05 9.9964E-05 0.231649 9.9964E-05 0.0290534
0.0608787 0.210226 9.9973E-05 0.386452 0.195284 9.9973E-05 0.00182426 0.00947018 9.9973E-05 0.135566
0.0716875 0.506405 9.9955E-05 0.241023 0.155202 0.0251827 9.9955E-05 9.9955E-05 9.9955E-05 9.9955E-05
9.99549E-05 0.109182 9.99549E-05 0.449463 0.245212 0.0334685 9.99549E-05 9.99549E-05 9.99549E-05 0.162174
0.0589309 0.407875 9.9964E-05 0.315805 9.9964E-05 9.9964E-05 0.0289576 0.114229 9.9964E-05 0.0738031
0.0152873 0.585649 0.0604903 0.189018 9.9973E-05 9.9973E-05 0.00559641 0.0219317 9.9973E-05 0.121728
0.0977998 0.308995 0.0847665 0.111111 0.159598 0.0918477 9.9991E-05 0.0258839 0.0148936 0.105004
0.0761023 0.418301 9.9955E-05 0.308821 0.0616309 9.9955E-05 9.9955E-05 9.9955E-05 9.9955E-05 0.134645
0.0143764 0.341359 9.9973E-05 0.330721 0.0871259 0.0973688 0.0420149 9.9973E-05 9.9973E-05 0.0867339
0.00680116 0.156806 9.9964E-05 0.458691 0.180789 0.0665961 9.9964E-05 9.9964E-05 9.9964E-05 0.129917
0.0444852 0.241387 9.9973E-05 0.362289 0.11996 0.0527232 9.9973E-05 9.9973E-05 0.0221191 0.156737
9.9955E-05 0.565049 9.9955E-05 0.315782 9.9955E-05 9.9955E-05 9.9955E-05 0.0135524 0.0784956 0.0266207
9.9973E-05 0.576668 0.0134379 0.278112 0.00879334 0.00455504 0.0797174 9.9973E-05 9.9973E-05 0.038417
9.9973E-05 0.328992 0.0319797 0.340089 0.023734 0.143316 0.0789935 0.0525954 9.9973E-05 9.9973E-05
0.0453985 0.396238 9.9946E-05 0.479276 9.9946E-05 9.9946E-05 9.9946E-05 0.0784876 9.9946E-05 9.9946E-05
9.9964E-05 0.308753 0.0546366 0.397913 9.9964E-05 9.9964E-05 0.0584007 9.9964E-05 0.0153416 0.164556
0.0134391 0.546498 9.9973E-05 0.290108 0.0810562 0.00407857 9.9973E-05 0.0444599 9.9973E-05 0.0200598
0.0523429 0.368059 9.9982E-05 0.297519 0.12741 9.9982E-05 0.0295179 0.0407189 0.0109102 0.0733219
0.0753318 0.335302 0.0448 0.239959 0.061522 0.0848472 0.097285 0.0265591 0.0133099 0.0210834
0.111249 0.372995 0.128925 9.9982E-05 0.0602271 0.0214311 0.240895 9.9982E-05 0.0481286 0.0159498
0.191373 0.341501 0.054241 0.049179 0.0411061 0.121395 0.103913 0.0160397 0.0745601 0.00669109
0.1638 0.522203 0.0187572 0.059447 0.0343738 0.0103173 0.110365 9.9982E-05 9.9982E-05 0.0805365
0.114376 0.513868 0.135078 0.0254997 0.0714597 9.9973E-05 0.0327522 0.106666 9.9973E-05 9.9973E-05
0.141607 0.508449 0.0419429 0.0285557 0.0365191 0.0302914 0.171434 0.0410007 9.9982E-05 9.9982E-05
0.0375739 0.31796 9.9973E-05 0.344966 0.0760404 9.9973E-05 9.9973E-05 0.0931262 0.123452 0.00658164
0.035892 0.460903 0.0798834 9.9982E-05 0.0990045 9.9982E-05 0.205598 0.0775212 0.00286487 0.0381334
0.0514039 0.0118822 0.44284 0.0555504 0.0665796 0.170263 0.0988509 9.9982E-05 0.10243 9.9982E-05
0.167082 0.368052 0.0803955 0.0761991 0.0640058 0.117203 0.0595598 9.9982E-05 9.9982E-05 0.0673037
0.112297 0.498814 9.9982E-05 0.0265708 0.0824536 0.0268724 0.0895453 0.0803789 9.9982E-05 0.0828684
0.225369 0.350576 0.0557205 0.0580602 0.0359382 0.11776 0.029499 0.0824227 0.00560115 0.0390534
0.111547 0.247238 0.197107 0.0989391 0.140319 0.0909106 0.108614 9.9982E-05 0.00512525 9.9982E-05
0.0320021 0.511609 0.180497 9.9964E-05 0.062989 9.9964E-05 0.126951 9.9964E-05 0.0855523 9.9964E-05
0.112233 0.518063 0.0515445 0.167372 9.9964E-05 9.9964E-05 0.0884589 9.9964E-05 0.0619296 9.9964E-05
0.083922 9.9955E-05 0.466467 0.0152122 9.9955E-05 0.0950416 0.338857 9.9955E-05 9.9955E-05 9.9955E-05
0.0868153 0.534798 0.0606529 9.9964E-05 0.0593658 9.9964E-05 0.239853 0.0181153 9.9964E-05 9.9964E-05
0.0870685 0.583818 0.13744 9.9964E-05 9.9964E-05 9.9964E-05 0.104156 0.0703132 9.9964E-05 0.0168047
0.0456488 0.606578 0.0287262 0.0923852 0.0147504 0.0346205 0.129441 9.9982E-05 0.0476501 9.9982E-05
0.105055 0.535118 0.125309 0.0705684 9.9964E-05 9.9964E-05 0.118261 9.9964E-05 0.0452895 9.9964E-05
0.140486 0.397368 9.9973E-05 9.9973E-05 0.140167 9.9973E-05 0.176934 0.0245397 0.111573 0.00863168
0.0305778 0.437462 9.99789E-05 0.0225361 9.99789E-05 0.0318364 9.99789E-05 0.400393 0.041137 0.035758
0.0500524 0.39835 0.141679 0.0517606 0.0652943 9.9991E-05 0.0412139 0.168709 0.0476284 0.0352123
9.9955E-05 9.9955E-05 9.9955E-05 0.0167361 0.120971 0.0311796 9.9955E-05 0.76414 0.0664733 9.9955E-05
9.99549E-05 9.99549E-05 9.99549E-05 0.0425395 9.99549E-05 0.0148135 0.000563439 0.885392 0.0561922 9.99549E-05
0.0270858 0.472226 9.9973E-05 0.0765105 0.00177295 9.9973E-05 0.0848924 0.336945 9.9973E-05 0.000268284
0.288219 0.32836 0.0950278 9.9973E-05 0.0419167 9.9973E-05 0.0762159 0.0884132 0.0815471 9.9973E-05
0.318432 0.250975 0.190728 0.0319825 9.9982E-05 0.0338543 0.0330442 0.137747 0.00303622 9.9982E-05
0.17324 0.165524 0.243219 9.9973E-05 0.0980889 9.9973E-05 0.128248 0.171415 0.0199665 9.9973E-05
0.180407 0.362447 0.171182 9.9964E-05 0.0844274 9.9964E-05 0.105684 0.0954528 9.9964E-05 9.9964E-05
0.0322521 0.104421 0.235418 9.9946E-05 9.9946E-05 9.9946E-05 9.9946E-05 0.627309 9.9946E-05 9.9946E-05
9.9946E-05 0.179005 0.213717 9.9946E-05 9.9946E-05 9.9946E-05 0.0383726 0.568305 9.9946E-05 9.9946E-05
0.080924 0.495146 0.0579644 9.9964E-05 0.00430024 9.9964E-05 9.9964E-05 0.307482 9.9964E-05 0.0537834
0.0518459 0.439182 9.9946E-05 9.9946E-05 9.9946E-05 9.9946E-05 0.0412874 0.467085 9.9946E-05 9.9946E-05
0.00894493 0.245106 0.151387 9.9946E-05 9.9946E-05 9.9946E-05 9.9946E-05 0.593963 9.9946E-05 9.9946E-05
0.0250911 0.470238 0.0697873 9.9973E-05 9.9973E-05 0.0785702 0.055429 0.255744 9.9973E-05 0.0448405
0.0984699 0.425647 0.0685177 0.0807415 9.9964E-05 9.9964E-05 9.9964E-05 0.31708 0.0091443 9.9964E-05
0.126291 0.425296 0.0665657 9.9982E-05 0.071695 0.112335 0.0270065 0.12737 9.9982E-05 0.0432412
9.9955E-05 0.269688 9.9955E-05 0.0604236 0.116546 9.9955E-05 9.9955E-05 0.518818 9.9955E-05 0.0340244
0.0359339 0.310199 9.9982E-05 0.0763069 0.0113223 0.0319175 9.9982E-05 0.421941 0.0950324 0.0171468
9.9964E-05 0.479613 9.9964E-05 9.9964E-05 9.9964E-05 0.202073 0.0711548 0.187118 0.031026 0.0286152
0.0221192 0.338737 9.9991E-05 0.0310366 0.0164406 0.0366845 0.105379 0.347934 0.0189913 0.0825774
0.0454489 0.378418 0.0593224 9.9982E-05 0.0893912 0.159775 9.9982E-05 0.135478 0.0597101 0.0722566
9.9946E-05 0.416538 9.9946E-05 0.112274 9.9946E-05 9.9946E-05 9.9946E-05 0.33023 0.140359 9.9946E-05
9.9955E-05 0.171683 9.9955E-05 0.0685006 0.000110083 9.9955E-05 9.9955E-05 0.709079 9.9955E-05 0.0501273
9.9955E-05 0.54614 9.9955E-05 9.9955E-05 9.9955E-05 0.0572699 9.9955E-05 0.335502 0.0345322 0.026056
9.99549E-05 0.195777 0.0111455 0.104207 9.99549E-05 9.99549E-05 9.99549E-05 0.636463 9.99549E-05 0.0519077
9.9955E-05 0.395046 9.9955E-05 9.9955E-05 0.0369377 9.9955E-05 9.9955E-05 0.401373 0.12156 0.0445838
0.0555676 0.49423 9.9964E-05 9.9964E-05 9.9964E-05 0.108944 0.0557192 0.200779 0.0843607 9.9964E-05
0.0270725 0.406085 9.9964E-05 0.01938 9.9964E-05 0.0817252 9.9964E-05 0.376484 0.0888539 9.9964E-05
0.0609247 0.603053 0.0557953 9.9964E-05 0.0543539 9.9964E-05 0.134145 0.0913277 9.9964E-05 9.9964E-05
0.168924 0.298716 0.0406967 0.131421 0.080217 9.9982E-05 0.0865979 0.151414 0.0418139 9.9982E-05
0.179204 0.349122 0.0654105 9.9991E-05 0.0378485 0.00943499 0.117044 0.0734038 0.121675 0.0467572
0.210777 0.318227 0.0926675 9.9991E-05 0.102036 0.0082674 0.0393136 0.0904586 0.115338 0.0228142
0.103072 0.458841 0.0487054 0.0700139 9.9982E-05 0.0232245 0.126211 9.9982E-05 0.108754 0.0609782
0.123764 0.38428 0.0329596 9.9973E-05 9.9973E-05 9.9973E-05 0.114118 0.128219 0.0755812 0.140778
0.11974 9.9955E-05 0.0701186 9.9955E-05 9.9955E-05 9.9955E-05 0.158484 0.60537 0.0457877 9.9955E-05
0.159482 0.531562 0.0450583 9.9964E-05 9.9964E-05 9.9964E-05 0.0821824 0.166779 9.9964E-05 0.0145369
0.0572372 9.9946E-05 0.252588 9.9946E-05 9.9946E-05 9.9946E-05 0.284201 0.405375 9.9946E-05 9.9946E-05
0.211304 0.432383 0.0754083 9.9946E-05 9.9946E-05 9.9946E-05 9.9946E-05 0.280306 9.9946E-05 9.9946E-05
9.9937E-05 0.0583913 9.9937E-05 9.9937E-05 9.9937E-05 0.130665 9.9937E-05 0.810244 9.9937E-05 9.9937E-05
9.9937E-05 9.9937E-05 9.9937E-05 9.9937E-05 0.0238028 0.103788 9.9937E-05 0.87171 9.9937E-05 9.9937E-05
