9.9964E-05 0.0382772 0.848147 9.9964E-05 9.9964E-05 0.0398864 9.9964E-05 0.0463086 0.0269814
9.9964E-05 0.00853331 0.926735 0.0207926 9.9964E-05 9.9964E-05 0.0233269 9.9964E-05 0.0202122
9.9973E-05 0.0595378 0.768991 9.9973E-05 0.110375 0.00342276 9.9973E-05 0.0302048 0.0271687
9.9973E-05 0.0386261 0.761731 9.9973E-05 0.0674231 9.9973E-05 0.0374216 0.0543505 0.0401474
9.9955E-05 9.9955E-05 0.856815 9.9955E-05 0.0754709 9.9955E-05 9.9955E-05 0.0439252 0.0232893
0.161365 0.0313008 0.539247 0.0277931 0.122871 9.9991E-05 0.0244963 0.0149556 0.0778719
0.15126 0.0630272 0.731195 9.9964E-05 0.0181764 0.0359418 9.9964E-05 9.9964E-05 9.9964E-05
0.125218 0.0488482 0.671218 9.9982E-05 0.0202637 0.0262679 9.9982E-05 0.00164411 0.106339
0.0400531 0.0255885 0.784351 0.0731758 9.99639E-05 9.99639E-05 9.99639E-05 9.99639E-05 0.0764316
0.0484042 9.9973E-05 0.70169 9.9973E-05 0.0766306 9.9973E-05 0.0789815 0.0591274 0.0348661
0.172023 9.9964E-05 0.68716 9.9964E-05 0.0214756 0.0374561 9.9964E-05 9.9964E-05 0.0814863
9.9955E-05 9.9955E-05 9.9955E-05 0.0359967 0.0416661 0.848935 9.9955E-05 0.0729024 9.9955E-05
9.9964E-05 0.0448542 9.9964E-05 9.9964E-05 0.483639 0.402631 9.9964E-05 0.0261851 0.0422908
0.0196557 0.00713019 0.0731174 9.9982E-05 0.0850363 0.677327 0.082252 0.0552812 9.9982E-05
9.9964E-05 0.00713023 0.0782945 9.9964E-05 0.138845 0.629417 9.9964E-05 0.145913 9.9964E-05
0.0463115 0.0429058 0.0871136 0.0366168 0.28353 0.427531 9.9991E-05 0.0735211 0.00236989
9.9973E-05 0.00126929 9.9973E-05 9.9973E-05 0.407631 0.366089 0.0251224 0.159606 0.0399828
0.0326815 9.9982E-05 0.0175847 0.0630519 0.318979 0.448734 0.0475562 0.0712123 9.9982E-05
9.9955E-05 9.9955E-05 0.133331 9.9955E-05 0.154623 0.58371 9.9955E-05 0.127837 9.9955E-05
0.0493612 0.0104594 0.0688226 9.9964E-05 9.9964E-05 0.855914 9.9964E-05 9.9964E-05 0.0150426
9.9982E-05 0.0561859 9.9982E-05 0.0686091 0.332203 0.392528 0.0525176 0.0414694 0.0562872
0.167561 0.0333028 0.0470095 0.123896 0.318497 0.209889 9.9991E-05 0.0631004 0.0366431
9.9964E-05 9.9964E-05 0.0431191 0.0261665 0.553489 0.330039 0.0467864 9.9964E-05 9.9964E-05
0.0299841 0.0333325 9.9973E-05 0.0595446 0.0943987 0.70029 9.9973E-05 0.08215 9.9973E-05
0.069861 9.9982E-05 0.0523356 0.0337024 0.565596 0.228285 0.0260339 0.0239858 9.9982E-05
0.0821756 0.0456949 9.9964E-05 9.9964E-05 0.528452 0.341153 9.9964E-05 0.00212393 9.9964E-05
9.9964E-05 0.0151741 0.0451107 9.9964E-05 0.0120412 0.83852 9.9964E-05 0.0887538 9.9964E-05
0.0483813 0.00976935 0.0119355 9.9973E-05 0.0682767 0.735385 9.9973E-05 0.125953 9.9973E-05
0.00946938 9.9964E-05 0.0632945 9.9964E-05 0.156533 0.764252 0.00605118 9.9964E-05 9.9964E-05
9.993E-05 0.999201 9.993E-05 9.993E-05 9.993E-05 9.993E-05 9.993E-05 9.993E-05 9.993E-05
9.993E-05 0.999201 9.993E-05 9.993E-05 9.993E-05 9.993E-05 9.993E-05 9.993E-05 9.993E-05
9.9955E-05 0.349539 0.524068 0.0213209 0.104572 9.9955E-05 9.9955E-05 9.9955E-05 9.9955E-05
0.0106695 0.275695 0.4994 0.0422228 0.0801994 9.9973E-05 9.9973E-05 0.0915133 9.9973E-05
0.0864535 9.9973E-05 0.0192226 0.145581 0.598979 0.0934526 9.9973E-05 9.9973E-05 0.0560112
0.0103111 0.030661 0.041619 0.305362 0.49679 0.0145288 9.9982E-05 9.9982E-05 0.100528
0.0368467 0.00378321 9.9964E-05 0.303223 0.609315 9.9964E-05 0.0464321 9.9964E-05 9.9964E-05
9.9973E-05 0.0251974 0.111349 0.0397486 0.0275915 0.730012 9.9973E-05 9.9973E-05 0.0658015
0.0626382 0.0123201 0.0354073 0.529547 0.35783 9.9973E-05 9.9973E-05 9.9973E-05 0.00195758
9.9955E-05 9.9955E-05 0.0831714 0.321555 0.510176 0.0845975 9.9955E-05 9.9955E-05 9.9955E-05
0.038089 0.020755 9.9964E-05 0.20676 0.684866 9.9964E-05 9.9964E-05 0.0491306 9.9964E-05
0.105265 0.0534831 0.0463589 0.113187 0.574004 9.9982E-05 9.9982E-05 0.0193618 0.0881402
0.109474 0.0792313 0.0472502 0.0735457 0.58055 9.9982E-05 9.9982E-05 0.0153018 0.094447
0.0286692 0.0368994 9.9982E-05 0.682068 0.117541 0.0716614 9.9982E-05 0.0107081 0.0522524
0.265199 0.00458149 0.0225644 9.9982E-05 0.569997 0.0879417 9.9982E-05 0.0139919 0.0355249
0.0199151 9.9973E-05 9.9973E-05 0.112819 0.635372 9.9973E-05 0.0401949 0.127381 0.0640191
0.0439848 0.0721252 0.122321 0.101361 0.537697 0.0892565 0.0277149 9.9991E-05 0.00543962
9.9955E-05 0.0168615 9.9955E-05 0.669345 0.293212 9.9955E-05 0.0200822 9.9955E-05 9.9955E-05
0.0735294 0.0550043 9.9955E-05 0.243878 0.627089 9.9955E-05 9.9955E-05 9.9955E-05 9.9955E-05
0.0325768 0.0724774 0.126607 0.175309 0.542197 9.9982E-05 0.0245443 0.0260878 9.9982E-05
0.241985 9.9955E-05 0.0785235 0.656699 9.9955E-05 0.0222924 9.9955E-05 9.9955E-05 9.9955E-05
0.0382239 9.9973E-05 9.9973E-05 0.227137 0.075978 0.389776 0.0705739 9.9973E-05 0.198011
0.359618 9.9964E-05 9.9964E-05 0.194392 0.018835 0.4129 0.0138558 9.9964E-05 9.9964E-05
0.0654405 0.00995195 0.0148472 0.0595373 0.427506 0.211223 9.9991E-05 0.124593 0.086801
0.116743 0.0264777 0.00562645 9.9982E-05 0.534944 0.232817 0.0403401 0.0428526 9.9982E-05
0.0397384 0.0463222 9.9982E-05 9.9982E-05 0.548811 0.111589 0.173283 0.05408 0.0259774
0.02398 9.9982E-05 0.122516 0.251241 0.0953572 0.265933 0.0313712 9.9982E-05 0.209401
0.0275172 0.000165842 9.9973E-05 0.081047 0.547383 0.323495 9.9973E-05 9.9973E-05 0.020092
0.0665684 9.9982E-05 0.0644763 0.0431068 0.579039 0.160346 9.9982E-05 0.074872 0.0113915
0.0816551 0.034987 0.0821237 0.0969183 0.354507 0.241311 0.0151287 9.9991E-05 0.0932696
0.1044 0.00689168 0.204013 0.104023 0.0307508 0.47914 9.9991E-05 0.0279565 0.0427259
0.00427735 0.0697107 9.9991E-05 0.150061 0.454226 0.107861 0.0131614 0.0415338 0.159069
0.0217791 0.00488849 0.0398843 0.0617775 0.293119 0.409732 0.072553 0.0620939 0.0341734
0.0901122 0.0534674 0.0289576 0.194306 9.9973E-05 0.531523 9.9973E-05 9.9973E-05 0.101334
0.0113172 0.0396463 9.9982E-05 0.0330071 0.37023 0.386208 0.148525 9.9982E-05 0.0108668
0.0642602 0.0341118 0.0169073 0.0813232 0.610087 0.0279054 0.119435 0.0344428 0.0115277
0.0811961 0.0580548 0.0304004 9.9982E-05 0.490815 0.241831 0.0892406 9.9982E-05 0.0082612
0.137153 0.0154826 0.0588587 0.14604 0.188186 0.390439 9.9982E-05 0.0636415 9.9982E-05
0.0365926 0.0930977 9.9991E-05 0.0443256 0.460955 0.288535 0.0407861 0.0199284 0.0156797
0.0269508 0.0619446 9.9982E-05 0.0147065 0.578412 0.0457006 0.0810124 9.9982E-05 0.191072
0.165415 0.0707715 9.9973E-05 0.0674613 0.100518 0.523066 9.9973E-05 9.9973E-05 0.0724695
9.9964E-05 9.9964E-05 9.9964E-05 0.341361 0.503286 0.10493 0.00821402 9.9964E-05 0.0418099
9.9964E-05 0.0433213 9.9964E-05 0.56954 0.1199 0.248638 9.9964E-05 0.0182007 9.9964E-05
9.9973E-05 9.9973E-05 0.0964462 0.164039 0.560002 0.0111395 0.104421 0.0636534 9.9973E-05
0.071416 9.9955E-05 0.0128453 0.899736 9.9955E-05 9.9955E-05 0.0155027 9.9955E-05 9.9955E-05
0.0922131 9.9964E-05 9.9964E-05 0.815759 0.00959054 0.0573986 0.024639 9.9964E-05 9.9964E-05
9.9937E-05 9.9937E-05 9.9937E-05 0.682106 0.317195 9.9937E-05 9.9937E-05 9.9937E-05 9.9937E-05
9.9982E-05 0.0269308 0.0125539 0.388935 0.445514 0.0743197 9.9982E-05 0.0371386 0.0144081
0.0540128 0.0382437 0.102495 0.121372 0.664316 9.9982E-05 0.0154805 9.9982E-05 0.00387936
9.9964E-05 9.9964E-05 9.9964E-05 0.455517 0.405243 0.062747 9.9964E-05 0.0239842 0.0521092
9.9973E-05 9.9973E-05 0.0153926 0.649161 0.0747302 0.0427569 9.9973E-05 0.0664376 0.151222
9.9973E-05 0.0347925 0.0178577 0.470205 0.201352 9.9973E-05 9.9973E-05 0.0255631 0.24993
9.9982E-05 0.0460686 0.0369714 0.202436 0.474904 9.9982E-05 0.049932 0.0754573 0.114031
9.9982E-05 0.0013817 0.0430023 0.457263 0.259337 0.175174 9.9982E-05 0.0586813 0.00496051
9.9973E-05 0.0236727 0.0735108 0.461573 0.415754 0.0216457 0.00354356 9.9973E-05 9.9973E-05
9.9964E-05 0.0114691 0.00323417 0.502517 0.434188 9.9964E-05 0.0481921 9.9964E-05 9.9964E-05
0.130288 9.9946E-05 9.9946E-05 0.730436 9.9946E-05 9.9946E-05 0.138677 9.9946E-05 9.9946E-05
0.0273569 0.0244365 9.9982E-05 0.117997 0.670337 0.0779388 9.9982E-05 0.0367013 0.0450328
9.9982E-05 0.0189136 0.784144 0.00072102 0.0647296 0.100252 9.9982E-05 0.00969354 0.0213462
9.9946E-05 0.119656 0.799728 9.9946E-05 0.0800157 9.9946E-05 9.9946E-05 9.9946E-05 9.9946E-05
9.9964E-05 0.0840927 0.782977 9.9964E-05 0.0558735 9.9964E-05 9.9964E-05 0.0547504 0.0219065
0.0484456 0.096043 0.789142 9.9955E-05 0.0658697 9.9955E-05 9.9955E-05 9.9955E-05 9.9955E-05
9.9955E-05 0.10962 0.766129 9.9955E-05 0.0858575 9.9955E-05 0.037893 9.9955E-05 9.9955E-05
0.00994792 0.0268829 0.833179 0.0117305 0.0536226 9.9991E-05 0.0288557 0.0176049 0.0180767
9.99461E-05 0.0363291 0.880652 9.99461E-05 0.0824191 9.99461E-05 9.99461E-05 9.99461E-05 9.99461E-05
9.9982E-05 0.0130842 0.0603879 0.167675 0.489981 9.9982E-05 0.123597 0.139359 0.00571559
0.0247294 9.9973E-05 0.0972973 0.322782 0.412331 0.0574985 9.9973E-05 0.0850617 9.9973E-05
9.9973E-05 0.0131838 0.00701408 0.683759 0.0632017 0.217856 0.0146853 9.9973E-05 9.9973E-05
9.9991E-05 0.0461222 0.0535267 0.204533 0.527938 0.0542894 0.00282342 0.0806326 0.0300343
9.9955E-05 9.9955E-05 0.062383 0.388717 0.406947 0.141453 9.9955E-05 9.9955E-05 9.9955E-05
9.9964E-05 0.0439439 0.0581594 0.34371 0.514306 9.9964E-05 0.0394812 9.9964E-05 9.9964E-05
9.9991E-05 0.0239138 0.0581408 0.159843 0.415522 0.0971776 0.181412 0.0290811 0.0348092
9.9964E-05 9.9964E-05 0.00705408 0.445511 0.392969 9.9964E-05 0.0441488 0.109917 9.9964E-05
9.9955E-05 9.9955E-05 0.0597394 0.695713 9.9955E-05 0.231177 9.9955E-05 9.9955E-05 0.012871
9.9973E-05 9.9973E-05 0.109666 0.149133 0.420535 9.9973E-05 0.0604298 0.112697 0.147239
0.069899 0.00659594 0.0764823 0.155879 0.635474 0.0300938 0.00217081 0.0210277 0.00237696
0.0973642 0.0218282 0.0369643 0.0817554 0.654895 9.9982E-05 9.9982E-05 0.00238053 0.104612
0.113404 0.0237945 9.9964E-05 0.539199 0.314655 9.9964E-05 0.00854782 9.9964E-05 9.9964E-05
9.9973E-05 0.0181626 0.0256385 0.397598 0.513464 9.9973E-05 0.0385657 0.0062716 9.9973E-05
9.9964E-05 0.0342434 9.9964E-05 0.381546 0.338803 0.181018 9.9964E-05 0.0639897 9.9964E-05
0.00729478 9.9964E-05 9.9964E-05 0.553828 0.280652 9.9964E-05 0.0299878 0.127837 9.9964E-05
9.9964E-05 0.00135825 0.128263 0.398379 0.452212 9.9964E-05 9.9964E-05 9.9964E-05 0.0193876
9.9973E-05 0.00532466 0.110429 0.144227 0.551543 0.0404061 9.9973E-05 9.9973E-05 0.14777
0.0752008 0.0225495 9.9982E-05 9.9982E-05 0.172061 0.444273 0.178197 0.0289463 0.0785722
0.0655686 0.0545425 0.0318161 9.9982E-05 0.371598 0.339092 9.9982E-05 0.0245029 0.11268
0.0329549 0.0626295 0.0509753 0.00507378 0.5248 0.315752 0.00761497 9.9982E-05 9.9982E-05
0.0189903 0.0300125 0.0164527 0.14118 0.611518 0.0310289 0.028278 0.0505902 0.0719489
0.0123982 0.0616965 9.9982E-05 0.0201227 0.443667 0.377183 0.0121381 9.9982E-05 0.0725945
9.9964E-05 9.9964E-05 9.9964E-05 9.9964E-05 0.466262 0.237448 0.0601255 0.117582 0.118182
9.9982E-05 9.9982E-05 0.0183088 0.0153315 0.426241 0.372519 0.0368646 0.000467157 0.130068
0.16356 9.9982E-05 0.0797268 0.00599237 0.521594 0.111015 0.0755885 9.9982E-05 0.042323
0.0923968 9.9973E-05 0.0696104 0.087116 0.62607 0.0986871 9.9973E-05 0.0258197 9.9973E-05
0.0515003 0.0602846 0.0183841 0.0879487 0.54895 0.232632 9.9973E-05 9.9973E-05 9.9973E-05
9.9964E-05 0.0134848 9.9964E-05 9.9964E-05 0.470734 0.29113 0.0587224 9.9964E-05 0.165529
0.0524174 0.0522252 0.0043676 0.00597385 0.610082 0.0122055 0.0804069 0.114196 0.0681253
0.0419062 0.0248431 0.0920098 0.0550828 0.574314 0.0528648 0.0826808 0.000169497 0.0761293
9.9964E-05 9.9964E-05 9.9964E-05 9.9964E-05 0.498071 0.229931 0.12243 0.0867122 0.0624563
0.157769 0.08722 9.9982E-05 9.9982E-05 0.510936 0.112566 0.0347315 0.0753568 0.0212206
9.9982E-05 0.0350297 9.9982E-05 0.0458235 0.519658 0.184667 0.0423872 0.0659391 0.106296
0.091004 0.0186306 0.0894096 9.9982E-05 0.382644 0.294241 0.0872625 9.9982E-05 0.0366085
9.9973E-05 9.9973E-05 0.00930941 9.9973E-05 0.501859 0.110967 0.0554172 0.143209 0.178938
0.0745967 0.00791804 9.9982E-05 9.9982E-05 0.636753 0.0531341 0.110496 0.0514588 0.0654428
0.0383329 0.00181796 9.9991E-05 0.110947 0.148613 0.448338 0.0498256 0.0696509 0.132374
0.24217 9.9991E-05 0.00894414 0.0406262 0.102169 0.369806 0.160841 0.0335192 0.0418249
0.0426468 0.0373905 0.0208701 0.0174795 0.499286 0.132973 9.9982E-05 9.9982E-05 0.249154
0.207224 9.9982E-05 9.9982E-05 0.138262 0.0611739 0.189368 0.210939 0.0327181 0.160116
9.9973E-05 9.9973E-05 0.111909 0.0835722 0.199837 0.466554 0.0464788 9.9973E-05 0.0913491
0.0294118 9.9982E-05 0.0183284 0.0153835 0.351586 0.40054 0.0801302 9.9982E-05 0.10442
9.9964E-05 0.0438016 9.9964E-05 0.121358 0.279958 0.411599 9.9964E-05 9.9964E-05 0.142884
0.0388174 9.9964E-05 9.9964E-05 0.015776 0.214072 0.608799 9.9964E-05 9.9964E-05 0.122136
0.019081 0.0137525 0.0335891 9.9982E-05 0.56305 0.27431 9.9982E-05 0.0472567 0.0487613
0.100753 9.9991E-05 0.0891534 0.012687 0.477108 0.181303 0.0438668 0.083442 0.011587
9.9982E-05 0.0397493 0.000467351 9.9982E-05 0.530835 0.205415 0.136642 0.0283568 0.0583347
0.239249 9.9982E-05 9.9982E-05 0.083896 0.0364938 0.490815 0.0572316 0.0752514 0.0168627
0.0255057 0.00886805 0.176095 0.152894 0.523128 9.9982E-05 9.9982E-05 0.0978522 0.0154578
0.240994 9.9973E-05 0.0254552 0.0218182 0.4941 0.15815 9.9973E-05 0.0591829 9.9973E-05
0.385349 0.0379735 0.119281 0.179332 9.9982E-05 0.130463 0.126183 9.9982E-05 0.0212182
0.044158 0.00867744 0.0819701 0.0836628 0.651522 0.0421553 0.0635036 0.024251 9.9991E-05
0.214114 9.9991E-05 0.0492555 0.212151 0.298402 0.0287089 0.0716332 0.0698234 0.0558119
0.182918 0.0476675 0.017404 0.0646014 0.428334 0.0929676 0.0825223 0.0834855 9.9991E-05
0.449573 0.0337956 0.05295 0.120948 0.248474 0.0163595 0.0117546 9.9991E-05 0.0660454
0.351253 0.026446 0.021823 0.129395 0.176319 0.119417 0.0693221 9.9991E-05 0.105925
0.194348 0.019874 9.9973E-05 9.9973E-05 0.429539 0.0724163 0.150119 9.9973E-05 0.133403
0.161604 0.00780131 0.135959 0.0390477 0.613474 0.00498877 0.00983096 9.9991E-05 0.0271941
0.0936721 9.9982E-05 0.120455 0.0770904 0.341006 0.127641 0.151474 0.0884604 9.9982E-05
0.394421 0.0189516 0.0291447 0.212215 9.9982E-05 0.176692 9.9982E-05 0.145019 0.0233555
0.0289629 9.9982E-05 0.1631 0.0172996 0.44644 0.174421 0.145832 0.0237441 9.9982E-05
0.259833 9.9964E-05 9.9964E-05 0.174602 0.334237 0.213722 9.9964E-05 9.9964E-05 0.0172063
0.161695 9.9973E-05 9.9973E-05 0.186651 0.405064 0.196279 0.0425872 9.9973E-05 0.0074246
0.100341 0.0413205 0.0869887 0.165556 0.465406 9.9991E-05 0.048752 0.0876782 0.00385749
0.30509 0.0612451 0.20247 9.9973E-05 0.0670821 0.0980359 9.9973E-05 0.265777 9.9973E-05
0.358463 9.9946E-05 0.503682 9.9946E-05 9.9946E-05 9.9946E-05 9.9946E-05 0.137255 9.9946E-05
0.440663 0.0526987 0.37616 9.9955E-05 9.9955E-05 9.9955E-05 9.9955E-05 0.129978 9.9955E-05
0.20765 0.0107801 0.31252 9.9973E-05 0.0485138 0.0992103 9.9973E-05 0.321025 9.9973E-05
0.274818 0.0108836 9.9964E-05 0.0475878 0.639462 0.026849 9.9964E-05 9.9964E-05 9.9964E-05
9.9991E-05 0.0217355 0.0214272 0.0147372 0.46441 0.140046 0.0626816 0.143442 0.13142
9.9946E-05 9.9946E-05 9.9946E-05 9.9946E-05 0.21774 0.0425658 9.9946E-05 0.739095 9.9946E-05
9.9991E-05 0.00332269 0.0662973 0.0145006 0.313195 0.0494356 0.0657819 0.433705 0.0536624
0.00220819 0.0508273 0.0448337 0.0379361 0.349247 0.0419842 0.0563807 0.367878 0.0487051
0.368243 9.9964E-05 9.9964E-05 0.0920169 0.320222 0.0836024 0.135516 9.9964E-05 9.9964E-05
0.189836 0.0397975 9.9982E-05 0.118781 0.397387 0.0286129 9.9982E-05 0.107855 0.11753
0.499472 9.9964E-05 9.9964E-05 0.0328081 0.218249 0.0586452 0.190426 9.9964E-05 9.9964E-05
0.215474 9.9973E-05 0.0472521 0.103529 0.597245 0.0302463 9.9973E-05 0.00595323 9.9973E-05
0.132961 9.9982E-05 0.0371392 0.0116717 0.4766 0.121981 0.207674 9.9982E-05 0.011773
0.207031 9.9982E-05 9.9982E-05 0.0242805 0.603329 0.0203624 0.0924 0.0253998 0.0269969
0.39414 9.9973E-05 9.9973E-05 0.0722298 0.16736 0.262519 0.102222 9.9973E-05 0.00122946
0.119507 9.9982E-05 0.0265872 0.110782 0.504637 9.9982E-05 0.0411919 0.137308 0.0597881
0.203051 9.9973E-05 0.100753 0.0444143 0.543129 9.9973E-05 0.0723268 0.0360251 9.9973E-05
9.9955E-05 9.9955E-05 9.9955E-05 9.9955E-05 0.0104473 0.00326802 0.01812 0.967665 9.9955E-05
9.9973E-05 9.9973E-05 9.9973E-05 0.0134355 0.0241971 0.00263909 0.0252021 0.913405 0.0208216
0.00829625 9.9982E-05 0.0313745 0.069088 0.309486 0.0740346 0.00673437 0.500786 9.9982E-05
9.9955E-05 9.9955E-05 0.0201745 9.9955E-05 0.306183 9.9955E-05 9.9955E-05 0.636779 0.0363636
9.9973E-05 0.000594928 0.0177989 0.0943665 0.092743 9.9973E-05 9.9973E-05 0.784814 0.00938303
9.993E-05 9.993E-05 9.993E-05 9.993E-05 9.993E-05 9.993E-05 9.993E-05 0.999201 9.993E-05
9.9937E-05 9.9937E-05 9.9937E-05 9.9937E-05 9.9937E-05 9.9937E-05 9.9937E-05 0.930014 0.0692864
9.9964E-05 9.9964E-05 9.9964E-05 0.00095047 0.0845473 0.0252016 0.00916606 0.879735 9.9964E-05
9.9955E-05 0.00929503 9.9955E-05 9.9955E-05 9.9955E-05 0.0121675 9.9955E-05 0.954463 0.0235745
9.993E-05 9.993E-05 9.993E-05 9.993E-05 9.993E-05 9.993E-05 9.993E-05 0.999201 9.993E-05
9.9937E-05 0.0242163 9.9937E-05 9.9937E-05 9.9937E-05 9.9937E-05 9.9937E-05 0.975084 9.9937E-05
9.9964E-05 0.0526228 9.9964E-05 9.9964E-05 0.145946 0.0215816 0.00422926 0.775221 9.9964E-05
9.9964E-05 9.9964E-05 0.0409309 9.9964E-05 0.149603 0.0231571 9.9964E-05 0.780665 0.00524452
9.9937E-05 9.9937E-05 9.9937E-05 0.0451818 9.9937E-05 9.9937E-05 9.9937E-05 0.954119 9.9937E-05
9.9982E-05 0.0289609 0.0464072 0.0199123 0.27334 0.17859 9.9982E-05 0.391462 0.0611281
9.9964E-05 0.0802077 9.9964E-05 0.00698658 0.206732 9.9964E-05 9.9964E-05 0.636867 0.0688074
0.0164839 0.0247814 0.05882 9.9973E-05 0.0773304 9.9973E-05 9.9973E-05 0.782303 0.0399813
9.9955E-05 9.9955E-05 0.00614235 9.9955E-05 0.0936158 0.0357647 9.9955E-05 0.863977 9.9955E-05
9.9937E-05 9.9937E-05 9.9937E-05 0.0124974 9.9937E-05 9.9937E-05 9.9937E-05 0.986803 9.9937E-05
9.9955E-05 9.9955E-05 0.0196648 9.9955E-05 0.0321567 9.9955E-05 9.9955E-05 0.922994 0.0246846
9.9937E-05 0.0365309 9.9937E-05 9.9937E-05 9.9937E-05 9.9937E-05 9.9937E-05 0.96277 9.9937E-05
0.000301521 9.9973E-05 0.0952306 9.9973E-05 0.204501 0.0132439 9.9973E-05 0.65873 0.0276933
0.00329812 9.9973E-05 9.9973E-05 0.0537811 9.9973E-05 0.0126595 0.0152241 0.892076 0.0226612
0.58456 9.9955E-05 0.293894 0.0396501 9.9955E-05 9.9955E-05 0.0813954 9.9955E-05 9.9955E-05
0.151997 0.05845 0.146048 9.9982E-05 0.434086 0.0619863 9.9982E-05 0.000701804 0.146531
0.222674 9.9964E-05 0.198494 9.9964E-05 0.444454 9.9964E-05 9.9964E-05 0.0404582 0.0935202
0.405253 0.0648745 0.186815 9.9982E-05 0.160724 9.9982E-05 0.0624562 0.105531 0.0141449
0.207293 9.9982E-05 0.0504174 0.0363151 0.398297 9.9982E-05 0.121299 0.136198 0.0499799
0.417129 0.0480486 0.169775 0.0665417 0.130773 9.9982E-05 0.00702213 0.160512 9.9982E-05
0.119323 0.0472232 0.108195 9.9991E-05 0.405534 0.0670762 0.0311068 0.107639 0.113803
0.415026 9.9955E-05 0.0674328 9.9955E-05 0.362881 9.9955E-05 9.9955E-05 0.15416 9.9955E-05
0.163043 0.0674118 0.120395 9.9982E-05 0.449093 0.0418751 9.9982E-05 0.135724 0.0222574
0.335977 0.0683454 0.0377556 9.9973E-05 0.326117 9.9973E-05 0.0250821 0.206423 9.9973E-05
0.184992 0.0470096 0.137169 9.9991E-05 0.465215 0.0771478 0.0014219 0.0571169 0.0298272
0.0382724 9.9973E-05 0.811022 0.00425969 0.073847 9.9973E-05 0.0144547 9.9973E-05 0.0578443
9.9964E-05 0.0881657 0.825455 0.00528086 9.9964E-05 9.9964E-05 0.027435 0.053264 9.9964E-05
0.0212941 0.0703481 0.830646 0.0266365 9.9964E-05 9.9964E-05 9.9964E-05 9.9964E-05 0.0506756
9.9964E-05 0.0415397 0.891909 9.9964E-05 0.0238817 0.00568214 9.9964E-05 9.9964E-05 0.036588
0.0584945 0.14341 0.742201 9.9964E-05 0.0375364 9.9964E-05 9.9964E-05 9.9964E-05 0.017958
0.00664853 0.0629166 0.828133 0.0278113 9.9973E-05 0.00743086 9.9973E-05 0.0667597 9.9973E-05
9.9964E-05 0.0699037 0.794314 9.9964E-05 0.0280779 9.9964E-05 9.9964E-05 0.0905529 0.016752
0.0261593 0.0329939 0.862524 0.0100472 0.0102637 0.0354626 0.0223493 9.9982E-05 9.9982E-05
9.9964E-05 0.0256266 0.880676 0.0257147 0.0411948 0.026388 9.9964E-05 9.9964E-05 9.9964E-05
9.9973E-05 0.00885098 0.843506 9.9973E-05 0.0282234 0.00603503 9.9973E-05 0.106414 0.00667062
9.9964E-05 0.05102 0.561508 0.128638 9.9964E-05 0.13232 9.9964E-05 9.9964E-05 0.126115
9.9982E-05 0.0133903 0.561938 0.0506185 9.9982E-05 0.193893 0.00730674 0.0125684 0.160085
0.0469606 0.0464147 0.494605 0.0903628 9.9973E-05 0.268886 9.9973E-05 9.9973E-05 0.0524699
0.0635735 9.9964E-05 0.479561 0.025356 9.9964E-05 0.314187 9.9964E-05 9.9964E-05 0.116923
9.9991E-05 0.0390676 0.0693309 0.171966 0.487425 0.145695 0.0512441 0.0212066 0.0139649
9.9991E-05 0.0280298 0.0209036 0.360698 0.452581 0.073043 0.059283 0.00230054 0.00306113
0.0190174 9.9973E-05 9.9973E-05 0.205765 0.536279 0.0810463 9.9973E-05 0.0560297 0.101562
0.0834081 0.0621739 9.9982E-05 0.154046 0.318727 0.329385 0.0301114 9.9982E-05 0.0219482
0.00771471 9.9973E-05 9.9973E-05 0.0911308 0.0601181 0.486995 0.036719 9.9973E-05 0.317023
9.9973E-05 9.9973E-05 0.0177825 0.192008 0.623548 0.0749248 0.010638 0.0807984 9.9973E-05
0.0517101 9.9973E-05 9.9973E-05 0.236264 0.56699 0.0917585 0.0384965 9.9973E-05 0.0144807
0.100264 9.9964E-05 9.9964E-05 0.307796 0.517486 0.0476565 0.0263973 9.9964E-05 9.9964E-05
9.9946E-05 9.9946E-05 9.9946E-05 0.599222 0.320145 9.9946E-05 9.9946E-05 0.0800332 9.9946E-05
0.0694351 9.9982E-05 0.021699 0.0477507 0.655229 9.9982E-05 0.0644692 0.0375042 0.103713
9.9973E-05 0.0353176 9.9973E-05 0.380005 0.430961 0.00466206 0.0273074 9.9973E-05 0.121447
0.00524612 0.0240768 9.9973E-05 0.773212 9.9973E-05 0.0006286 0.141047 9.9973E-05 0.0554889
0.0438947 0.0412067 0.00368249 0.0856755 0.465339 0.271153 0.0235989 9.9991E-05 0.0653494
0.181029 9.9955E-05 9.9955E-05 0.552709 0.251766 9.9955E-05 9.9955E-05 0.0139969 9.9955E-05
9.9955E-05 0.0309877 9.9955E-05 0.471892 0.474447 9.9955E-05 9.9955E-05 0.0221735 9.9955E-05
9.9973E-05 9.9973E-05 0.0674558 0.636471 0.113971 0.118142 9.9973E-05 0.0186339 0.0450269
0.0645369 0.00251404 0.0542735 9.9964E-05 9.9964E-05 9.9964E-05 9.9964E-05 0.0121669 0.866109
0.0439643 9.9964E-05 0.0453401 9.9964E-05 0.0468538 9.9964E-05 0.0250895 9.9964E-05 0.838352
0.0444748 9.9955E-05 9.9955E-05 9.9955E-05 0.0227495 9.9955E-05 0.0270969 9.9955E-05 0.905179
9.9955E-05 9.9955E-05 0.0479511 0.0310461 9.9955E-05 9.9955E-05 0.0121159 9.9955E-05 0.908387
0.0570223 9.9964E-05 9.9964E-05 0.0206548 9.9964E-05 0.0754235 9.9964E-05 0.045603 0.800896
0.00364824 9.9973E-05 0.00173627 9.9973E-05 0.0601917 9.9973E-05 0.00394715 0.0985886 0.831588
9.9946E-05 0.055866 0.811613 9.9946E-05 0.131922 9.9946E-05 9.9946E-05 9.9946E-05 9.9946E-05
9.9964E-05 9.9964E-05 0.768238 9.9964E-05 0.0730125 0.0802501 9.9964E-05 0.0618968 0.0162026
9.9964E-05 0.0483412 0.717082 9.9964E-05 0.110053 0.0315227 9.9964E-05 0.0926004 9.9964E-05
9.9964E-05 0.0394006 0.736053 9.9964E-05 0.0695383 0.0961411 9.9964E-05 0.0584674 9.9964E-05
0.0263983 0.0315811 0.779384 9.9955E-05 0.162137 9.9955E-05 9.9955E-05 9.9955E-05 9.9955E-05
0.0835471 0.0121443 0.335398 0.000994804 9.9973E-05 0.0628121 9.9973E-05 9.9973E-05 0.504804
0.0829362 9.9955E-05 0.445691 0.042372 9.9955E-05 9.9955E-05 9.9955E-05 9.9955E-05 0.428501
9.9964E-05 0.0274379 0.356513 0.0410111 9.9964E-05 9.9964E-05 0.103297 9.9964E-05 0.471341
9.993E-05 0.999201 9.993E-05 9.993E-05 9.993E-05 9.993E-05 9.993E-05 9.993E-05 9.993E-05
0.0537974 0.00735832 0.328679 0.0734844 9.9964E-05 9.9964E-05 9.9964E-05 9.9964E-05 0.536281
0.134824 0.0117756 0.152124 0.0566326 0.2428 9.9982E-05 0.0293524 0.372291 9.9982E-05
0.0312792 9.9982E-05 0.170913 0.0102382 0.563522 0.00293874 9.9982E-05 0.196883 0.0240256
9.9964E-05 0.0112948 0.22333 9.9964E-05 0.556679 0.00886808 9.9964E-05 0.199429 9.9964E-05
0.120926 0.0166191 0.216919 0.0952819 0.279678 9.9973E-05 9.9973E-05 0.270277 9.9973E-05
0.0915514 0.0398625 0.0892062 0.0221735 0.462168 0.125199 9.9991E-05 0.149874 0.0198652
0.290379 9.9955E-05 0.429655 9.9955E-05 9.9955E-05 9.9955E-05 0.00546163 0.274005 9.9955E-05
9.9964E-05 9.9964E-05 9.9964E-05 0.0531415 0.360122 0.337596 0.105205 9.9964E-05 0.143536
0.203298 9.9982E-05 0.00275252 0.0364109 0.323442 0.210466 0.128728 9.9982E-05 0.0947028
9.9964E-05 0.0971585 0.0478537 9.9964E-05 0.196327 0.549478 9.9964E-05 9.9964E-05 0.108784
0.0215217 9.9973E-05 9.9973E-05 0.103299 0.413698 0.236157 0.211673 9.9973E-05 0.0133514
0.299746 9.9964E-05 9.9964E-05 0.217242 9.9964E-05 0.157738 0.321189 9.9964E-05 0.00368494
0.0358582 0.0557236 9.9982E-05 0.0937569 0.492658 0.18232 0.0823348 0.0571484 9.9982E-05
0.144153 0.01958 9.9982E-05 0.0670193 0.468614 0.0643367 0.173968 9.9982E-05 0.0621293
9.9982E-05 0.0253024 0.0408341 0.00359551 0.25699 0.470489 0.098133 9.9982E-05 0.104456
0.00530319 9.9991E-05 0.0240119 0.0169173 0.459983 0.213669 0.0603051 0.0916848 0.128025
0.309998 9.9964E-05 9.9964E-05 0.120399 0.0575311 0.495343 0.0163287 9.9964E-05 9.9964E-05
0.0541439 0.0319317 9.9991E-05 0.0994849 0.376222 0.170263 0.22228 0.0193484 0.0262255
9.9982E-05 0.0162183 9.9982E-05 0.074659 0.393733 0.269027 0.0369705 0.0369286 0.172264
0.101654 9.9982E-05 0.0661052 0.151661 0.303106 0.104538 9.9982E-05 0.220063 0.0526729
0.0989161 9.9955E-05 9.9955E-05 9.9955E-05 0.342159 0.346181 0.212244 9.9955E-05 9.9955E-05
9.9973E-05 9.9973E-05 0.0347494 0.113655 0.376728 0.260156 0.118866 9.9973E-05 0.0955458
0.0574863 9.9982E-05 9.9982E-05 0.0750861 0.411786 0.151738 0.166752 0.119612 0.0173402
0.0968314 9.9973E-05 9.9973E-05 0.0621399 0.529391 0.145545 0.074086 9.9973E-05 0.091707
9.9991E-05 0.00459429 0.0169745 0.0743266 0.513262 0.18602 0.112782 0.0803469 0.0115945
0.0981157 0.0340301 0.0479673 0.10882 0.561381 0.074601 0.00841174 9.9991E-05 0.0665734
9.9991E-05 0.0189814 0.0390317 0.11575 0.517302 0.146627 0.0227879 0.0578541 0.0815655
9.9955E-05 9.9955E-05 0.778282 0.00583419 0.146931 9.9955E-05 9.9955E-05 0.0684528 9.9955E-05
9.9973E-05 0.00706759 0.815297 0.013394 0.14497 9.9973E-05 0.00297198 0.0159991 9.9973E-05
0.049716 9.9964E-05 0.756953 0.0393967 0.0745014 9.9964E-05 9.9964E-05 9.9964E-05 0.0790326
9.9982E-05 0.0283556 0.748249 0.0616889 0.0196546 9.9982E-05 0.0232338 0.0400332 0.0785851
9.9964E-05 0.0682787 0.790831 9.9964E-05 0.119961 9.9964E-05 0.00484069 0.0156886 9.9964E-05
9.9964E-05 9.9964E-05 0.0310572 9.9964E-05 0.0622417 0.837935 9.9964E-05 0.0288177 0.0395484
0.0313209 9.9982E-05 0.0667805 0.111935 0.411903 0.296685 0.0573812 0.023794 9.9982E-05
0.0618995 0.00512458 0.145846 9.9982E-05 0.408615 9.9982E-05 0.0824252 0.177044 0.118845
0.0569073 9.9982E-05 0.0569374 0.0721995 0.619759 0.167152 0.00755898 0.0192856 9.9982E-05
9.9973E-05 9.9973E-05 0.0879404 0.100332 0.43824 0.327942 0.0161567 9.9973E-05 0.0290895
0.120207 9.9973E-05 9.9973E-05 9.9973E-05 0.170229 0.477487 0.0778016 0.0700546 0.0839201
0.11425 0.0757672 0.0728689 0.0627814 9.9973E-05 0.527326 9.9973E-05 9.9973E-05 0.146707
9.9982E-05 0.00107588 0.0304123 0.0419552 0.53921 0.181528 0.0340415 9.9982E-05 0.171578
0.0226723 0.0139652 0.0982352 9.9982E-05 0.0644766 0.487078 0.154368 9.9982E-05 0.159005
0.00275665 9.9991E-05 0.0733415 0.181518 0.329815 0.130762 0.115945 0.0892434 0.0765177
9.9973E-05 9.9973E-05 0.15701 0.00168437 0.0546248 0.547709 0.105857 9.9973E-05 0.132815
9.9973E-05 0.0275155 0.101426 9.9973E-05 0.482988 0.210431 9.9973E-05 0.0773091 0.10003
9.9973E-05 0.0167463 0.107941 0.0800064 0.0609173 0.679961 9.9973E-05 9.9973E-05 0.0541281
0.0757323 0.0207018 0.047466 0.0511963 0.336705 0.408052 0.00364516 9.9991E-05 0.0564011
0.209843 9.9982E-05 0.0349874 9.9982E-05 0.434555 0.136381 0.0495314 0.0247548 0.109748
0.443794 9.9964E-05 9.9964E-05 9.9964E-05 0.360406 0.0280794 0.0702409 9.9964E-05 0.0970801
0.248688 0.020306 0.0540246 0.0453698 0.524752 0.0915515 9.9982E-05 9.9982E-05 0.0151088
0.103379 9.9991E-05 0.0688776 0.0402084 0.546911 0.105354 0.0681448 0.0133012 0.0537242
0.380575 9.9964E-05 9.9964E-05 9.9964E-05 0.371156 0.0211734 0.157498 9.9964E-05 0.0691983
0.211926 0.0384618 9.9982E-05 0.0332136 0.488698 0.149323 0.0216377 0.0565394 9.9982E-05
0.204558 0.0260753 9.9973E-05 0.0419963 0.504318 9.9973E-05 0.101612 9.9973E-05 0.12114
0.497459 9.9973E-05 9.9973E-05 0.12402 0.0912471 0.133512 0.137934 9.9973E-05 0.0155284
0.529595 9.9964E-05 9.9964E-05 0.0975079 0.262477 9.9964E-05 0.0689891 9.9964E-05 0.0410314
0.353427 0.00180499 9.9973E-05 9.9973E-05 0.504112 0.0410604 0.0760804 9.9973E-05 0.0232147
0.383718 9.9964E-05 9.9964E-05 0.224713 0.145308 9.9964E-05 0.0807005 9.9964E-05 0.165161
0.353617 9.9955E-05 9.9955E-05 9.9955E-05 0.469238 0.148745 9.9955E-05 9.9955E-05 0.0278994
0.0151179 9.9973E-05 0.0394069 0.127357 9.9973E-05 0.615402 0.0128388 9.9973E-05 0.189577
0.0541898 9.9982E-05 9.9982E-05 0.0336963 0.0819075 0.391298 0.318606 0.0186781 0.101424
9.9973E-05 0.00113498 9.9973E-05 9.9973E-05 0.206727 0.504496 0.0711469 0.105093 0.111103
0.00846946 9.9991E-05 0.0163987 0.0325581 0.552753 0.145468 0.0408411 0.0640377 0.139374
0.000100176 9.9982E-05 9.9982E-05 0.114988 0.130998 0.470996 0.0106941 0.0492598 0.222764
0.0653137 0.00533143 0.0917392 9.9991E-05 0.399637 0.114014 0.134902 0.113518 0.0754443
9.9964E-05 0.0676447 9.9964E-05 9.9964E-05 0.624166 0.259651 9.9964E-05 0.000644643 0.0474936
0.0328392 0.0220955 9.9982E-05 9.9982E-05 0.440515 0.209884 0.105598 0.0688984 0.11997
9.9991E-05 0.00725282 0.0215124 0.0221439 0.340954 0.358365 0.0927692 0.0774531 0.0794499
9.9982E-05 9.9982E-05 0.00862553 0.193857 0.286404 0.217237 0.0115481 0.085483 0.196645
9.9973E-05 0.0246067 9.9973E-05 0.060742 0.119381 0.594332 9.9973E-05 0.0465348 0.154104
9.9973E-05 9.9973E-05 9.9973E-05 0.0628869 0.248476 0.236338 0.0949439 0.0893737 0.267682
0.0259473 9.9973E-05 9.9973E-05 9.9973E-05 0.576489 0.245649 0.126491 0.0127448 0.0123792
0.117373 0.0238478 0.00324914 0.0303925 0.593995 0.0547972 0.0422914 9.9991E-05 0.133954
0.132505 0.071599 9.9982E-05 0.0978605 0.360269 0.214413 0.0470501 9.9982E-05 0.0761033
9.9964E-05 9.9964E-05 9.9964E-05 9.9964E-05 0.44094 0.28575 0.187403 0.0529357 0.032571
0.0763299 9.9982E-05 0.0175138 0.0346412 0.224038 0.315731 9.9982E-05 0.113184 0.218362
9.9973E-05 9.9973E-05 9.9973E-05 0.0290232 0.468188 0.227873 0.0881799 0.0860326 0.100404
9.9982E-05 9.9982E-05 0.043829 0.0260519 0.451104 0.18238 0.0954999 0.0711001 0.129836
0.0692427 0.0259911 9.9982E-05 9.9982E-05 0.553659 0.140034 0.0759937 0.0387233 0.0961565
0.0438482 0.0285137 0.282718 0.0522245 0.435459 0.0631338 9.9982E-05 0.0939027 9.9982E-05
0.0512769 0.0497662 0.153507 0.0313279 0.473279 0.0505728 0.0381548 0.152015 9.9991E-05
0.0634389 9.9982E-05 0.114012 0.149863 0.463848 0.0211983 9.9982E-05 0.178115 0.00932475
0.10143 0.0413742 0.000480049 0.0533509 0.48438 0.0470231 0.0596091 0.156482 0.0558701
9.9982E-05 0.0362149 0.169758 0.0807365 0.383094 0.0910737 0.0711434 0.167779 9.9982E-05
0.0619609 0.00829176 9.9973E-05 9.9973E-05 0.342524 0.375808 0.186509 9.9973E-05 0.0246069
0.0149572 0.0414381 0.111183 0.194136 0.416206 0.154791 9.9982E-05 0.0670882 9.9982E-05
0.332629 9.9964E-05 0.221112 0.15578 9.9964E-05 0.156012 9.9964E-05 0.134067 9.9964E-05
0.036937 9.9991E-05 0.139261 0.0245649 0.398377 0.13445 0.00536241 0.230748 0.0301996
0.0713838 0.0159852 0.0825707 0.0192224 0.514193 0.0295323 0.0565186 0.156269 0.0543251
0.00303119 9.9982E-05 0.0979754 9.9982E-05 0.393203 0.112597 0.145626 0.241346 0.0060219
0.264693 0.0891103 0.0413861 0.0724416 0.264508 0.148907 9.9982E-05 0.118755 9.9982E-05
0.0641798 9.9973E-05 0.108539 0.0851078 0.490503 9.9973E-05 0.0562809 0.195089 9.9973E-05
0.123325 0.0672981 0.139107 9.9973E-05 0.536127 0.033377 9.9973E-05 0.100465 9.9973E-05
0.310911 0.0561661 0.441534 0.0201421 9.9973E-05 9.9973E-05 0.00988233 0.161064 9.9973E-05
9.9973E-05 0.0813531 0.104302 0.111702 0.460243 9.9973E-05 0.0202725 0.221827 9.9973E-05
0.112242 0.0108076 0.114636 9.9973E-05 0.539977 9.9973E-05 0.0731105 0.148927 9.9973E-05
0.0625036 0.0428379 0.104877 9.9982E-05 0.616134 0.013174 0.0794511 0.0808218 9.9982E-05
0.115714 9.9964E-05 0.191463 9.9964E-05 0.527702 9.9964E-05 0.00246141 0.162261 9.9964E-05
0.0671211 0.0512385 0.120588 9.9991E-05 0.562127 0.0859649 0.0213361 0.0795715 0.011953
9.9973E-05 0.0617947 0.0212262 0.109013 0.323882 9.9973E-05 0.474119 0.00966592 9.9973E-05
0.0524601 0.0300924 0.0328702 0.00171262 0.543378 9.9991E-05 0.219818 0.0282749 0.0912943
9.9955E-05 9.9955E-05 9.9955E-05 0.149946 9.9955E-05 0.118503 0.718244 9.9955E-05 0.0128074
9.9955E-05 9.9955E-05 9.9955E-05 0.0265456 9.9955E-05 0.0261502 0.893481 9.9955E-05 0.0533237
9.9982E-05 0.0110405 0.086389 9.9982E-05 0.362223 0.00910095 0.369455 0.0919143 0.0696778
0.0709342 9.9973E-05 0.0672309 9.9973E-05 0.383064 0.0446946 0.137814 0.295962 9.9973E-05
0.0506602 9.9964E-05 0.124267 9.9964E-05 0.196836 9.9964E-05 0.243768 0.384068 9.9964E-05
0.214436 0.0547434 0.141975 9.9973E-05 0.150878 9.9973E-05 0.168909 0.268759 9.9973E-05
0.0105237 0.00653492 0.147618 9.9973E-05 0.317408 9.9973E-05 0.267363 0.250252 9.9973E-05
0.147365 9.9964E-05 0.110668 9.9964E-05 0.0441564 9.9964E-05 0.63227 0.0651414 9.9964E-05
0.0558147 0.0208636 0.0814317 9.9973E-05 0.081414 9.9973E-05 0.644393 0.115783 9.9973E-05
9.9982E-05 0.00347495 0.026662 0.00850571 0.432122 0.0164322 0.393434 0.119169 9.9982E-05
9.9955E-05 9.9955E-05 0.068451 9.9955E-05 0.412956 9.9955E-05 0.456393 0.0616995 9.9955E-05
9.9964E-05 0.0758548 0.0171651 9.9964E-05 0.105286 9.9964E-05 0.698382 0.102912 9.9964E-05
0.00154479 9.9973E-05 0.0748142 9.9973E-05 0.551726 9.9973E-05 0.255183 0.0300807 0.0863514
9.9973E-05 9.9973E-05 0.00610306 9.9973E-05 0.420582 0.0541182 0.351673 0.134431 0.0327932
0.0271759 0.0219248 0.0180898 0.101158 0.335283 0.139393 0.133255 0.166144 0.057575
9.9973E-05 0.038878 0.0143439 0.0475991 0.284168 9.9973E-05 0.594448 9.9973E-05 0.0202638
9.9973E-05 0.0244993 9.9973E-05 0.111528 0.234657 0.144391 0.400235 0.0843906 9.9973E-05
9.9973E-05 0.0321957 0.0580937 9.9973E-05 0.535503 0.0487079 0.315266 0.00993397 9.9973E-05
9.9982E-05 0.0176601 0.0660326 9.9982E-05 0.278233 0.0836252 0.434258 0.0698479 0.0501439
0.0609034 9.9991E-05 0.14402 0.188244 0.421642 0.0654295 0.0870307 0.015687 0.0169428
0.120721 9.9955E-05 9.9955E-05 9.9955E-05 0.456007 0.0397944 0.382978 9.9955E-05 9.9955E-05
0.0187963 9.9955E-05 9.9955E-05 9.9955E-05 0.197212 9.9955E-05 0.727893 9.9955E-05 0.0555988
9.9964E-05 9.9964E-05 0.0231409 0.0811103 0.52398 9.9964E-05 0.363543 0.00782657 9.9964E-05
9.99639E-05 9.99639E-05 9.99639E-05 0.00570292 0.13459 0.0522217 0.754694 9.99639E-05 0.0523916
0.0271431 0.0288577 9.9964E-05 9.9964E-05 0.426642 9.9964E-05 0.507155 0.00980218 9.9964E-05
9.9982E-05 0.0549321 0.0218949 0.160149 0.529504 9.9982E-05 0.162019 0.0408685 0.0304329
9.9973E-05 0.0254692 9.9973E-05 0.0142012 0.475944 0.199987 0.255861 0.0282372 9.9973E-05
0.0907372 0.0397915 0.0726197 0.00220604 0.538852 0.0511421 0.0647123 0.139839 9.9991E-05
0.0696679 9.9991E-05 0.13498 0.0382352 0.386985 0.0911214 0.12734 0.1042 0.0473702
0.139682 0.01467 0.142816 0.0630877 0.286693 9.9991E-05 0.0779701 0.254947 0.0200337
0.158271 0.022932 0.0627265 9.9991E-05 0.29228 0.130014 0.0648949 0.2458 0.0229813
0.0779891 0.0120612 0.113438 0.0459184 0.451704 9.9991E-05 0.127627 0.142185 0.0289778
0.120362 0.0396672 0.0890173 0.0284153 0.377801 9.9991E-05 0.0869059 0.209953 0.0477779
0.05896 9.9964E-05 0.197976 9.9964E-05 9.9964E-05 9.9964E-05 0.653738 0.078614 0.0103122
0.0186829 9.9973E-05 0.0974171 9.9973E-05 0.575219 9.9973E-05 0.113504 0.168694 0.0261825
0.107085 0.0310798 0.350225 9.9964E-05 9.9964E-05 9.9964E-05 0.430467 0.0807434 9.9964E-05
9.9955E-05 9.9955E-05 0.0382893 9.9955E-05 0.408268 9.9955E-05 0.306644 0.246298 9.9955E-05
0.0133973 9.9955E-05 9.9955E-05 0.143028 0.0370443 9.9955E-05 0.80603 9.9955E-05 9.9955E-05
9.9946E-05 0.00829419 9.9946E-05 0.17658 9.9946E-05 9.9946E-05 0.814526 9.9946E-05 9.9946E-05
9.9955E-05 9.9955E-05 9.9955E-05 0.0388017 0.449899 0.0189909 0.491808 9.9955E-05 9.9955E-05
9.9964E-05 0.0552303 9.9964E-05 0.00971001 0.594896 9.9964E-05 0.334859 0.00490482 9.9964E-05
9.9946E-05 9.9946E-05 9.9946E-05 9.9946E-05 0.372388 0.027448 0.599564 9.9946E-05 9.9946E-05
9.9946E-05 9.9946E-05 9.9946E-05 0.118107 0.414224 9.9946E-05 0.467069 9.9946E-05 9.9946E-05
9.9946E-05 9.9946E-05 9.9946E-05 0.0166384 0.474712 9.9946E-05 0.508049 9.9946E-05 9.9946E-05
0.00190027 0.0542439 0.732355 0.0076749 0.0568591 9.9991E-05 0.0281268 0.0691817 0.049558
0.00868612 0.0569266 0.625992 9.9982E-05 9.9982E-05 0.0151348 0.0498875 0.108586 0.134587
9.9955E-05 0.0473241 0.823761 9.9955E-05 9.9955E-05 9.9955E-05 9.9955E-05 0.082279 0.0461365
9.9955E-05 0.126206 0.835711 9.9955E-05 0.0235023 9.9955E-05 0.0140809 9.9955E-05 9.9955E-05
0.0090373 0.0521054 9.9982E-05 0.304285 0.506681 0.0318654 9.9982E-05 0.0475825 0.048243
9.9973E-05 0.00348278 0.0664406 0.220138 0.525656 0.162663 0.0213191 9.9973E-05 9.9973E-05
9.9955E-05 0.0351879 9.9955E-05 0.45797 0.456777 9.9955E-05 9.9955E-05 9.9955E-05 0.049565
9.9973E-05 0.00064617 0.134047 0.217108 0.600831 0.0358728 9.9973E-05 0.0111952 9.9973E-05
0.0643931 0.0101817 0.044641 0.215971 0.502903 9.9982E-05 9.9982E-05 0.0763183 0.0853922
0.0509301 9.9973E-05 9.9973E-05 0.59303 0.177909 0.103313 9.9973E-05 0.032884 0.0416345
9.9973E-05 0.0142213 9.9973E-05 0.36662 0.556481 0.0189142 0.0265276 0.016936 9.9973E-05
0.0775827 0.0246635 9.9973E-05 0.519412 0.326105 0.0077278 0.0442087 9.9973E-05 9.9973E-05
0.00767645 0.0151132 0.278179 9.9982E-05 0.51164 0.0517648 0.0521725 0.0832546 9.9982E-05
9.9964E-05 9.9964E-05 9.9964E-05 0.355921 0.422005 0.0461386 0.152188 0.0233473 9.9964E-05
9.9955E-05 0.0366696 9.9955E-05 0.486985 0.286697 0.189149 9.9955E-05 9.9955E-05 9.9955E-05
9.9973E-05 0.0150714 9.9973E-05 0.376356 0.518759 0.051596 0.0372362 9.9973E-05 0.000681405
9.9964E-05 0.0392927 9.9964E-05 0.47764 0.374444 0.0523438 0.0558802 9.9964E-05 9.9964E-05
0.0255743 9.9964E-05 9.9964E-05 0.34635 0.550913 9.9964E-05 0.0701503 0.00661198 9.9964E-05
9.9964E-05 0.0360844 0.0708304 0.272399 0.591073 0.029214 9.9964E-05 9.9964E-05 9.9964E-05
9.9946E-05 9.9946E-05 9.9946E-05 0.93016 0.0638539 9.9946E-05 0.00538627 9.9946E-05 9.9946E-05
0.123979 9.9973E-05 9.9973E-05 0.484519 0.293717 0.0460856 0.0346755 0.0167227 9.9973E-05
9.9964E-05 0.0150414 9.9964E-05 0.654294 0.273809 9.9964E-05 0.036496 9.9964E-05 0.0199596
0.108915 9.9946E-05 9.9946E-05 0.841522 9.9946E-05 9.9946E-05 0.0489625 9.9946E-05 9.9946E-05
9.9991E-05 0.00444674 0.0199335 0.424863 0.422376 0.018999 0.0207092 0.0414108 0.0471624
0.325912 9.9955E-05 9.9955E-05 0.565699 0.0793155 9.9955E-05 0.0285744 9.9955E-05 9.9955E-05
0.163422 9.9937E-05 9.9937E-05 0.835879 9.9937E-05 9.9937E-05 9.9937E-05 9.9937E-05 9.9937E-05
0.0112258 0.0126679 0.0474524 0.278391 0.61515 9.9973E-05 0.034813 9.9973E-05 9.9973E-05
9.9991E-05 0.00372175 0.0375287 0.562244 0.151463 0.154009 0.0609641 0.0282066 0.00176247
0.118893 9.9964E-05 9.9964E-05 0.295049 0.379461 0.145459 9.9964E-05 9.9964E-05 0.0607386
9.9982E-05 0.0181728 0.0812273 0.0930464 0.641521 9.9982E-05 0.0743049 0.0666944 0.0248329
0.0165047 0.0325621 9.9973E-05 0.328426 0.531839 0.0421262 9.9973E-05 9.9973E-05 0.0482421
0.116379 0.0410632 9.9982E-05 9.9982E-05 0.227592 0.413707 0.121777 0.0341272 0.0451543
9.9973E-05 0.0354319 0.0391535 0.336865 0.537396 9.9973E-05 0.00360239 9.9973E-05 0.0472507
9.9982E-05 0.0262215 0.0549066 0.336779 0.347169 0.198362 9.9982E-05 0.010004 0.0263582
0.0570398 0.0152753 9.9964E-05 0.586029 0.333047 9.9964E-05 9.9964E-05 9.9964E-05 0.00820848
9.9973E-05 0.0646559 9.9973E-05 0.142111 0.482846 9.9973E-05 0.0824393 0.160158 0.0674898
0.061425 0.060811 0.583358 9.9964E-05 9.9964E-05 0.0726089 9.9964E-05 9.9964E-05 0.221397
0.0142515 0.0868301 0.66094 0.107398 0.0272976 0.0211655 9.9991E-05 0.0071983 0.0748183
0.0404573 0.135265 0.70181 9.9964E-05 9.9964E-05 0.0209984 9.9964E-05 9.9964E-05 0.10107
0.0371079 0.110574 0.704539 0.0394451 9.9964E-05 9.9964E-05 9.9964E-05 9.9964E-05 0.107934
0.0404711 0.0225201 0.672669 9.9973E-05 0.0485104 0.00786579 9.9973E-05 9.9973E-05 0.207663
9.9964E-05 9.9964E-05 0.0517198 0.703793 0.109758 0.125432 9.9964E-05 9.9964E-05 0.0088974
0.0184057 0.0383708 0.0584437 0.630049 0.0990417 0.119084 9.9982E-05 9.9982E-05 0.0364056
