0.0416522 0.0587318 0.822078 9.9964E-05 9.9964E-05 9.9964E-05 0.0416971 0.0354408 9.9964E-05
9.9955E-05 0.00584153 0.926584 0.0326374 9.9955E-05 9.9955E-05 9.9955E-05 0.0344371 9.9955E-05
9.9973E-05 0.0635474 0.756524 0.000728118 9.9973E-05 9.9973E-05 0.0452584 0.0315617 0.102081
0.0114329 0.0336812 0.742628 9.9973E-05 9.9973E-05 9.9973E-05 0.0497362 0.0936261 0.0685959
9.9973E-05 0.00224883 0.820461 9.9973E-05 0.0256129 9.9973E-05 0.0565356 0.0514499 0.0433924
0.0416288 0.0461866 0.551642 9.9991E-05 0.00370856 0.149794 0.077383 0.103348 0.0262092
0.000736742 0.0569583 0.732702 0.0351051 0.0048364 0.0522589 0.0468889 0.0704131 9.9991E-05
0.0109503 0.0665591 0.635017 9.9973E-05 9.9973E-05 0.0967573 9.9973E-05 0.145433 0.0449829
0.04559 0.0219842 0.819222 0.0756865 9.99729E-05 0.0263166 9.99729E-05 0.0109006 9.99729E-05
9.9982E-05 0.0464905 0.623745 9.9982E-05 0.0589735 0.0465419 0.0815903 0.0942059 0.0482532
0.0333503 0.0255672 0.67749 9.9973E-05 9.9973E-05 0.153248 9.9973E-05 0.0648287 0.0452159
0.514936 9.9973E-05 0.013208 0.161756 9.9973E-05 0.0329188 0.077884 9.9973E-05 0.198998
0.343841 0.0413866 9.9973E-05 9.9973E-05 0.00468505 9.9973E-05 0.0605226 0.0533187 0.495946
0.542228 0.00381848 0.0365855 9.9982E-05 0.114058 0.0468402 0.084015 9.9982E-05 0.172255
0.419247 9.9973E-05 0.0645708 0.0409393 0.0625535 9.9973E-05 0.152897 9.9973E-05 0.259492
0.224784 0.00649517 0.101215 0.0613932 0.0398635 0.0484109 0.169307 9.9991E-05 0.348431
0.224075 0.0273338 0.0580194 0.012596 0.0713105 0.0667697 0.0887142 9.9991E-05 0.451081
0.228098 0.0374913 9.9982E-05 0.0943954 0.00543308 0.133953 0.0756396 9.9982E-05 0.42479
0.434195 9.9964E-05 0.118965 0.0704378 9.9964E-05 9.9964E-05 0.118636 9.9964E-05 0.257366
0.731553 9.9964E-05 9.9964E-05 0.0271859 0.0215414 0.149939 0.069381 9.9964E-05 9.9964E-05
0.244592 0.041279 9.9982E-05 0.0462821 0.126054 0.0890079 0.0870047 9.9982E-05 0.36558
0.115159 0.0302237 0.0208512 9.9991E-05 0.00965452 0.241899 0.019281 0.0595434 0.503288
0.22383 9.9973E-05 0.0606598 0.134648 0.0307114 0.0735825 9.9973E-05 9.9973E-05 0.476269
0.466047 0.0121494 9.9982E-05 0.0906543 0.0339342 0.120943 0.0834201 9.9982E-05 0.192652
0.0153037 9.9991E-05 0.120164 0.158555 0.0297145 0.0465934 0.0342498 0.0190857 0.576233
0.254298 0.0084719 0.0313799 0.0781033 9.9982E-05 0.103549 0.105776 9.9982E-05 0.418222
0.543842 0.017115 9.9982E-05 0.0923393 0.00308475 0.10895 0.185158 9.9982E-05 0.0493119
0.548398 9.9964E-05 9.9964E-05 0.0757639 9.9964E-05 0.049986 0.233353 9.9964E-05 0.0920999
0.434785 9.9973E-05 9.9973E-05 0.0760906 0.0822726 0.155069 0.028245 9.9973E-05 0.223238
9.993E-05 0.999201 9.993E-05 9.993E-05 9.993E-05 9.993E-05 9.993E-05 9.993E-05 9.993E-05
9.993E-05 0.999201 9.993E-05 9.993E-05 9.993E-05 9.993E-05 9.993E-05 9.993E-05 9.993E-05
0.0704768 0.333371 0.509034 9.9955E-05 9.9955E-05 9.9955E-05 9.9955E-05 9.9955E-05 0.0866184
9.9964E-05 0.282321 0.47426 0.0954153 9.9964E-05 9.9964E-05 0.0655035 9.9964E-05 0.0821
0.0964447 9.9982E-05 9.9982E-05 0.164906 0.0230235 0.0600021 0.0394919 0.0576953 0.558237
0.0810331 9.9982E-05 0.0643082 0.255627 0.0709737 9.9982E-05 0.0392298 0.0314207 0.457207
9.9946E-05 9.9946E-05 0.047434 0.476382 9.9946E-05 9.9946E-05 9.9946E-05 9.9946E-05 0.475584
0.633822 0.0321596 0.0650575 0.063436 0.0625787 0.0282895 9.9982E-05 9.9982E-05 0.114456
0.0476273 0.030167 0.0389697 0.536328 0.0398198 0.0201809 0.0453842 9.9991E-05 0.241423
0.167451 0.0175463 0.0523259 0.213034 0.0378965 9.9982E-05 0.0429112 9.9982E-05 0.468635
9.9964E-05 0.0219273 9.9964E-05 0.176158 0.0403876 9.9964E-05 9.9964E-05 0.0360025 0.725125
0.120653 0.0306983 0.0379159 0.0671729 0.0350457 0.107593 9.9991E-05 0.0481367 0.552684
9.999E-05 0.0722633 0.0490584 0.151993 0.00333367 0.0693151 0.014065 0.0775552 0.562316
0.122633 0.0459804 9.9973E-05 0.702041 9.9973E-05 0.00598785 9.9973E-05 0.00603369 0.117024
0.057777 9.9982E-05 0.0713773 0.0314059 9.9982E-05 0.176938 0.0471185 0.0167998 0.598384
9.9973E-05 0.0277241 9.9973E-05 0.33091 0.055916 0.0493183 0.1407 9.9973E-05 0.395132
0.0914053 0.0223946 0.11536 0.144658 9.9982E-05 0.0492092 0.119904 9.9982E-05 0.456868
0.00345814 0.0273607 9.9964E-05 0.527897 0.111194 9.9964E-05 9.9964E-05 9.9964E-05 0.32969
9.9955E-05 9.9955E-05 0.0655609 0.240106 0.0512185 9.9955E-05 9.9955E-05 9.9955E-05 0.642615
9.9982E-05 9.9982E-05 0.023 0.143014 0.0546081 0.125532 0.132453 0.0218403 0.499352
0.0154874 9.9955E-05 0.0798405 0.678041 9.9955E-05 0.226132 9.9955E-05 9.9955E-05 9.9955E-05
0.424802 0.00410296 9.9982E-05 0.166451 0.0247091 0.120086 9.9982E-05 0.078615 0.181033
0.258835 0.00665241 0.00766191 0.159425 0.143891 0.358698 0.00776784 9.9991E-05 0.0569681
0.179893 0.0403338 0.0681203 0.000792414 0.047527 0.0573681 9.9991E-05 0.0751534 0.530712
0.10741 0.0239373 0.07774 0.0284695 9.9991E-05 0.0801054 0.0992362 0.018245 0.564756
0.114689 0.00622696 0.087927 0.0798447 0.0743608 0.00235212 0.0718903 0.041899 0.52081
0.260728 0.0229871 0.0811981 0.253741 9.9982E-05 0.118838 9.9982E-05 0.108881 0.153427
0.269659 0.00566307 9.9982E-05 0.00562014 0.0128387 0.127188 9.9982E-05 0.0241786 0.554652
0.127258 0.00313958 9.9973E-05 9.9973E-05 9.9973E-05 0.142185 0.100612 0.0368862 0.589618
0.225391 0.045144 0.0387305 0.140471 0.0300995 0.208506 9.9982E-05 9.9982E-05 0.311458
0.260644 0.0370788 0.157196 0.105436 0.0175561 0.259108 9.9991E-05 0.0362426 0.126639
0.091567 0.0587035 0.0483366 0.126262 0.072759 0.0533413 0.0740657 0.0609021 0.414063
0.187565 0.0246592 0.0941876 0.0832161 0.0877702 0.0629223 0.0552948 0.0152018 0.389183
0.514018 0.0492012 9.9964E-05 0.212838 9.9964E-05 0.161137 9.9964E-05 0.0624052 9.9964E-05
0.368192 0.0278541 9.9973E-05 0.0415774 0.0519431 0.0598783 9.9973E-05 9.9973E-05 0.450255
0.0377837 9.9973E-05 9.9973E-05 9.9973E-05 0.146612 0.0586413 0.075571 0.0933784 0.587714
0.178034 0.066792 9.9973E-05 9.9973E-05 0.0904558 0.0801559 0.058695 9.9973E-05 0.525567
0.258359 0.0220139 9.9982E-05 0.248398 0.0787332 0.122708 0.0318038 9.9982E-05 0.237785
0.165914 0.0684972 9.9973E-05 0.0699094 9.9973E-05 0.187239 0.0420273 9.9973E-05 0.466113
0.100513 0.0749778 9.9991E-05 0.0957442 0.0575159 0.000712804 0.0365703 0.125008 0.508858
0.386938 0.0484256 9.9982E-05 0.158141 0.0723161 0.192497 9.9982E-05 0.0158706 0.125612
0.0369586 9.9955E-05 9.9955E-05 0.41041 9.9955E-05 0.00173753 9.9955E-05 9.9955E-05 0.550394
0.196561 0.00329901 9.9964E-05 0.639112 9.9964E-05 9.9964E-05 0.00606185 9.9964E-05 0.154566
0.0200801 0.0747672 0.0564471 0.144018 0.135699 9.9973E-05 9.9973E-05 9.9973E-05 0.568688
9.9937E-05 9.9937E-05 9.9937E-05 0.83589 9.9937E-05 0.163411 9.9937E-05 9.9937E-05 9.9937E-05
0.00580203 9.9955E-05 9.9955E-05 0.827351 0.0810983 0.0852486 9.9955E-05 9.9955E-05 9.9955E-05
9.9964E-05 9.9964E-05 0.020901 0.656813 0.0560468 9.9964E-05 9.9964E-05 0.00993684 0.255902
9.9973E-05 0.0152199 9.9973E-05 0.497047 0.0327851 0.023863 9.9973E-05 0.0523272 0.378458
0.0916233 0.0765949 0.0681686 0.145842 0.107049 9.9991E-05 0.0174363 0.0070893 0.486097
0.0737614 0.00554952 0.0183014 0.442913 9.9982E-05 0.016891 0.0391826 9.9982E-05 0.403201
0.104226 9.9973E-05 0.0193381 0.682175 9.9973E-05 9.9973E-05 0.0908594 0.0629756 0.040126
0.174692 0.017072 0.0057585 0.553557 0.0215102 9.9982E-05 9.9982E-05 0.0621626 0.165048
0.0336647 0.0357933 0.0605714 0.244666 0.04858 9.9991E-05 0.058608 0.014066 0.50395
0.0560059 0.0318644 9.9964E-05 0.641708 9.9964E-05 9.9964E-05 0.0887597 9.9964E-05 0.181262
0.00998749 0.0649675 0.00295888 0.432098 9.9991E-05 0.0306238 0.0065188 0.0295036 0.423242
9.9955E-05 9.9955E-05 9.9955E-05 0.490674 0.102732 0.046708 9.9955E-05 9.9955E-05 0.359387
9.9955E-05 9.9955E-05 9.9955E-05 0.645984 0.149043 0.195716 9.9955E-05 0.00875713 9.9955E-05
0.0675003 0.0377128 9.9982E-05 0.256787 0.00754531 9.9982E-05 0.0585381 0.00647246 0.565244
0.0257936 0.0655204 0.744463 9.9973E-05 9.9973E-05 9.9973E-05 0.0148637 0.0651688 0.083891
9.99461E-05 0.107989 0.817077 9.99461E-05 9.99461E-05 9.99461E-05 9.99461E-05 9.99461E-05 0.0743336
9.9955E-05 0.125535 0.725485 9.9955E-05 9.9955E-05 9.9955E-05 0.0471856 9.9955E-05 0.101295
9.9946E-05 0.133446 0.78151 9.9946E-05 9.9946E-05 9.9946E-05 9.9946E-05 9.9946E-05 0.0844443
9.9964E-05 0.0981152 0.747838 9.9964E-05 0.0347265 9.9964E-05 0.0125256 9.9964E-05 0.106394
9.9973E-05 0.0625593 0.803464 9.9973E-05 0.0358229 9.9973E-05 0.0489213 0.0482055 0.000727465
0.00802143 0.0445179 0.872036 9.99551E-05 9.99551E-05 9.99551E-05 9.99551E-05 9.99551E-05 0.0749253
0.0880469 0.00114744 0.120836 0.28252 9.9982E-05 0.0229782 0.112722 9.9982E-05 0.371549
0.0904193 0.0379451 0.110302 0.118282 0.0330809 9.9991E-05 0.0338946 0.0230259 0.552949
0.147704 9.9964E-05 0.032779 0.709569 0.0793906 9.9964E-05 9.9964E-05 9.9964E-05 0.0301569
0.0755985 0.0726669 0.0772463 0.204773 0.0587723 9.9982E-05 0.0610376 9.9982E-05 0.449705
0.0720339 0.013346 0.0552015 0.38488 9.9991E-05 0.0249489 0.0187359 0.00305779 0.427696
0.0312569 0.00172962 0.0447887 0.305555 0.0472373 9.9982E-05 0.0356403 9.9982E-05 0.533592
0.0361048 0.0264892 0.0176101 0.25596 0.082718 0.0024703 0.00429488 9.9991E-05 0.574253
9.9964E-05 0.035304 9.9964E-05 0.404816 0.0553109 9.9964E-05 0.0316474 9.9964E-05 0.472522
0.111987 9.9955E-05 0.0456737 0.775496 9.9955E-05 9.9955E-05 9.9955E-05 0.0663428 9.9955E-05
9.9982E-05 9.9982E-05 0.132667 0.0195251 0.141467 0.0703999 0.0325843 0.0486413 0.554516
0.107131 0.0132127 0.0496724 0.187831 0.000885486 0.0478331 9.9982E-05 9.9982E-05 0.593234
0.118538 0.0820716 0.0146891 9.9991E-05 0.123554 0.0124333 0.0565746 0.0659743 0.526065
0.0146067 0.00971562 9.9973E-05 0.520206 9.9973E-05 0.122631 9.9973E-05 0.0184126 0.314128
9.9964E-05 0.032535 9.9964E-05 0.312972 0.104027 9.9964E-05 9.9964E-05 0.062921 0.487146
0.148662 0.0528481 0.0145338 0.294155 0.0158698 0.0223759 9.9991E-05 0.0295255 0.42193
9.9964E-05 9.9964E-05 9.9964E-05 0.537601 0.0363316 9.9964E-05 0.109611 0.0548941 0.261162
0.124804 9.9955E-05 0.0759496 0.413967 9.9955E-05 9.9955E-05 9.9955E-05 9.9955E-05 0.38478
0.0491206 0.0121803 0.165947 0.125172 9.9973E-05 9.9973E-05 9.9973E-05 0.0359696 0.61131
0.401506 9.9982E-05 0.0233429 0.0826418 0.194707 0.105477 0.0474732 9.9982E-05 0.144652
0.303699 0.0201832 0.0880494 9.9982E-05 9.9982E-05 0.0650726 0.026666 0.0746724 0.421458
0.199668 0.00285656 0.0908906 9.9982E-05 9.9982E-05 0.0359297 0.00162078 0.0376177 0.631217
0.131588 9.9982E-05 0.104469 0.0678459 0.0271018 9.9982E-05 0.0463249 0.0698101 0.55266
0.41029 0.0543395 0.00681266 9.9964E-05 0.0255605 9.9964E-05 9.9964E-05 9.9964E-05 0.502598
0.21468 9.9964E-05 9.9964E-05 9.9964E-05 0.119479 9.9964E-05 0.0314084 0.104449 0.529583
0.351112 0.0125671 0.00495234 0.0538714 0.08422 9.9991E-05 0.0507711 0.0357364 0.40667
0.137921 0.00707133 0.135732 0.10365 0.107184 9.9982E-05 0.0210895 9.9982E-05 0.487152
0.132484 0.00469048 0.0579499 0.0115203 0.0360168 0.0793213 0.00951346 0.0950426 0.573462
0.221264 0.0896658 9.9964E-05 0.0209784 9.9964E-05 0.0468959 9.9964E-05 9.9964E-05 0.620796
0.339515 9.9964E-05 9.9964E-05 0.0289702 0.0859352 9.9964E-05 9.9964E-05 0.0797974 0.465382
0.0693592 0.0282622 0.0792097 0.0433873 0.0197024 0.0939795 0.0317679 0.0158984 0.618433
0.0027434 0.0357 0.111318 9.9991E-05 0.105429 0.0142237 0.078711 0.115817 0.535958
0.287465 9.9964E-05 9.9964E-05 0.0847282 0.0943199 9.9964E-05 0.0551258 9.9964E-05 0.477961
0.162376 0.0277144 0.0946585 9.9991E-05 0.00412141 0.0566202 0.0520801 0.00439821 0.597931
0.321435 0.001457 9.9982E-05 0.0195092 0.103303 9.9982E-05 0.0690442 0.0132322 0.471819
0.273641 0.0553695 0.0162511 9.9982E-05 0.0190362 0.247816 9.9982E-05 0.0357283 0.351958
0.250505 0.0145575 0.0163409 0.0589901 9.9982E-05 0.0206952 0.0338846 9.9982E-05 0.604827
0.182948 0.00471139 9.9973E-05 9.9973E-05 0.134147 0.0120865 0.0239942 9.9973E-05 0.641813
0.518583 9.9964E-05 9.9964E-05 0.100524 0.139648 9.9964E-05 0.0391598 9.9964E-05 0.201686
0.347567 9.9991E-05 0.00442249 0.0404456 0.188009 0.217297 0.0450651 0.0126935 0.144401
0.16453 9.9973E-05 9.9973E-05 0.070118 0.0545925 0.066151 9.9973E-05 0.0921061 0.552202
0.293523 9.9982E-05 9.9982E-05 0.123475 0.255578 0.124497 0.0412696 0.0836359 0.077821
0.484451 0.00178803 0.0692129 0.0377712 0.0975273 0.0127948 9.9991E-05 0.0177624 0.278593
0.310351 9.9964E-05 0.0598498 0.133624 0.0628181 9.9964E-05 9.9964E-05 9.9964E-05 0.432957
0.413891 0.0441935 9.9964E-05 0.198689 9.9964E-05 9.9964E-05 9.9964E-05 0.06079 0.282037
0.48491 9.9973E-05 0.0316207 0.0552781 0.0695041 0.0327464 9.9973E-05 9.9973E-05 0.325641
0.10272 0.0106081 0.0793213 0.0397993 0.0559402 0.0584343 9.9991E-05 0.0295051 0.623571
0.0698862 9.9973E-05 0.178481 9.9973E-05 0.144788 0.0297124 9.9973E-05 0.0179053 0.558927
0.233672 0.0420543 0.0260665 0.0386515 0.0843359 0.0768336 9.9982E-05 9.9982E-05 0.498187
0.421482 9.9973E-05 9.9973E-05 0.116789 0.0397138 0.222596 0.0904307 9.9973E-05 0.108689
0.13732 0.0171726 0.0942155 0.107092 0.0736832 0.128502 9.9982E-05 9.9982E-05 0.441815
0.0374693 9.9982E-05 0.104463 0.0449068 0.127341 0.180258 0.00450064 9.9982E-05 0.500861
0.0744006 0.00180788 0.0975623 0.141091 0.212757 0.456145 9.9982E-05 0.0160362 9.9982E-05
0.00580155 0.00689392 0.0975285 0.130465 0.0515114 0.0409371 0.00647271 9.9991E-05 0.66029
9.9964E-05 9.9964E-05 0.166117 0.115177 0.130167 0.232377 9.9964E-05 9.9964E-05 0.355761
0.0794776 0.0131771 0.10852 0.0986044 0.0607707 0.101693 0.105663 9.9991E-05 0.431993
0.0543523 0.0160544 0.0746493 0.0398512 0.0528354 0.403446 9.9991E-05 0.0508473 0.307864
0.085248 0.0225533 0.05509 0.0300286 0.0814315 0.417695 9.9991E-05 0.0462036 0.26165
0.0588925 0.0354985 0.0239954 0.09937 0.127391 0.165199 9.9991E-05 0.0739772 0.415576
0.0353609 0.0171542 0.0459868 9.9991E-05 0.0497675 0.123565 0.0998713 0.120403 0.507791
0.0594609 0.0125991 0.163694 0.17387 0.0842045 0.0705144 0.0673196 0.0301721 0.338166
0.116604 9.9973E-05 0.0624959 0.297237 0.0113964 0.368268 0.143699 9.9973E-05 9.9973E-05
0.0387774 0.0558625 0.0963429 9.9973E-05 0.158027 0.0856077 9.9973E-05 9.9973E-05 0.565082
0.0172183 9.9973E-05 9.9973E-05 0.170252 0.0236731 0.362542 9.9973E-05 0.0593507 0.366664
0.143479 9.9973E-05 9.9973E-05 0.0550828 0.157171 0.155728 9.9973E-05 0.0365644 0.451675
0.0010606 0.0013998 0.0639179 0.000767854 0.0851875 0.148613 0.0556239 0.118338 0.525091
0.020349 0.0717884 0.207425 9.9982E-05 9.9982E-05 0.244618 0.295601 0.0494607 0.110558
9.9955E-05 0.0490337 0.458049 9.9955E-05 9.9955E-05 0.325468 0.166949 9.9955E-05 9.9955E-05
9.9955E-05 0.049288 0.356739 9.9955E-05 9.9955E-05 0.449065 0.144408 9.9955E-05 9.9955E-05
0.0111342 0.0286121 0.330043 9.9973E-05 9.9973E-05 0.242354 0.304016 9.9973E-05 0.0835414
9.9946E-05 9.9946E-05 9.9946E-05 9.9946E-05 0.0224427 0.281608 9.9946E-05 9.9946E-05 0.695349
0.0557481 0.0152144 0.107632 0.124741 0.0765654 0.0852264 9.9982E-05 9.9982E-05 0.534672
0.0139736 0.0212928 9.9955E-05 9.9955E-05 9.9955E-05 9.9955E-05 0.588165 9.9955E-05 0.376068
0.141053 0.0249924 9.9973E-05 0.112483 0.0560998 9.9973E-05 0.505069 9.9973E-05 0.160003
0.000365043 9.9991E-05 0.111812 0.0266137 0.105484 0.00899359 0.336685 0.0101743 0.399772
0.0306103 0.00457601 9.9973E-05 0.00380885 0.240555 0.370989 9.9973E-05 9.9973E-05 0.349161
0.171778 9.9982E-05 9.9982E-05 0.0409609 0.076286 0.112498 0.11154 0.0356672 0.451069
9.9964E-05 9.9964E-05 9.9964E-05 0.00999313 0.229199 0.490214 9.9964E-05 0.0402063 0.229987
9.99642E-05 9.99642E-05 9.99642E-05 0.063547 0.0448749 0.167058 9.99642E-05 0.0764203 0.6477
0.0148082 9.9973E-05 9.9973E-05 0.0976709 0.161719 0.21534 9.9973E-05 0.0741988 0.435963
9.9973E-05 9.9973E-05 9.9973E-05 0.0403716 0.0274845 0.244718 0.0347026 0.0652867 0.587137
0.0450167 9.9973E-05 9.9973E-05 0.0975885 0.165598 0.466199 9.9973E-05 0.0385179 0.18678
9.9982E-05 0.00534339 0.0179581 0.101904 0.0966182 0.142516 0.0333615 9.9982E-05 0.602098
0.120843 0.0182845 0.04715 0.00672872 9.9991E-05 0.266134 0.0538576 0.000868528 0.486034
9.9946E-05 9.9946E-05 9.9946E-05 0.0173346 0.0490939 9.9946E-05 0.932972 9.9946E-05 9.9946E-05
0.0232696 9.9964E-05 9.9964E-05 9.9964E-05 0.00336823 9.9964E-05 0.881296 0.0130947 0.0785713
0.0171988 0.0420696 0.0576623 0.0201553 9.9982E-05 0.0166659 0.493353 9.9982E-05 0.352695
9.9964E-05 0.0101037 0.00902924 9.9964E-05 9.9964E-05 9.9964E-05 0.636631 0.0262836 0.317553
9.9982E-05 0.00425222 0.00875849 0.019144 0.0201569 9.9982E-05 0.762564 0.059816 0.125108
9.993E-05 9.993E-05 9.993E-05 9.993E-05 9.993E-05 9.993E-05 0.999201 9.993E-05 9.993E-05
9.9964E-05 0.0161596 0.0102577 0.027417 9.9964E-05 9.9964E-05 0.914942 0.0308235 9.9964E-05
9.9937E-05 9.9937E-05 9.9937E-05 9.9937E-05 9.9937E-05 9.9937E-05 0.823848 9.9937E-05 0.175453
0.0286371 9.9946E-05 9.9946E-05 9.9946E-05 9.9946E-05 9.9946E-05 0.934724 9.9946E-05 0.0360396
9.993E-05 9.993E-05 9.993E-05 9.993E-05 9.993E-05 9.993E-05 0.999201 9.993E-05 9.993E-05
9.9937E-05 0.0160242 9.9937E-05 9.9937E-05 9.9937E-05 9.9937E-05 0.983276 9.9937E-05 9.9937E-05
9.9964E-05 0.0250412 9.9964E-05 9.9964E-05 0.0207474 0.0399754 0.721024 9.9964E-05 0.192812
9.9955E-05 0.00146179 0.0751046 9.9955E-05 9.9955E-05 9.9955E-05 0.761431 9.9955E-05 0.161503
9.9946E-05 9.9946E-05 9.9946E-05 0.0400431 9.9946E-05 9.9946E-05 0.957684 0.00167301 9.9946E-05
0.055251 0.00361886 0.067177 0.0537176 0.0593408 0.0283673 0.302911 9.9991E-05 0.429516
0.0484657 0.0215415 0.0372172 9.9982E-05 9.9982E-05 0.015965 0.643245 0.000386194 0.232979
0.0261961 0.0320481 0.0209722 9.9973E-05 9.9973E-05 9.9973E-05 0.693229 0.0177177 0.209537
0.00974012 0.0216993 0.0159846 9.9973E-05 9.9973E-05 9.9973E-05 0.850105 0.00134652 0.100825
9.9955E-05 0.00341864 0.00315191 9.9955E-05 9.9955E-05 9.9955E-05 0.899975 9.9955E-05 0.0929546
0.0362299 9.9955E-05 0.0603883 9.9955E-05 9.9955E-05 9.9955E-05 0.844891 9.9955E-05 0.0579912
9.9937E-05 0.00697168 9.9937E-05 9.9937E-05 9.9937E-05 9.9937E-05 0.992329 9.9937E-05 9.9937E-05
0.0585022 0.00786557 0.065872 9.9982E-05 0.00825995 9.9982E-05 0.564818 0.0260861 0.268396
0.0213048 9.9964E-05 0.0483388 9.9964E-05 0.0343117 9.9964E-05 0.857253 9.9964E-05 0.0383917
9.9955E-05 9.9955E-05 0.285697 9.9955E-05 0.0331735 0.653575 0.0270546 9.9955E-05 9.9955E-05
0.0555516 0.0215295 0.122481 9.9991E-05 0.0084413 0.224389 0.0193493 0.141378 0.406781
9.9991E-05 0.0328829 0.176844 0.0140292 0.000461702 0.208087 0.0290558 0.0845095 0.45403
0.0145283 0.0483557 0.142392 0.0242158 9.9991E-05 0.430409 0.137033 0.0524935 0.150473
0.0195004 9.9973E-05 0.132091 9.9973E-05 0.0322498 0.248836 0.0776024 9.9973E-05 0.489421
9.9973E-05 0.0505333 0.211989 9.9973E-05 0.138536 0.310236 0.110509 9.9973E-05 0.177897
9.9991E-05 0.0516629 0.206786 0.0706916 0.0369719 0.0534265 0.0997697 0.0633602 0.417232
9.9982E-05 0.0179193 0.0373659 0.0138181 9.9982E-05 0.378976 0.177927 0.0293803 0.344413
9.9964E-05 0.0814764 0.0632445 9.9964E-05 9.9964E-05 0.292382 0.143613 9.9964E-05 0.418884
9.9982E-05 0.0653645 0.0703835 0.0336529 0.0158906 0.333982 0.200738 9.9982E-05 0.279788
0.120362 0.0448975 0.153573 0.0398548 0.0389086 0.127194 0.0718923 9.9991E-05 0.403217
0.0141079 0.0192801 0.803091 9.9973E-05 9.9973E-05 0.0546699 9.9973E-05 0.0449238 0.063627
0.00205342 0.0783267 0.791547 9.9973E-05 0.0503519 0.028299 0.0491221 9.9973E-05 9.9973E-05
0.0149446 0.0676717 0.893982 0.0229019 9.9955E-05 9.9955E-05 9.9955E-05 9.9955E-05 9.9955E-05
0.0228439 0.0453678 0.856779 9.9973E-05 9.9973E-05 0.0103726 9.9973E-05 0.00628393 0.0580529
0.0499141 0.109591 0.80092 9.9973E-05 9.9973E-05 0.0199247 0.0086398 9.9973E-05 0.0107108
9.9955E-05 0.0936001 0.81303 9.9955E-05 0.0370344 9.9955E-05 0.0558353 9.9955E-05 9.9955E-05
0.0231648 0.0943567 0.768286 9.9964E-05 9.9964E-05 9.9964E-05 0.0803459 9.9964E-05 0.0334469
0.0199009 0.0586422 0.826623 9.9982E-05 0.0284421 0.0272398 9.9982E-05 0.00330766 0.0356449
9.9964E-05 0.0617256 0.828228 0.0109056 0.0571724 9.9964E-05 9.9964E-05 9.9964E-05 0.0415681
0.0149993 0.0549129 0.780673 9.9982E-05 9.9982E-05 0.032235 0.0760182 0.00550376 0.0354578
0.176304 0.0672462 0.525697 0.0723814 0.0380014 9.9973E-05 9.9973E-05 0.12007 9.9973E-05
0.162913 0.0182506 0.559048 0.0639919 9.9964E-05 9.9964E-05 9.9964E-05 0.195397 9.9964E-05
0.262635 0.0828043 0.447774 0.062713 0.0319266 0.0712485 9.9982E-05 0.0406993 9.9982E-05
0.202805 9.9973E-05 0.4878 0.12432 0.0391588 0.0409073 9.9973E-05 0.104708 9.9973E-05
0.196907 9.9973E-05 0.0321525 0.21499 0.0278258 0.00125062 9.9973E-05 9.9973E-05 0.526574
9.9973E-05 9.9973E-05 0.0170479 0.322755 0.0735362 9.9973E-05 0.0482114 0.134847 0.403303
0.184539 0.0240429 9.9973E-05 0.266638 9.9973E-05 0.0112489 9.9973E-05 0.0633659 0.449865
0.238678 0.00841015 0.0721235 0.162444 0.00156924 0.0537333 9.9982E-05 9.9982E-05 0.462842
0.638197 0.0049732 9.9973E-05 0.163756 9.9973E-05 0.00912514 9.9973E-05 0.0492195 0.134429
9.9982E-05 0.0290999 0.0584005 0.165597 0.030866 0.0357661 0.0387884 9.9982E-05 0.641282
0.115504 9.9964E-05 9.9964E-05 0.259346 0.0684172 9.9964E-05 9.9964E-05 0.0188766 0.537456
0.0527542 9.9973E-05 9.9973E-05 0.328253 0.0124016 0.0535779 9.9973E-05 0.0147099 0.538003
9.9964E-05 9.9964E-05 9.9964E-05 0.496553 0.072754 0.0059478 9.9964E-05 0.0361501 0.388196
0.0231615 9.9982E-05 9.9982E-05 0.173946 0.0913744 0.0274033 0.00995025 0.0700372 0.603928
9.9964E-05 9.9964E-05 9.9964E-05 0.500802 0.0437128 0.000242666 9.9964E-05 0.0743832 0.380459
0.0600578 9.9955E-05 9.9955E-05 0.724616 0.143065 0.071761 9.9955E-05 9.9955E-05 9.9955E-05
0.103333 0.00993427 0.062181 0.0879707 0.0806001 0.0552428 9.9991E-05 0.0557934 0.544845
9.9973E-05 9.9973E-05 0.0116586 0.430187 0.102889 0.224469 9.9973E-05 0.000606737 0.22989
9.9955E-05 0.0202148 9.9955E-05 0.401984 0.0895729 9.9955E-05 9.9955E-05 9.9955E-05 0.487729
0.217101 9.9973E-05 0.0299964 0.641785 0.00947161 9.9973E-05 9.9973E-05 0.019964 0.0813817
0.0183762 9.9964E-05 0.0487945 9.9964E-05 9.9964E-05 0.031007 0.0365318 0.864891 9.9964E-05
9.9937E-05 9.9937E-05 9.9937E-05 9.9937E-05 9.9937E-05 9.9937E-05 9.9937E-05 0.969506 0.0297943
9.993E-05 9.993E-05 9.993E-05 9.993E-05 9.993E-05 9.993E-05 9.993E-05 0.999201 9.993E-05
9.9946E-05 9.9946E-05 0.0315069 0.0356477 9.9946E-05 9.9946E-05 9.9946E-05 0.932246 9.9946E-05
9.9955E-05 0.0252406 9.9955E-05 9.9955E-05 9.9955E-05 9.9955E-05 0.0203992 0.945445 0.00841525
9.9946E-05 9.9946E-05 9.9946E-05 9.9946E-05 9.9946E-05 9.9946E-05 0.0572584 0.931487 0.0106551
9.9964E-05 0.078059 0.783587 9.9964E-05 9.9964E-05 9.9964E-05 0.0299209 0.00446287 0.103571
0.0662758 0.0304095 0.759638 9.9973E-05 9.9973E-05 9.9973E-05 0.0379104 0.0244623 0.0810046
9.9964E-05 0.0714498 0.683577 9.9964E-05 9.9964E-05 9.9964E-05 0.107205 0.0233784 0.11399
0.0819323 0.0740129 0.69132 9.9964E-05 9.9964E-05 9.9964E-05 0.0886832 9.9964E-05 0.0636519
0.046332 0.0486607 0.743284 9.9973E-05 9.9973E-05 0.0114022 0.0350001 9.9973E-05 0.115021
0.269629 0.00707873 0.354062 0.06188 9.9973E-05 0.023356 9.9973E-05 0.283695 9.9973E-05
0.115248 0.0464949 0.396228 0.112469 0.00151816 0.0150036 9.9982E-05 0.312839 9.9982E-05
0.0888257 0.0414218 0.369437 0.00841394 0.102023 9.9973E-05 9.9973E-05 0.389579 9.9973E-05
9.993E-05 0.999201 9.993E-05 9.993E-05 9.993E-05 9.993E-05 9.993E-05 9.993E-05 9.993E-05
0.214201 0.036572 0.29218 0.0690803 0.00435158 9.9973E-05 9.9973E-05 0.383316 9.9973E-05
9.9973E-05 0.00373596 0.271349 9.9973E-05 0.0412394 0.0758193 0.249787 9.9973E-05 0.35777
0.00340556 0.00572377 0.103038 0.0924039 9.9991E-05 0.0203138 0.257061 0.0529233 0.465031
9.9955E-05 0.0182192 0.15128 9.9955E-05 9.9955E-05 9.9955E-05 0.276373 9.9955E-05 0.553628
9.9982E-05 9.9982E-05 0.224948 0.0326412 0.000239257 0.151624 0.198746 0.0719279 0.319672
0.0718953 0.0419043 0.120829 0.0293079 9.9982E-05 0.0114715 0.254038 9.9982E-05 0.470354
9.9946E-05 9.9946E-05 0.434323 9.9946E-05 9.9946E-05 0.284144 0.280934 9.9946E-05 9.9946E-05
0.29353 0.0290202 9.9973E-05 0.0535817 0.152844 9.9973E-05 9.9973E-05 0.0406279 0.430096
0.218386 9.9973E-05 9.9973E-05 0.0715763 0.090209 0.166242 9.9973E-05 0.0605539 0.392733
0.591159 0.0204483 0.075004 0.00526945 0.0195933 9.9982E-05 9.9982E-05 0.0492083 0.239118
0.128819 9.9973E-05 9.9973E-05 0.0395346 0.302182 0.00571297 9.9973E-05 0.0731744 0.450277
0.225574 9.9964E-05 9.9964E-05 0.139282 0.296838 0.316084 9.9964E-05 0.0218228 9.9964E-05
0.160469 0.0504547 0.00868631 9.9991E-05 0.118029 0.139058 0.0466917 0.0128141 0.463698
0.214427 9.9982E-05 0.0597258 0.0240479 0.154492 0.0392812 9.9982E-05 0.025968 0.481858
0.410864 0.0926314 9.9973E-05 0.14871 0.0220286 0.00666313 9.9973E-05 9.9973E-05 0.318803
0.135175 0.0418217 0.122428 0.05643 0.0424841 0.0290032 0.00433021 0.0330826 0.535245
0.339009 9.9964E-05 9.9964E-05 0.140341 0.073665 0.364597 9.9964E-05 9.9964E-05 0.0819874
0.146863 9.9982E-05 9.9982E-05 0.0895293 0.203774 0.0862274 0.077906 0.0719252 0.323575
0.284493 0.0104624 9.9991E-05 0.0390238 0.00798581 0.0582362 0.0575105 0.0431258 0.499062
0.0323207 9.9982E-05 0.163377 0.156869 0.0428296 0.093599 0.186546 9.9982E-05 0.324258
0.297509 9.9973E-05 9.9973E-05 0.0339857 0.228813 0.0846925 9.9973E-05 0.0327054 0.321995
0.199567 0.0153944 9.9973E-05 0.0999221 0.158933 9.9973E-05 9.9973E-05 0.103882 0.422002
0.156065 9.9973E-05 9.9973E-05 0.135773 0.120827 0.0781167 0.0541991 9.9973E-05 0.45472
0.159768 9.9973E-05 9.9973E-05 0.0786238 0.0851232 0.0312292 9.9973E-05 0.119986 0.52497
0.122789 0.0148118 0.0221221 9.9982E-05 0.0673023 0.0917838 0.0294438 9.9982E-05 0.651547
0.182563 0.0662132 0.0375613 0.140751 0.0373401 9.9982E-05 0.0703131 9.9982E-05 0.465059
0.105909 9.9973E-05 0.0810986 0.144992 9.9973E-05 9.9973E-05 0.105701 0.0313419 0.530657
9.9946E-05 9.9946E-05 0.77846 9.9946E-05 9.9946E-05 9.9946E-05 0.102959 9.9946E-05 0.117982
9.9955E-05 9.9955E-05 0.805478 0.0654173 9.9955E-05 9.9955E-05 0.0277484 9.9955E-05 0.100856
0.081265 9.9982E-05 0.736998 0.060486 0.00038186 0.0401139 0.0233647 9.9982E-05 0.0571906
9.9982E-05 0.00855863 0.792344 0.0775104 0.0524009 9.9982E-05 0.0153338 0.0324017 0.0212511
9.9973E-05 0.0665592 0.781969 9.9973E-05 9.9973E-05 0.00588456 0.00462582 0.00691162 0.133749
0.644538 9.9973E-05 9.9973E-05 0.0580604 0.007313 0.110435 0.0214677 9.9973E-05 0.157886
0.160759 0.0724928 0.0153521 0.166085 0.0774485 0.0677179 0.0377498 0.0141503 0.388245
0.0832511 0.0275031 0.188349 9.9991E-05 0.0196804 0.0788394 0.161419 0.0252822 0.415576
0.173562 0.0108825 0.00506109 0.0171374 0.0803095 9.9982E-05 0.112242 9.9982E-05 0.600606
0.325836 9.9955E-05 0.0961364 0.0870204 9.9955E-05 9.9955E-05 9.9955E-05 9.9955E-05 0.490507
0.321914 0.0305789 9.9973E-05 9.9973E-05 0.146187 0.188223 0.0767438 9.9973E-05 0.236054
0.632635 0.0429431 0.0665402 0.0932617 9.9964E-05 0.164221 9.9964E-05 9.9964E-05 9.9964E-05
0.215877 0.0135813 9.9973E-05 0.0512737 0.0524685 9.9973E-05 9.9973E-05 0.165908 0.500591
0.431828 0.0111241 0.0847688 0.163195 0.0655868 9.9991E-05 0.0493663 0.114433 0.0795975
0.131172 9.9991E-05 0.079711 0.142538 0.0149656 0.121074 0.0302428 0.0515497 0.428648
0.524799 0.0133994 0.172647 0.0405974 0.186464 9.9991E-05 0.0137022 0.0278785 0.0204121
0.175435 0.0483551 0.0528475 9.9982E-05 0.0620816 9.9982E-05 0.0128843 0.0504797 0.597717
0.607717 0.0362453 0.0647328 0.0164162 0.0717003 0.0396354 0.00486193 9.9991E-05 0.158591
0.321911 9.9982E-05 9.9982E-05 0.0384743 0.145251 0.100767 0.112588 0.0432247 0.237584
0.0515048 0.00238851 0.0628285 0.0145192 0.0640778 0.242295 9.9991E-05 0.107382 0.454904
9.9964E-05 9.9964E-05 9.9964E-05 0.0110295 0.107083 0.495332 9.9964E-05 0.0955745 0.290581
0.0273283 9.9982E-05 0.0424589 0.0038593 0.008867 0.270377 9.9982E-05 0.041521 0.605388
9.9982E-05 0.0591396 0.0291283 0.0531588 9.9982E-05 0.191094 0.0396978 0.0434875 0.584094
0.0757774 9.9964E-05 9.9964E-05 9.9964E-05 0.0643242 0.426596 9.9964E-05 0.0666154 0.366287
0.026274 0.0453569 9.9991E-05 0.139508 0.068066 0.121246 0.0558995 0.127583 0.415966
9.9973E-05 9.9973E-05 0.0519281 0.0189864 0.0923494 0.243056 9.9973E-05 0.0760644 0.517316
9.9964E-05 9.9964E-05 9.9964E-05 0.100499 0.120352 0.602289 9.9964E-05 0.0652975 0.111163
9.9964E-05 9.9964E-05 9.9964E-05 0.0688837 0.0886219 0.5425 9.9964E-05 0.031957 0.267637
9.9955E-05 9.9955E-05 9.9955E-05 9.9955E-05 0.0740088 0.351293 9.9955E-05 0.104567 0.469631
0.0596608 9.9973E-05 9.9973E-05 0.197794 0.0288216 0.478186 9.9973E-05 0.0830468 0.152191
0.0279462 9.9964E-05 9.9964E-05 0.111114 9.9964E-05 0.339904 9.9964E-05 0.0143664 0.50627
0.647853 9.9973E-05 9.9973E-05 0.129321 9.9973E-05 0.0627074 0.00198117 0.0358743 0.121963
0.410712 9.9964E-05 9.9964E-05 9.9964E-05 0.332347 0.0334781 9.9964E-05 0.0262628 0.1968
0.397264 0.0866599 9.9982E-05 0.128245 0.0106441 9.9982E-05 0.0531986 0.0289324 0.294857
0.174011 0.00192395 0.103445 0.0497315 0.0467633 9.9991E-05 0.0291028 0.0128439 0.582078
0.541647 9.9973E-05 9.9973E-05 0.139667 0.0637967 9.9973E-05 0.0608574 0.0524174 0.141315
0.129649 9.9982E-05 0.0895281 0.101837 0.119009 9.9982E-05 0.0552655 0.101004 0.403508
0.0803188 0.0780513 9.9973E-05 9.9973E-05 9.9973E-05 0.131361 0.00449684 0.0772318 0.62824
0.225293 0.0111 0.0316377 0.195804 0.0585843 0.0171888 0.0599381 9.9991E-05 0.400354
0.319808 9.9982E-05 9.9982E-05 0.00581675 0.10202 0.0405332 0.0589765 0.0211331 0.451513
0.254578 0.0529772 9.9973E-05 0.188026 9.9973E-05 9.9973E-05 0.0401679 0.0621199 0.401831
0.484324 9.9973E-05 9.9973E-05 0.172745 0.0513448 9.9973E-05 0.0859188 0.0329359 0.172431
0.369585 9.9982E-05 0.0148829 0.0360329 0.0194526 9.9982E-05 0.0720181 0.165206 0.322622
0.151937 9.9991E-05 0.00142113 0.0441475 0.0696684 0.0815793 0.0194921 0.0755534 0.556102
0.201904 0.0161002 9.9991E-05 0.0437136 0.0497255 0.0314798 0.0688631 0.0287135 0.559401
0.289067 0.0314091 0.0388418 0.0500673 0.161046 0.0343284 9.9991E-05 0.0491957 0.345945
0.22694 9.9973E-05 0.0126356 9.9973E-05 0.1694 9.9973E-05 0.0398281 0.0582823 0.492614
0.394458 0.0221765 0.0946878 0.0290321 0.0628628 0.03456 0.0160509 9.9991E-05 0.346072
0.148978 9.99909E-05 0.016805 0.0228133 0.166696 0.00709486 9.99909E-05 0.0133458 0.624067
0.202638 9.9973E-05 9.9973E-05 0.0536684 9.9973E-05 0.0365566 0.050081 0.129191 0.527565
0.191651 0.0172924 0.00460286 9.9982E-05 0.0434702 0.165127 0.151883 9.9982E-05 0.425774
0.072905 9.9964E-05 0.329132 9.9964E-05 9.9964E-05 0.0829347 0.126021 9.9964E-05 0.388608
0.0772649 0.0642344 0.0615093 0.117551 0.0173603 0.0276669 0.223194 9.9991E-05 0.411119
0.0198625 0.0293035 0.148297 9.9982E-05 0.01433 0.183179 0.154351 9.9982E-05 0.450477
0.119931 0.0346524 0.0263041 0.0395443 0.0594392 0.0119798 0.123741 0.0373543 0.547054
9.9982E-05 0.00312559 0.177467 0.059246 0.0204777 0.0742817 0.215919 9.9982E-05 0.449283
0.183925 0.0229119 9.9964E-05 9.9964E-05 0.16216 0.205709 9.9964E-05 9.9964E-05 0.424894
0.015468 0.0168607 0.160578 0.0505604 9.9991E-05 0.104054 0.138008 0.0485951 0.465775
0.0609274 9.9982E-05 0.23158 0.0759308 0.000479859 0.461176 0.0901147 9.9982E-05 0.0795908
0.000587203 0.0080186 0.123464 0.00461856 0.104417 0.00827312 0.207581 0.0404642 0.502577
0.0223923 9.9991E-05 0.0843198 0.0713559 0.0814246 0.0730517 0.213541 0.0580241 0.395791
0.0920305 0.000857633 0.129656 9.9982E-05 0.135927 0.013312 0.192676 9.9982E-05 0.43534
0.114588 0.0466118 0.0897311 0.073263 0.00432083 0.242367 0.176941 0.011286 0.240891
0.0555345 0.0526653 0.108307 0.0138715 0.00114506 0.118585 0.158811 0.00942056 0.481661
9.9973E-05 0.0417595 0.0971903 9.9973E-05 0.10744 0.0485239 0.179769 9.9973E-05 0.525018
9.9955E-05 0.0465881 0.379426 9.9955E-05 9.9955E-05 0.370067 0.203419 9.9955E-05 9.9955E-05
0.0464495 0.0555173 0.133634 0.00277896 0.0799271 0.0219422 0.106041 0.0114683 0.542242
9.9982E-05 0.0668997 0.122954 0.0418076 0.0685739 9.9982E-05 0.212128 0.00851276 0.478924
0.0207447 9.9973E-05 0.136632 9.9973E-05 9.9973E-05 0.0875576 0.072288 0.0256215 0.656856
9.9955E-05 9.9955E-05 0.240231 9.9955E-05 9.9955E-05 0.0584855 0.154397 9.9955E-05 0.546387
0.0886637 0.036112 0.147537 9.9991E-05 0.0391585 0.0807736 0.126106 0.000416734 0.481132
9.9973E-05 0.10325 9.9973E-05 0.077715 0.362594 9.9973E-05 0.0104182 0.0426597 0.403063
0.0299988 9.9991E-05 0.1027 0.0945266 0.124029 0.0278275 0.100708 0.0742183 0.445891
0.079209 9.9946E-05 9.9946E-05 0.0431831 0.877008 9.9946E-05 9.9946E-05 9.9946E-05 9.9946E-05
0.0288592 9.99459E-05 9.99459E-05 9.99459E-05 0.882331 0.0882098 9.99459E-05 9.99459E-05 9.99459E-05
0.0545325 0.0091844 0.0413643 0.0102143 0.374682 9.9982E-05 0.0543662 9.9982E-05 0.455456
9.9964E-05 9.9964E-05 0.126253 9.9964E-05 0.154924 0.0838287 0.291259 9.9964E-05 0.343335
9.9973E-05 9.9973E-05 0.0912755 0.0456652 0.263661 0.0248419 0.355584 9.9973E-05 0.218673
0.0345035 0.0337853 0.125443 9.9991E-05 0.194376 0.119984 0.311792 0.0325948 0.147421
0.0169604 0.0703493 0.113479 9.9982E-05 0.210945 0.0368079 0.230126 9.9982E-05 0.321131
9.9973E-05 0.014807 0.0548062 9.9973E-05 0.675736 0.154808 0.0520008 9.9973E-05 0.0475429
9.9964E-05 0.0713325 0.0695474 9.9964E-05 0.717764 9.9964E-05 0.0677279 9.9964E-05 0.0732286
9.9964E-05 0.0429542 9.9964E-05 0.059765 0.405468 9.9964E-05 0.0845115 9.9964E-05 0.406902
9.9955E-05 9.9955E-05 0.020965 9.9955E-05 0.517629 9.9955E-05 0.0740286 9.9955E-05 0.386878
9.9973E-05 0.0618436 0.040964 9.9973E-05 0.736391 9.9973E-05 0.0806538 0.000263 0.0795847
0.0343231 0.00626469 0.0757729 9.9991E-05 0.27352 0.0573291 0.0879839 0.0176149 0.447091
9.9973E-05 0.0313637 0.0461743 9.9973E-05 0.386781 9.9973E-05 0.042287 0.00776492 0.48533
0.0529338 0.0698699 0.0704006 0.0338906 0.198891 9.9991E-05 0.0601313 0.0363237 0.477459
0.00203839 9.9964E-05 9.9964E-05 9.9964E-05 0.667981 0.00535499 9.9964E-05 0.0326913 0.291534
0.0987462 0.0323188 9.9982E-05 0.0166186 0.532054 0.00226209 0.00614972 9.9982E-05 0.31165
9.9973E-05 0.00244978 9.9973E-05 0.104464 0.139621 0.0582286 9.9973E-05 0.129078 0.565859
9.9991E-05 0.00790458 0.00750371 0.0727801 0.333129 0.0668572 0.0517032 0.101635 0.358387
0.128441 9.9973E-05 9.9973E-05 9.9973E-05 0.2303 0.10974 0.0750088 0.0424942 0.413716
9.9955E-05 9.9955E-05 9.9955E-05 0.00710752 0.43687 0.118543 9.9955E-05 9.9955E-05 0.436979
0.0143602 9.9955E-05 9.9955E-05 9.9955E-05 0.770212 9.9955E-05 9.9955E-05 0.0957921 0.119136
9.9955E-05 9.9955E-05 0.0601193 0.0521302 0.36505 9.9955E-05 9.9955E-05 9.9955E-05 0.522201
0.0194331 9.9973E-05 0.015286 0.0227197 0.829306 0.0113978 9.9973E-05 9.9973E-05 0.101558
9.9955E-05 0.00451178 9.9955E-05 9.9955E-05 0.664188 9.9955E-05 9.9955E-05 0.0601246 0.270676
0.0395483 0.0720499 9.9982E-05 0.0805812 0.226145 9.9982E-05 0.00918884 0.0930027 0.479284
0.0665812 0.0283695 9.9982E-05 0.00829396 0.386826 9.9982E-05 0.134923 0.0433985 0.331409
9.9973E-05 0.0317432 0.127595 9.9973E-05 0.10266 0.0257134 0.133322 9.9973E-05 0.578666
0.0320441 0.0301351 0.0881201 9.9991E-05 0.12245 0.08429 0.13308 0.019713 0.490068
0.0013574 0.0498145 0.12604 0.0814464 0.0293791 0.120819 0.233792 0.047243 0.310109
0.153126 0.136705 0.0855655 9.9991E-05 0.100632 0.0470134 0.147092 0.0760686 0.253697
0.157936 0.0085265 0.144028 0.133077 9.9982E-05 0.0577846 0.11898 9.9982E-05 0.379468
0.0373734 0.0666388 0.0935282 9.9991E-05 0.201488 0.0426898 0.187872 0.0544844 0.315826
9.9973E-05 0.0640955 0.131502 9.9973E-05 0.573953 0.0671474 0.0907297 0.072272 9.9973E-05
0.0110933 0.0996878 0.00572448 9.9982E-05 0.0799393 9.9982E-05 0.0968738 0.0878711 0.61861
9.9955E-05 9.9955E-05 0.369918 9.9955E-05 0.339548 0.202994 0.08704 9.9955E-05 9.9955E-05
9.9964E-05 9.9964E-05 0.0534925 9.9964E-05 0.293213 9.9964E-05 0.195752 0.00567998 0.451462
9.9955E-05 9.9955E-05 9.9955E-05 0.149739 0.753696 0.0825322 9.9955E-05 9.9955E-05 0.0135329
0.0290779 0.0063747 9.9964E-05 0.0995472 0.817565 0.0470351 9.9964E-05 9.9964E-05 9.9964E-05
0.0605228 0.02908 9.9964E-05 0.11943 0.427215 9.9964E-05 9.9964E-05 9.9964E-05 0.363353
9.9955E-05 0.0254472 9.9955E-05 0.00103704 0.361423 9.9955E-05 9.9955E-05 9.9955E-05 0.611593
0.0864085 9.9964E-05 9.9964E-05 0.0112582 0.61199 0.00360821 9.9964E-05 9.9964E-05 0.286335
9.9946E-05 9.9946E-05 9.9946E-05 0.00976377 0.544013 9.9946E-05 9.9946E-05 9.9946E-05 0.445624
0.0493778 0.00658206 9.9964E-05 9.9964E-05 0.469977 9.9964E-05 0.00103311 9.9964E-05 0.47263
9.9964E-05 0.0474264 0.777025 9.9964E-05 0.0689565 9.9964E-05 0.00477552 9.9964E-05 0.101417
0.115996 0.0547564 0.653814 9.9964E-05 0.0929659 9.9964E-05 0.0820679 9.9964E-05 9.9964E-05
0.0650632 0.0259655 0.823531 9.9955E-05 9.9955E-05 9.9955E-05 0.084941 9.9955E-05 9.9955E-05
9.9955E-05 0.154414 0.804892 9.9955E-05 0.017362 9.9955E-05 9.9955E-05 9.9955E-05 0.0228321
0.00809379 0.0764765 9.9991E-05 0.37529 0.0335015 0.00889035 0.0351081 0.0292507 0.433289
0.069677 9.9973E-05 0.0946672 0.310048 0.0697622 9.9973E-05 0.0653348 9.9973E-05 0.390211
0.0502 9.9955E-05 0.0146579 0.523248 9.9955E-05 9.9955E-05 9.9955E-05 9.9955E-05 0.411394
0.00589468 0.0516406 0.0832925 0.361524 0.0845429 9.9991E-05 0.0357986 0.00330591 0.373901
9.9973E-05 0.000282894 0.102217 0.231183 9.9973E-05 0.0631722 9.9973E-05 0.102145 0.5007
0.0195107 9.9964E-05 9.9964E-05 0.604604 9.9964E-05 0.0381182 9.9964E-05 0.112832 0.224535
9.9964E-05 9.9964E-05 9.9964E-05 0.404016 0.0464845 9.9964E-05 0.029634 0.0204282 0.499037
9.9964E-05 0.0019111 9.9964E-05 0.382929 0.0969251 0.168036 9.9964E-05 9.9964E-05 0.349799
0.0931868 0.0190239 0.321533 9.9973E-05 9.9973E-05 9.9973E-05 0.110677 0.0080271 0.447253
0.0400017 9.9973E-05 9.9973E-05 0.453177 0.0570558 0.00851218 0.0768889 9.9973E-05 0.364064
0.105477 0.0642018 9.9973E-05 0.509766 0.0112143 9.9973E-05 9.9973E-05 0.00430035 0.304741
0.0399589 9.9973E-05 9.9973E-05 0.35305 0.0747319 9.9973E-05 0.0195952 0.0324538 0.47991
0.0549196 9.9964E-05 0.0681965 0.410221 0.0836189 9.9964E-05 9.9964E-05 9.9964E-05 0.382644
9.9973E-05 9.9973E-05 0.0179775 0.398255 0.0487311 0.0490801 9.9973E-05 0.00440779 0.481249
9.9973E-05 9.9973E-05 0.0330872 0.266595 0.0358614 9.9973E-05 0.0440743 0.0822481 0.537834
9.9955E-05 9.9955E-05 9.9955E-05 0.844219 0.115768 0.00488442 9.9955E-05 9.9955E-05 0.0346295
9.9964E-05 9.9964E-05 0.0409671 0.617788 9.9964E-05 0.0458057 9.9964E-05 0.0250458 0.269993
0.0441645 0.0304286 9.9964E-05 0.54746 9.9964E-05 9.9964E-05 9.9964E-05 0.0467047 0.330842
9.9946E-05 9.9946E-05 9.9946E-05 0.860932 0.0402108 0.0982573 9.9946E-05 9.9946E-05 9.9946E-05
0.0809025 0.00206377 0.024631 0.419163 0.0676286 9.9991E-05 0.0417586 0.0162364 0.347516
9.9964E-05 9.9964E-05 9.9964E-05 0.652758 9.9964E-05 0.23919 0.0164021 0.0431466 0.048103
9.9946E-05 9.9946E-05 9.9946E-05 0.692712 0.0810762 0.225612 9.9946E-05 9.9946E-05 9.9946E-05
9.9982E-05 0.0104788 0.0253502 0.277259 9.9982E-05 0.0541388 0.0601201 0.0248957 0.547557
0.135048 9.9973E-05 0.0416898 0.572897 0.0159858 0.0323111 9.9973E-05 9.9973E-05 0.201769
0.101539 0.0149854 9.9973E-05 0.355757 9.9973E-05 0.0731649 0.0716589 9.9973E-05 0.382595
9.9973E-05 9.9973E-05 0.0399237 0.139921 0.102914 9.9973E-05 0.148346 0.0387061 0.529889
0.104007 0.0289292 9.9964E-05 0.302902 9.9964E-05 9.9964E-05 9.9964E-05 0.0687518 0.495011
0.401476 9.9964E-05 9.9964E-05 9.9964E-05 0.149153 0.0954453 0.0135321 9.9964E-05 0.339993
9.9964E-05 0.0127879 9.9964E-05 0.339997 0.0754719 9.9964E-05 9.9964E-05 0.0301177 0.541225
0.117807 9.9982E-05 0.0719089 0.29961 9.9982E-05 0.0344166 0.0639079 0.0269213 0.385228
9.9964E-05 0.0157847 0.00522194 0.679784 9.9964E-05 9.9964E-05 9.9964E-05 0.0474022 0.251407
9.9973E-05 0.0513175 0.0601352 0.21718 0.0590656 9.9973E-05 9.9973E-05 0.103393 0.508608
0.202205 0.0451481 0.558529 9.9982E-05 0.00713187 0.11192 0.00138332 0.0734834 9.9982E-05
0.0852623 0.101338 0.652495 0.0700385 9.9982E-05 0.0266462 9.9982E-05 0.0364622 0.0275582
0.106523 0.118736 0.682018 9.9964E-05 9.9964E-05 0.0626281 9.9964E-05 0.0296951 9.9964E-05
9.9964E-05 0.126161 0.68737 9.9964E-05 0.0500246 0.0397774 9.9964E-05 0.0962673 9.9964E-05
0.130683 0.0814322 0.654532 9.9964E-05 9.9964E-05 0.0114178 9.9964E-05 0.121535 9.9964E-05
0.211495 9.9964E-05 0.0537445 0.621792 9.9964E-05 9.9964E-05 0.00811257 9.9964E-05 0.104457
0.0969074 0.00298279 0.0600048 0.744956 9.9973E-05 0.013733 9.9973E-05 9.9973E-05 0.0811162
