0.0305674 9.9955E-05 9.9955E-05 9.9955E-05 0.033447 9.9955E-05 9.9955E-05 0.0332351 0.883689 0.0185619
0.0221618 9.9946E-05 9.9946E-05 0.0465565 9.9946E-05 9.9946E-05 9.9946E-05 0.00488904 0.925793 9.9946E-05
9.9964E-05 9.9964E-05 9.9964E-05 9.9964E-05 0.00771555 0.00178986 0.10937 0.0565117 0.780662 0.0435507
9.9964E-05 0.0211219 9.9964E-05 9.9964E-05 0.0253447 9.9964E-05 0.0480192 0.0687872 0.763177 0.0731499
9.9955E-05 9.9955E-05 9.9955E-05 0.0491641 9.9955E-05 9.9955E-05 0.0245276 0.0513579 0.824777 0.049674
0.00249426 9.9982E-05 0.0715144 9.9982E-05 0.00493247 0.175367 0.0847731 0.0857761 0.546471 0.0284712
9.9964E-05 9.9964E-05 0.0713886 0.00970839 9.9964E-05 0.0851633 9.9964E-05 0.0470378 0.784415 0.00188755
9.9955E-05 9.9955E-05 0.0892224 9.9955E-05 9.9955E-05 0.102594 0.00602431 0.12291 0.678749 9.9955E-05
0.0923883 9.99459E-05 0.034935 9.99459E-05 0.037581 9.99459E-05 9.99459E-05 9.99459E-05 0.834496 9.99459E-05
9.9982E-05 9.9982E-05 0.0225232 0.0199366 0.0103342 0.098075 0.0600763 0.069773 0.647045 0.0720364
9.9964E-05 9.9964E-05 0.0785647 9.9964E-05 0.087986 0.102575 0.0013836 0.0563074 0.672783 9.9964E-05
0.00714209 9.9946E-05 9.9946E-05 9.9946E-05 0.0187252 0.921498 0.0520349 9.9946E-05 9.9946E-05 9.9946E-05
9.9964E-05 0.0761049 9.9964E-05 9.9964E-05 0.118946 0.333197 0.445128 0.0115506 9.9964E-05 0.0146746
9.9973E-05 0.0632669 9.9973E-05 0.0553757 0.0802717 0.713472 0.00511114 9.9973E-05 0.00849007 0.0737123
9.9946E-05 9.9946E-05 9.9946E-05 9.9946E-05 9.9946E-05 0.820213 0.0986706 0.00130927 9.9946E-05 0.0792074
9.9964E-05 9.9964E-05 0.0492285 9.9964E-05 0.0111536 0.553925 0.250342 9.9964E-05 0.0609592 0.0739914
9.9973E-05 0.000222719 0.0315962 9.9973E-05 9.9973E-05 0.45572 0.378187 0.00544893 0.07002 0.0585059
0.0189763 9.9964E-05 9.9964E-05 9.9964E-05 0.0662724 0.482976 0.311988 0.0630849 9.9964E-05 0.0563022
0.0408333 0.00207629 9.9973E-05 9.9973E-05 0.0260407 0.681725 0.11457 9.9973E-05 0.0921698 0.042285
9.9955E-05 0.0252515 0.0168302 9.9955E-05 0.159897 0.792126 9.9955E-05 0.00539577 9.9955E-05 9.9955E-05
0.000708275 0.0575563 9.9973E-05 0.0795177 9.9973E-05 0.417551 0.256517 0.0941845 9.9973E-05 0.0936654
0.0557843 9.9973E-05 0.186533 0.0104414 0.0995702 0.261224 0.366436 0.0197119 9.9973E-05 9.9973E-05
0.137349 0.102138 9.9964E-05 0.0462418 9.9964E-05 0.202476 0.467573 0.0438221 9.9964E-05 9.9964E-05
9.9937E-05 9.9937E-05 9.9937E-05 9.9937E-05 9.9937E-05 0.928657 0.0466278 9.9937E-05 9.9937E-05 0.0240151
9.9964E-05 9.9964E-05 9.9964E-05 0.0337504 0.052958 0.172402 0.606268 9.9964E-05 0.0765045 0.0577177
9.9955E-05 9.9955E-05 9.9955E-05 9.9955E-05 0.0447366 0.4765 0.38532 9.9955E-05 0.0223575 0.0705861
0.0153028 0.0190535 9.9973E-05 0.00142492 0.0185155 0.907125 9.9973E-05 0.00471276 9.9973E-05 0.0335653
9.9937E-05 0.0354702 9.9937E-05 9.9937E-05 9.9937E-05 0.81417 9.9937E-05 9.9937E-05 9.9937E-05 0.14966
9.9955E-05 9.9955E-05 9.9955E-05 0.0567138 0.0017079 0.89736 0.0291735 0.0145446 9.9955E-05 9.9955E-05
9.9937E-05 9.9937E-05 9.9937E-05 9.9937E-05 9.9937E-05 9.9937E-05 0.151155 9.9937E-05 0.775497 0.0726489
9.9937E-05 9.9937E-05 9.9937E-05 9.9937E-05 9.9937E-05 9.9937E-05 0.183892 9.9937E-05 0.81219 0.00321786
9.9955E-05 0.0156422 9.9955E-05 0.0336136 0.0456296 9.9955E-05 0.142632 9.9955E-05 0.761983 9.9955E-05
0.0124054 9.9964E-05 9.9964E-05 0.0242793 0.0162271 9.9964E-05 0.172677 9.9964E-05 0.722595 0.0514157
0.204168 0.0489023 0.0479256 9.9982E-05 0.0589499 0.0993219 0.502933 0.0119384 0.0256604 9.9982E-05
0.367893 0.0644174 0.00430648 0.00687948 9.9982E-05 0.0321657 0.365941 9.9982E-05 0.133256 0.0249414
0.392289 9.9955E-05 9.9955E-05 0.0582246 0.0210261 9.9955E-05 0.489114 9.9955E-05 9.9955E-05 0.0388459
9.9964E-05 0.650894 9.9964E-05 9.9964E-05 0.103437 0.10274 0.00697032 9.9964E-05 0.0910461 0.0445126
0.625608 0.0271961 0.036802 0.0156 9.9964E-05 9.9964E-05 0.255173 9.9964E-05 9.9964E-05 0.0392207
0.140572 0.203306 9.9964E-05 9.9964E-05 9.9964E-05 0.071225 0.500119 0.0557748 0.0286039 9.9964E-05
0.230203 9.9973E-05 0.0389191 0.0361228 9.9973E-05 0.0185717 0.552866 0.0134991 9.9973E-05 0.109518
0.0442321 0.101628 0.106517 9.9973E-05 0.0209284 9.9973E-05 0.59696 0.0569604 0.0724743 9.9973E-05
0.0999697 9.9973E-05 0.0331376 9.9973E-05 0.0792697 0.0734612 0.618309 0.017341 0.078212 9.9973E-05
0.610937 0.208909 9.9964E-05 9.9964E-05 9.9964E-05 0.0936339 0.00717571 9.9964E-05 0.0409271 0.0380174
0.078948 9.9964E-05 0.184485 9.9964E-05 0.0638397 0.0991283 0.492861 9.9964E-05 9.9964E-05 0.0803387
0.17635 0.058869 0.0399678 9.9973E-05 9.9973E-05 9.9973E-05 0.522955 0.0696321 0.0143278 0.117598
0.10146 0.129658 0.0462581 0.052117 9.9982E-05 0.107636 0.448093 9.9982E-05 0.0720357 0.0425427
0.541535 9.9946E-05 9.9946E-05 0.0795539 0.0604067 9.9946E-05 0.317905 9.9946E-05 9.9946E-05 9.9946E-05
0.291416 0.0733899 9.9964E-05 0.00432242 9.9964E-05 9.9964E-05 0.558961 9.9964E-05 0.0187286 0.0527819
0.0855883 9.9991E-05 0.00594457 0.089433 0.0524815 0.0677357 0.562456 0.0614124 0.0628871 0.0119612
0.664838 9.9946E-05 0.227576 0.0362766 9.9946E-05 9.9946E-05 9.9946E-05 9.9946E-05 0.0707099 9.9946E-05
0.13847 0.368265 0.13197 0.0162555 0.125805 0.124694 0.0493589 0.0449817 9.9982E-05 9.9982E-05
0.105973 0.0992713 0.313535 0.0964464 9.9973E-05 0.34832 0.0241541 0.0120004 9.9973E-05 9.9973E-05
0.0508907 0.0311546 0.0398077 0.058566 0.121381 0.130711 0.430941 9.9991E-05 0.0419667 0.094481
0.00931196 0.0881015 0.0125754 0.121605 9.9982E-05 0.112811 0.536895 9.9982E-05 0.105731 0.0127695
0.00475309 0.127135 0.129548 0.0666635 9.9982E-05 9.9982E-05 0.470934 0.0910933 0.0239114 0.0857611
0.250095 0.24969 0.11477 9.9982E-05 0.063088 0.0673618 0.0847239 0.107368 0.0627038 9.9982E-05
0.013512 0.239007 0.0550166 9.9973E-05 0.0746482 0.0394785 0.539307 0.0387306 9.9973E-05 9.9973E-05
0.0758877 0.0322353 0.0809612 9.9982E-05 0.0881114 0.140572 0.465253 9.9982E-05 0.0417176 0.075062
0.146677 0.125944 0.0546298 0.043602 9.9982E-05 0.203524 0.315656 0.0214862 0.0882805 9.9982E-05
0.0515941 0.246204 0.17817 9.9973E-05 9.9973E-05 0.247155 0.0351381 0.091948 0.149491 9.9973E-05
0.154827 0.1578 0.0406764 9.9982E-05 0.034396 0.0389978 0.467334 9.9982E-05 0.0858624 0.0199063
9.9973E-05 0.261689 0.056853 0.0954938 9.9973E-05 0.187494 0.307262 9.9973E-05 0.0690807 0.0218278
0.0995291 0.259643 0.102226 9.9964E-05 0.0441987 0.401803 9.9964E-05 0.0922008 9.9964E-05 9.9964E-05
9.9964E-05 0.367297 0.0408509 0.0312836 9.9964E-05 0.207766 0.3516 9.9964E-05 9.9964E-05 0.000801685
0.0200064 0.0133 0.000980856 0.0902372 0.0202178 0.0770088 0.662045 0.0749719 0.0115372 0.0296946
9.9982E-05 0.0252731 0.0600471 0.06439 0.030359 0.212574 0.53881 9.9982E-05 0.0504147 0.0179319
0.102999 0.265432 0.120443 9.9982E-05 9.9982E-05 0.188368 0.222886 0.054149 0.0335469 0.011976
9.9964E-05 0.168 0.0850613 0.037009 9.9964E-05 0.259359 0.377388 9.9964E-05 9.9964E-05 0.0727826
0.120554 0.0979947 9.9982E-05 0.0971618 0.0925428 0.00093072 0.491421 0.0222685 0.0769266 9.9982E-05
0.0612334 0.478283 0.0905367 0.0438667 9.9973E-05 0.23808 0.0306296 0.0570709 9.9973E-05 9.9973E-05
0.397066 0.136385 9.9937E-05 9.9937E-05 9.9937E-05 9.9937E-05 0.46585 9.9937E-05 9.9937E-05 9.9937E-05
0.627946 0.139366 9.9955E-05 9.9955E-05 9.9955E-05 0.0934786 0.107489 9.9955E-05 0.0312212 9.9955E-05
0.119233 0.0928361 0.0677271 0.0278283 0.0536358 9.9973E-05 0.574492 9.9973E-05 9.9973E-05 0.063948
0.848382 9.9937E-05 0.122285 9.9937E-05 0.0286327 9.9937E-05 9.9937E-05 9.9937E-05 9.9937E-05 9.9937E-05
0.849064 0.0224832 0.0734384 0.00718522 9.9955E-05 0.0473291 9.9955E-05 9.9955E-05 9.9955E-05 9.9955E-05
0.657917 0.0230334 0.01419 9.9964E-05 9.9964E-05 9.9964E-05 0.259711 0.00675267 9.9964E-05 0.0379964
0.532563 9.9964E-05 0.0300538 9.9964E-05 9.9964E-05 0.0538148 0.338647 0.0404433 0.00407891 9.9964E-05
0.135923 0.0432872 0.0560223 0.000577337 0.0208671 9.9991E-05 0.504422 0.116444 0.0920752 0.0302815
0.343592 0.0237224 0.0146091 0.00417784 0.0888892 0.0379151 0.467494 9.9982E-05 9.9982E-05 0.0194003
0.604864 0.0527163 9.9982E-05 9.9982E-05 0.041978 0.0505604 0.0989467 0.0507771 0.0760054 0.0239521
0.499036 0.156986 9.9973E-05 9.9973E-05 0.0642451 9.9973E-05 0.142988 0.0981018 0.0231022 0.0152418
0.22969 0.0352968 9.9973E-05 0.0033341 0.107161 9.9973E-05 0.428565 9.9973E-05 0.0872152 0.108438
0.489719 0.160718 9.9973E-05 0.00864268 9.9973E-05 0.0540293 0.195101 9.9973E-05 0.0250697 0.0664212
0.413608 0.0245434 0.00309914 9.9973E-05 9.9973E-05 0.07468 0.40991 0.011623 0.0622366 9.9973E-05
0.566524 0.0224256 0.0538694 0.0213175 9.9955E-05 9.9955E-05 0.335364 9.9955E-05 9.9955E-05 9.9955E-05
0.661688 9.9946E-05 0.186679 0.116205 9.9946E-05 0.0348279 9.9946E-05 9.9946E-05 9.9946E-05 9.9946E-05
0.254014 9.9955E-05 9.9955E-05 9.9955E-05 0.131461 0.0196791 0.520551 9.9955E-05 9.9955E-05 0.0737948
9.9964E-05 0.0743122 9.9964E-05 9.9964E-05 9.9964E-05 0.0571346 0.0428352 0.0178785 0.796677 0.0107625
9.99281E-05 9.99281E-05 9.99281E-05 9.99281E-05 9.99281E-05 9.99281E-05 0.116496 9.99281E-05 0.882704 9.99281E-05
9.9946E-05 9.9946E-05 9.9946E-05 9.9946E-05 9.9946E-05 9.9946E-05 0.119513 0.00157757 0.823476 0.0548329
9.9937E-05 9.9937E-05 0.0449479 9.9937E-05 9.9937E-05 9.9937E-05 0.0840687 9.9937E-05 0.870284 9.9937E-05
9.9946E-05 9.9946E-05 9.9946E-05 9.9946E-05 9.9946E-05 0.0687184 0.0921182 9.9946E-05 0.82399 0.0145733
9.9964E-05 9.9964E-05 0.0243768 0.00227352 0.00836953 9.9964E-05 0.0628647 0.0538909 0.847825 9.9964E-05
9.99371E-05 0.0503238 9.99371E-05 9.99371E-05 9.99371E-05 9.99371E-05 0.0772911 9.99371E-05 0.871686 9.99371E-05
0.181127 0.138784 9.9973E-05 0.0416808 9.9973E-05 9.9973E-05 0.483508 0.0235217 0.103245 0.0278343
0.181584 0.00367358 9.9982E-05 9.9982E-05 0.00526898 0.092794 0.479466 0.059642 0.132125 0.0452461
0.724076 0.15211 0.0350755 9.9955E-05 9.9955E-05 0.082652 9.9955E-05 9.9955E-05 0.0055868 9.9955E-05
0.245717 9.9973E-05 9.9973E-05 0.101865 0.0184529 9.9973E-05 0.500219 0.0126351 0.0798846 0.0409261
0.414733 0.0596894 9.9973E-05 9.9973E-05 9.9973E-05 0.0288491 0.407047 0.0425128 0.0240215 0.0228467
0.346117 9.9946E-05 9.9946E-05 9.9946E-05 0.0345286 9.9946E-05 0.53844 9.9946E-05 0.0803147 9.9946E-05
0.299627 0.0194284 0.0577558 0.0416184 9.9973E-05 0.0313119 0.509092 9.9973E-05 0.0408663 9.9973E-05
0.430717 9.9955E-05 9.9955E-05 9.9955E-05 0.0423014 9.9955E-05 0.453895 9.9955E-05 0.0252316 0.0473554
0.723924 0.00660425 9.9973E-05 0.00760696 0.010029 0.142486 9.9973E-05 0.067643 0.0414063 9.9973E-05
0.12817 9.9982E-05 0.0876112 0.0462981 0.102898 0.0310756 0.389777 9.9982E-05 0.150897 0.0630723
0.200213 0.0715587 0.0918412 0.00759215 0.00493526 9.9982E-05 0.48115 9.9982E-05 0.058853 0.0836572
0.172637 9.9991E-05 0.0265303 0.0249097 0.0821839 0.0243945 0.461255 0.0370899 0.0442353 0.126665
0.540281 9.9973E-05 0.165408 9.9973E-05 0.00426061 9.9973E-05 0.252336 0.00788073 0.00105938 0.0284752
0.374553 9.9964E-05 9.9964E-05 0.103103 9.9964E-05 0.0219169 0.462891 0.0166484 9.9964E-05 0.0204877
0.372823 0.0815721 9.9955E-05 9.9955E-05 9.9955E-05 0.115695 0.370287 9.9955E-05 0.0591234 9.9955E-05
0.638506 9.9955E-05 9.9955E-05 9.9955E-05 9.9955E-05 0.0259108 0.207508 0.00914466 9.9955E-05 0.11843
0.357734 9.9946E-05 9.9946E-05 9.9946E-05 0.171783 9.9946E-05 0.392994 9.9946E-05 0.0768898 9.9946E-05
0.126019 9.9982E-05 0.0897021 0.0193086 0.0219822 0.165795 0.478603 0.0411968 0.0571933 9.9982E-05
0.0243659 0.417312 0.0727859 0.223213 9.9973E-05 0.0977923 0.140982 9.9973E-05 0.0232485 9.9973E-05
9.9973E-05 0.298523 0.085549 9.9973E-05 0.0780349 0.0598554 0.280254 9.9973E-05 0.107091 0.0903927
9.9982E-05 0.148208 0.0304368 0.0548365 0.0486961 9.9982E-05 0.484712 0.0384944 0.115878 0.0785385
0.0733071 0.00536712 9.9991E-05 0.0246691 0.149411 0.0511808 0.538074 0.0318863 0.0783815 0.0476229
9.9955E-05 0.466297 0.0191406 0.0773154 9.9955E-05 9.9955E-05 0.379501 9.9955E-05 0.0572465 9.9955E-05
0.000550797 0.142845 9.9973E-05 0.0483574 0.129147 0.0757026 0.579618 9.9973E-05 0.023479 9.9973E-05
9.9973E-05 0.197729 9.9973E-05 0.0548994 0.101529 0.205957 0.38677 0.0416676 0.0111475 9.9973E-05
0.0576703 0.0398053 0.0857922 0.0817459 0.108156 9.9991E-05 0.528294 0.0663239 0.00148714 0.0306246
9.9964E-05 0.336651 0.0749111 9.9964E-05 0.030992 9.9964E-05 0.475808 0.0241647 9.9964E-05 0.0570733
9.9964E-05 0.0805669 0.0653642 0.147827 9.9964E-05 0.108176 0.55441 0.0432564 9.9964E-05 9.9964E-05
9.9955E-05 0.444441 9.9955E-05 0.0441952 0.0444949 9.9955E-05 0.432563 0.033807 9.9955E-05 9.9955E-05
0.0241255 9.9973E-05 0.0335978 0.0901351 0.117703 9.9973E-05 0.661198 0.0552325 9.9973E-05 0.0177086
9.9973E-05 0.270033 0.0520951 0.0264993 0.0373052 9.9973E-05 0.451244 9.9973E-05 0.144237 0.0182866
9.9982E-05 0.0838546 9.9982E-05 0.127605 0.060583 0.139946 0.430081 0.0541151 0.00532489 0.0982911
9.9973E-05 0.0755729 0.11507 0.101826 0.0621061 9.9973E-05 0.535992 9.9973E-05 0.0637284 0.0454049
0.123227 0.0948228 9.9973E-05 0.150957 0.100817 9.9973E-05 0.327447 0.0476417 9.9973E-05 0.154787
9.9964E-05 0.300463 0.146839 0.021969 9.9964E-05 0.109839 0.288765 9.9964E-05 0.131725 9.9964E-05
0.000392682 0.310915 0.0435833 0.0231803 9.9973E-05 0.0360897 0.533618 9.9973E-05 9.9973E-05 0.0519211
9.9955E-05 0.220291 0.053696 0.0786557 9.9955E-05 9.9955E-05 0.643133 9.9955E-05 9.9955E-05 0.00372459
0.150088 0.350871 0.0225183 0.0300976 0.188423 0.0626058 0.105781 9.9982E-05 9.9982E-05 0.0894162
0.047246 0.458528 0.237911 0.046678 9.9982E-05 0.034583 0.0651937 0.0537748 9.9982E-05 0.0558855
0.141486 0.161972 9.9982E-05 0.027854 0.0473233 0.0573537 0.41548 0.0868021 9.9982E-05 0.0615288
0.133321 0.369619 0.125463 0.189541 0.0519516 9.9973E-05 9.9973E-05 0.057302 9.9973E-05 0.0725026
0.0490972 0.499963 9.9973E-05 0.0508176 0.0713825 0.191329 0.105636 9.9973E-05 0.0314747 9.9973E-05
0.148907 0.308608 9.9964E-05 0.00310285 0.102871 0.158582 0.277529 9.9964E-05 9.9964E-05 9.9964E-05
0.0718058 0.569725 9.9973E-05 9.9973E-05 0.0291378 0.101702 0.195939 0.0235742 0.00781606 9.9973E-05
0.142898 0.59614 9.9973E-05 9.9973E-05 0.0503503 0.0499381 0.144777 9.9973E-05 0.0147419 0.000854758
0.0762512 0.136419 0.0216437 9.9982E-05 0.0373641 0.0798237 0.533285 9.9982E-05 0.0627624 0.052251
9.9973E-05 0.1854 0.0240281 9.9973E-05 0.0275426 9.9973E-05 0.572483 0.0109659 0.111587 0.0676942
0.0354816 0.280057 0.0836433 0.0182433 0.0213116 0.00420918 0.467397 0.010257 0.0246905 0.0547093
0.0590192 0.5438 0.226064 9.9973E-05 0.0463569 9.9973E-05 0.0641739 0.0271049 9.9973E-05 0.0331815
0.036958 0.00936167 0.136218 9.9973E-05 0.0944952 0.0491509 0.531437 9.9973E-05 0.142079 9.9973E-05
0.114362 0.0795944 0.148578 0.0377485 0.0229705 0.0811233 0.471868 0.0113224 9.9991E-05 0.0323336
0.16084 0.11209 0.432617 0.123684 9.9964E-05 9.9964E-05 9.9964E-05 0.0498019 0.120569 9.9964E-05
0.0369757 9.9973E-05 0.0577953 0.13069 9.9973E-05 0.0829129 0.573062 9.9973E-05 0.111059 0.00720625
0.100285 0.109271 0.321854 9.9964E-05 9.9964E-05 9.9964E-05 0.368601 0.0844044 9.9964E-05 0.0151843
0.16828 0.0246742 0.101061 0.105457 9.9991E-05 0.0209673 0.470383 0.00234589 0.078506 0.0282261
0.095369 0.0289633 0.356699 9.9982E-05 0.0463365 0.119816 0.2363 0.072034 0.0442821 9.9982E-05
0.0177111 0.00773828 0.369902 0.0770048 0.0693977 0.2136 0.187951 0.0544491 0.0021451 9.9991E-05
0.0579315 0.0984812 0.161275 0.170259 0.000424357 9.9973E-05 0.386324 0.125005 9.9973E-05 9.9973E-05
9.9982E-05 0.110547 0.0814063 0.0632037 9.9982E-05 0.0449881 0.461403 0.0637149 0.101342 0.0731955
0.0450973 0.0738319 0.104695 0.075954 0.018112 0.218505 0.139645 0.0308712 0.108325 0.184963
0.267549 0.0704548 0.286014 9.9973E-05 9.9973E-05 0.213743 9.9973E-05 0.00938491 0.0405178 0.112037
0.121686 9.9982E-05 0.101292 0.0646522 9.9982E-05 0.05252 0.455541 0.110569 0.0400195 0.0535198
0.155352 0.115259 0.345439 0.0241089 9.9964E-05 9.9964E-05 0.312349 0.0470921 9.9964E-05 9.9964E-05
0.112678 0.117564 0.112765 0.0960158 0.0479034 0.114369 0.386637 0.011866 9.9982E-05 9.9982E-05
0.0174405 0.0115815 0.133099 0.0270176 0.0350025 0.00716308 0.663187 9.9991E-05 0.0969602 0.00844878
9.9973E-05 0.0117842 0.194832 0.067454 9.9973E-05 0.137258 0.0857186 9.9973E-05 0.249026 0.253627
9.9937E-05 9.9937E-05 0.394751 9.9937E-05 9.9937E-05 9.9937E-05 9.9937E-05 9.9937E-05 0.474509 0.13004
9.9937E-05 9.9937E-05 0.463412 9.9937E-05 9.9937E-05 9.9937E-05 9.9937E-05 9.9937E-05 0.391322 0.144567
9.9955E-05 0.160256 0.161908 9.9955E-05 9.9955E-05 9.9955E-05 0.0320013 9.9955E-05 0.348533 0.296803
0.126366 0.00922701 0.096013 0.0820028 9.9964E-05 9.9964E-05 0.685467 0.000523856 9.9964E-05 9.9964E-05
0.0913927 9.9982E-05 0.0419896 0.138667 0.096758 9.9982E-05 0.426458 0.00283104 0.140063 0.061641
9.9937E-05 9.9937E-05 9.9937E-05 9.9937E-05 9.9937E-05 0.0101491 0.282583 9.9937E-05 9.9937E-05 0.706568
0.0266358 0.19453 9.9982E-05 9.9982E-05 0.0374025 0.0177713 0.212727 0.0129453 0.00862818 0.48916
0.0106304 9.9964E-05 0.0853358 9.9964E-05 0.0829896 9.9964E-05 0.370913 9.9964E-05 0.0803077 0.369423
0.081535 0.0970111 0.370503 0.127058 9.9955E-05 9.9955E-05 0.323393 9.9955E-05 9.9955E-05 9.9955E-05
0.124532 9.9973E-05 0.181838 0.0135501 0.114261 9.9973E-05 0.436638 9.9973E-05 0.00201695 0.126864
0.0421405 0.0688374 0.503995 0.211831 9.9955E-05 9.9955E-05 0.172697 9.9955E-05 9.9955E-05 9.9955E-05
0.080855 9.9964E-05 0.207486 0.0622536 9.9964E-05 0.0628238 0.562984 0.0231978 9.9964E-05 9.9964E-05
0.0905693 9.9982E-05 0.210073 0.155695 0.030985 0.0953389 0.406274 9.9982E-05 0.00689326 0.0039713
0.01987 0.0116246 0.180631 0.0625949 0.0421968 9.9982E-05 0.537969 0.0524771 9.9982E-05 0.0924368
0.0793405 0.0400677 0.405845 0.167366 0.0146541 0.106045 0.165892 0.0205898 9.9982E-05 9.9982E-05
0.109156 9.9982E-05 0.0762435 9.9982E-05 0.0379469 0.038478 0.576974 0.0103214 0.0218468 0.128834
0.162898 0.0368638 0.109707 0.0486863 0.0250233 0.0273948 0.515878 9.9991E-05 0.0047148 0.0687329
0.0497316 9.9928E-05 9.9928E-05 9.9928E-05 9.9928E-05 9.9928E-05 9.9928E-05 9.9928E-05 9.9928E-05 0.949469
9.9955E-05 9.9955E-05 9.9955E-05 0.0440149 0.021367 0.00238616 0.0737904 9.9955E-05 9.9955E-05 0.857942
0.0157815 0.0913046 9.9964E-05 9.9964E-05 9.9964E-05 0.0717779 0.204601 9.9964E-05 0.00642524 0.60971
9.9946E-05 9.9946E-05 9.9946E-05 9.9946E-05 0.0010405 9.9946E-05 0.332224 0.0399038 9.9946E-05 0.626232
0.0227479 9.9946E-05 9.9946E-05 9.9946E-05 9.9946E-05 9.9946E-05 0.133936 0.0333286 9.9946E-05 0.809387
9.9928E-05 9.9928E-05 9.9928E-05 9.9928E-05 9.9928E-05 9.9928E-05 9.9928E-05 0.00375235 9.9928E-05 0.995448
9.9937E-05 9.9937E-05 9.9937E-05 9.9937E-05 0.0520716 9.9937E-05 9.9937E-05 0.0385712 9.9937E-05 0.908658
9.9937E-05 9.9937E-05 9.9937E-05 0.00234309 9.9937E-05 9.9937E-05 0.13242 9.9937E-05 9.9937E-05 0.864538
9.9946E-05 0.0226255 9.9946E-05 9.9946E-05 0.00206532 0.0139852 9.9946E-05 9.9946E-05 9.9946E-05 0.960724
9.99201E-05 9.99201E-05 9.99201E-05 9.99201E-05 9.99201E-05 9.99201E-05 9.99201E-05 9.99201E-05 9.99201E-05 0.999101
9.99201E-05 9.99201E-05 9.99201E-05 9.99201E-05 9.99201E-05 9.99201E-05 9.99201E-05 9.99201E-05 9.99201E-05 0.999101
9.9964E-05 9.9964E-05 0.0221076 0.028775 0.0108158 0.0177058 0.1857 9.9964E-05 9.9964E-05 0.734496
9.9964E-05 9.9964E-05 9.9964E-05 9.9964E-05 0.0565065 0.019515 0.0909549 0.00139596 0.0421439 0.789084
0.0418897 9.9937E-05 9.9937E-05 9.9937E-05 0.0027068 9.9937E-05 9.9937E-05 9.9937E-05 9.9937E-05 0.954704
0.0705871 9.9964E-05 9.9964E-05 9.9964E-05 0.0842067 0.0866382 0.386077 9.9964E-05 0.0552588 0.316833
0.0377369 9.9964E-05 0.0130677 9.9964E-05 0.0470552 9.9964E-05 0.173539 9.9964E-05 0.0240377 0.704164
9.9964E-05 0.0373754 0.0267704 9.9964E-05 0.026858 9.9964E-05 0.117426 9.9964E-05 0.0228994 0.768271
9.9955E-05 0.0498107 9.9955E-05 9.9955E-05 9.9955E-05 9.9955E-05 0.0515843 0.0279316 0.0152597 0.854914
9.9937E-05 9.9937E-05 9.9937E-05 9.9937E-05 9.9937E-05 9.9937E-05 0.0583442 9.9937E-05 0.00379764 0.937159
0.00155109 9.9964E-05 9.9964E-05 9.9964E-05 0.00779929 9.9964E-05 0.0649186 0.0163812 0.0423574 0.866593
9.99201E-05 9.99201E-05 9.99201E-05 9.99201E-05 9.99201E-05 9.99201E-05 9.99201E-05 9.99201E-05 9.99201E-05 0.999101
9.9973E-05 9.9973E-05 0.0267562 0.0362589 9.9973E-05 0.0162487 0.303327 0.00959359 0.0648511 0.542664
0.0107623 9.9955E-05 9.9955E-05 9.9955E-05 0.0278699 0.076618 0.0102169 9.9955E-05 9.9955E-05 0.874033
0.0149879 9.9964E-05 0.623729 0.000500115 9.9964E-05 0.0589548 9.9964E-05 9.9964E-05 0.263883 0.037545
9.9973E-05 0.0325564 0.182288 9.9973E-05 0.0147171 0.119757 0.37586 0.0920689 0.182452 9.9973E-05
0.0535354 9.9982E-05 0.234993 9.9982E-05 0.0569935 0.00129307 0.435131 0.0217013 0.188056 0.00809648
9.9964E-05 9.9964E-05 0.436098 9.9964E-05 9.9964E-05 0.016694 0.200953 0.0727694 0.168911 0.104176
0.0438119 9.9973E-05 0.154196 0.0395621 0.0809503 9.9973E-05 0.429989 9.9973E-05 0.148594 0.102597
0.0134597 9.9964E-05 0.441714 9.9964E-05 9.9964E-05 0.0348208 0.260335 9.9964E-05 0.176814 0.0724563
9.9982E-05 0.0258838 0.0930584 0.0563053 9.9982E-05 0.114164 0.390255 0.0896645 0.160869 0.0696
0.0173385 0.0678963 0.340249 9.9973E-05 9.9973E-05 9.9973E-05 0.350074 0.0180399 0.0905423 0.11556
0.00715296 0.0219862 0.231445 9.9982E-05 0.00186686 0.0368444 0.402011 9.9982E-05 0.123831 0.174662
9.9955E-05 9.9955E-05 0.335337 9.9955E-05 9.9955E-05 0.0875041 0.278404 9.9955E-05 0.0941996 0.204056
0.0604792 9.9964E-05 0.173426 9.9964E-05 9.9964E-05 0.148966 0.396509 9.9964E-05 0.171941 0.0482782
0.00117404 0.0245889 9.9964E-05 9.9964E-05 0.00337282 9.9964E-05 0.0607433 0.0728119 0.836909 9.9964E-05
9.9946E-05 9.9946E-05 9.9946E-05 0.0478618 0.0146763 9.9946E-05 9.9946E-05 9.9946E-05 0.866606 0.0702559
0.0378887 9.9928E-05 9.9928E-05 9.9928E-05 9.9928E-05 9.9928E-05 9.9928E-05 9.9928E-05 0.961312 9.9928E-05
9.9946E-05 9.9946E-05 9.9946E-05 9.9946E-05 0.0606501 0.0280541 0.0143641 9.9946E-05 0.896332 9.9946E-05
9.9964E-05 0.0354951 9.9964E-05 9.9964E-05 0.0689008 0.00562964 0.00607478 9.9964E-05 0.861888 0.0216121
9.9955E-05 0.000995394 0.0258905 0.0300421 9.9955E-05 9.9955E-05 9.9955E-05 9.9955E-05 0.889232 0.0533404
9.9946E-05 9.9946E-05 9.9946E-05 9.9946E-05 9.9946E-05 9.9946E-05 0.0550112 0.0169809 0.855263 0.0721455
9.9955E-05 0.0579305 0.0159031 0.0524116 9.9955E-05 9.9955E-05 0.00307163 9.9955E-05 0.870183 9.9955E-05
0.0796902 0.00967539 0.00276627 9.9955E-05 9.9955E-05 9.9955E-05 9.9955E-05 9.9955E-05 0.866822 0.040546
9.9955E-05 9.9955E-05 0.0668456 9.9955E-05 9.9955E-05 9.9955E-05 0.0391538 0.00947527 0.791005 0.0930206
0.0821065 0.0828205 9.9955E-05 9.9955E-05 9.9955E-05 0.130062 9.9955E-05 0.112448 0.592064 9.9955E-05
0.0361941 9.9964E-05 9.9964E-05 0.0150629 0.016918 0.1942 9.9964E-05 0.169684 0.567542 9.9964E-05
0.073908 9.9973E-05 0.088008 0.0503173 0.0501453 0.166882 9.9973E-05 0.0583488 0.51209 9.9973E-05
0.0902235 0.156733 0.00730253 9.9973E-05 0.0230822 0.176714 9.9973E-05 0.0927635 0.452881 9.9973E-05
0.238425 0.172896 9.9964E-05 0.0214466 0.122126 9.9964E-05 0.417612 9.9964E-05 0.0270948 9.9964E-05
0.19546 9.9964E-05 9.9964E-05 0.0997545 9.9964E-05 0.122982 0.387196 0.116741 9.9964E-05 0.0774666
0.215926 0.0779781 9.9973E-05 0.00670777 0.0950881 0.0862403 0.475057 0.0427025 9.9973E-05 9.9973E-05
0.0868688 0.479388 0.0100148 0.0222822 0.0344285 0.0266727 0.310192 0.029953 9.9982E-05 9.9982E-05
0.0377836 0.496248 9.9964E-05 9.9964E-05 0.206838 0.199797 0.0278375 0.0310963 9.9964E-05 9.9964E-05
0.172697 9.9982E-05 0.0056326 0.0147479 0.050531 9.9982E-05 0.65866 0.0246715 0.0310602 0.0417994
0.26241 0.0381302 9.9973E-05 0.00905625 0.0586394 0.0753987 0.520572 0.0354929 9.9973E-05 9.9973E-05
0.184941 0.128891 0.0867179 0.00516068 9.9964E-05 9.9964E-05 0.522155 0.071735 9.9964E-05 9.9964E-05
0.520926 0.0151472 0.0512585 0.0688507 9.9964E-05 9.9964E-05 0.249862 9.9964E-05 9.9964E-05 0.0935556
0.142712 0.0433691 9.9982E-05 0.00111042 0.070422 9.9982E-05 0.625086 0.0566012 0.00915107 0.0513478
0.39117 0.0418026 9.9982E-05 0.0607302 0.00919357 9.9982E-05 0.305647 0.154331 0.00697931 0.0299459
0.645251 0.0341799 0.00637262 0.1841 0.129597 9.9955E-05 9.9955E-05 9.9955E-05 9.9955E-05 9.9955E-05
0.136389 0.283084 0.00778966 0.0673159 9.9982E-05 0.0138992 0.468004 0.0206067 0.00271195 9.9982E-05
0.428618 0.0827549 0.201921 0.0465764 9.9964E-05 9.9964E-05 0.230412 9.9964E-05 0.00931847 9.9964E-05
0.31111 0.0821005 9.9964E-05 0.083037 9.9964E-05 9.9964E-05 0.444631 0.0196195 9.9964E-05 0.0591022
0.658531 0.159494 9.9991E-05 0.00633004 0.0292993 0.0364512 0.0282501 0.0451823 0.0308271 0.00553553
9.9955E-05 9.9955E-05 0.0398615 9.9955E-05 0.0742976 9.9955E-05 9.9955E-05 0.841153 0.0419075 0.00228061
9.9928E-05 9.9928E-05 9.9928E-05 9.9928E-05 9.9928E-05 9.9928E-05 9.9928E-05 0.997958 9.9928E-05 0.00124254
9.99201E-05 9.99201E-05 9.99201E-05 9.99201E-05 9.99201E-05 9.99201E-05 9.99201E-05 0.999101 9.99201E-05 9.99201E-05
0.0326413 9.9937E-05 9.9937E-05 9.9937E-05 9.9937E-05 9.9937E-05 9.9937E-05 0.944986 0.0216728 9.9937E-05
9.9955E-05 0.0150697 9.9955E-05 9.9955E-05 0.00836242 0.0548187 9.9955E-05 0.901922 9.9955E-05 0.0193277
9.9946E-05 9.9946E-05 9.9946E-05 9.9946E-05 0.0298299 9.9946E-05 0.0473987 0.883597 9.9946E-05 0.0385743
9.9955E-05 9.9955E-05 9.9955E-05 9.9955E-05 9.9955E-05 0.0492796 0.0382899 0.0384548 0.832193 0.0412833
9.9964E-05 0.0726166 9.9964E-05 9.9964E-05 0.0452033 9.9964E-05 0.0255767 0.0158609 0.773107 0.0672354
9.9955E-05 9.9955E-05 9.9955E-05 9.9955E-05 9.9955E-05 0.0677378 0.102641 0.0263924 0.737295 0.0654339
9.9955E-05 0.0267146 9.9955E-05 9.9955E-05 0.000705144 0.150874 9.9955E-05 9.9955E-05 0.730921 0.0902848
9.9964E-05 9.9964E-05 0.0210657 9.9964E-05 0.0879058 0.0204279 0.0483869 9.9964E-05 0.749696 0.0721178
9.9964E-05 0.00834305 0.101003 9.9964E-05 0.439153 0.00495954 9.9964E-05 0.0874444 0.358697 9.9964E-05
0.00340582 9.9964E-05 0.00725953 0.0852067 0.339302 9.9964E-05 9.9964E-05 0.147111 0.417315 9.9964E-05
0.00648891 9.9955E-05 9.9955E-05 0.083446 0.352216 9.9955E-05 9.9955E-05 0.171547 0.385802 9.9955E-05
9.9946E-05 0.0605703 9.9946E-05 9.9946E-05 0.0172773 9.9946E-05 0.126128 9.9946E-05 0.795425 9.9946E-05
0.0819905 0.0272877 0.0258663 9.9964E-05 0.362222 9.9964E-05 9.9964E-05 0.212297 0.289936 9.9964E-05
9.9955E-05 9.9955E-05 0.145987 0.0180181 9.9955E-05 9.9955E-05 0.288836 9.9955E-05 0.232305 0.314355
9.9973E-05 0.0525367 0.0401974 9.9973E-05 0.0711314 9.9973E-05 0.508537 0.0610961 0.0947037 0.171498
9.9946E-05 9.9946E-05 9.9946E-05 9.9946E-05 9.9946E-05 0.00872987 0.56287 9.9946E-05 0.188512 0.239288
0.0406046 9.9964E-05 0.149112 9.9964E-05 9.9964E-05 9.9964E-05 0.34855 0.0673422 0.164463 0.229528
9.9973E-05 0.0603545 0.0233613 9.9973E-05 0.0183938 0.0688666 0.480602 9.9973E-05 0.178124 0.169998
9.9937E-05 9.9937E-05 0.298858 9.9937E-05 9.9937E-05 9.9937E-05 9.9937E-05 9.9937E-05 0.411666 0.288777
0.0910096 0.360474 9.9973E-05 0.0741348 0.0158544 0.0438691 0.345242 0.069116 9.9973E-05 9.9973E-05
0.014665 0.161527 0.160569 0.159421 0.141627 9.9973E-05 0.34818 0.0137109 9.9973E-05 9.9973E-05
9.9973E-05 0.390096 9.9973E-05 0.0341973 0.0470807 0.274458 0.145754 0.044628 0.0634849 9.9973E-05
0.102121 0.146757 9.99868E-05 0.19381 0.0309403 0.0394696 0.461722 0.00884219 9.99868E-05 0.0161374
0.138084 0.231338 0.303898 0.32608 9.9946E-05 9.9946E-05 9.9946E-05 9.9946E-05 9.9946E-05 9.9946E-05
0.00164524 9.9964E-05 0.0596544 9.9964E-05 0.0803976 0.285516 0.511121 9.9964E-05 0.0612661 9.9964E-05
9.9973E-05 9.9973E-05 9.9973E-05 0.155803 0.107918 0.270633 0.388668 0.0183257 0.0333023 0.0250499
0.0293147 0.376647 0.0224977 9.9973E-05 0.0382136 0.283511 0.21321 9.9973E-05 0.0363066 9.9973E-05
9.9973E-05 0.259764 0.0875642 0.0827594 0.0223892 9.9973E-05 0.43602 9.9973E-05 0.0310756 0.0801272
0.156269 0.290218 0.241874 0.0477135 9.9964E-05 0.214002 0.0495236 9.9964E-05 9.9964E-05 9.9964E-05
0.0220171 0.133762 0.108232 0.135472 0.000565502 9.9982E-05 0.475266 0.0904685 9.9982E-05 0.0340168
0.0498525 0.353082 9.9973E-05 9.9973E-05 0.0711309 0.0210713 0.417659 9.9973E-05 0.0121832 0.0747212
0.0974104 0.126078 0.0708236 9.9982E-05 9.9982E-05 0.0827125 0.301695 0.0432269 0.0903842 0.187469
0.0305885 0.277279 0.0438476 0.189878 0.0227915 0.0913558 0.324017 0.0200429 9.9982E-05 9.9982E-05
0.107242 0.154785 0.048151 0.113511 9.9982E-05 0.040194 0.356241 0.116747 9.9982E-05 0.0629286
0.064404 0.204525 0.0784037 0.0514597 9.9973E-05 0.17744 0.395482 9.9973E-05 9.9973E-05 0.027986
0.0730416 0.167043 0.0481616 0.0406771 0.0263809 0.00419119 0.515379 0.124926 9.9982E-05 9.9982E-05
0.0383472 0.169795 0.0459666 0.000344124 0.076841 9.9991E-05 0.54468 0.0405806 0.0166132 0.0667318
0.164394 0.0419061 9.9973E-05 9.9973E-05 0.051923 0.186727 0.483713 9.9973E-05 0.0507718 0.0202653
0.07094 0.162319 0.0993141 9.9973E-05 0.0254946 9.9973E-05 0.524048 0.0497528 0.0678325 9.9973E-05
9.9937E-05 9.9937E-05 9.9937E-05 9.9937E-05 9.9937E-05 9.9937E-05 0.185981 9.9937E-05 0.778023 0.0352969
0.0637314 9.9955E-05 9.9955E-05 9.9955E-05 9.9955E-05 9.9955E-05 0.104783 0.00572742 0.790233 0.035026
0.0577739 0.0724646 0.0278455 0.0248813 0.0284877 9.9982E-05 0.0283507 9.9982E-05 0.758704 0.00129175
0.0674896 9.9955E-05 9.9955E-05 0.0231617 9.9955E-05 9.9955E-05 9.9955E-05 0.0764362 0.760083 0.0723295
9.9937E-05 9.9937E-05 9.9937E-05 9.9937E-05 9.9937E-05 9.9937E-05 0.139527 0.0583559 0.801417 9.9937E-05
0.018051 0.641466 0.00766617 9.9964E-05 0.10178 0.179723 9.9964E-05 9.9964E-05 9.9964E-05 0.0509144
0.0432252 0.160354 0.113556 0.0726565 0.0161291 0.11065 0.451575 9.9982E-05 0.031655 9.9982E-05
9.9964E-05 9.9964E-05 0.0867258 0.0347669 9.9964E-05 0.108779 0.420746 9.9964E-05 0.213995 0.134587
0.00145694 0.223493 9.9982E-05 0.0480524 0.0367889 0.0332579 0.610241 9.9982E-05 0.0124921 0.0340177
0.0724581 0.348065 9.9973E-05 0.01546 0.0224551 9.9973E-05 0.438694 0.0589156 0.0436514 9.9973E-05
9.9973E-05 0.492189 0.0818837 0.204208 9.9973E-05 9.9973E-05 0.12389 0.0340701 0.0360079 0.027451
9.9937E-05 0.790963 0.108911 9.9937E-05 9.9937E-05 9.9937E-05 9.9937E-05 9.9937E-05 0.0994264 9.9937E-05
0.00267055 0.266133 9.9982E-05 9.9982E-05 0.136705 0.00510767 0.490981 0.0711878 0.019497 0.00751789
9.9982E-05 0.239785 9.9982E-05 0.110306 0.189288 0.20757 0.0860169 0.0891792 0.0567477 0.0209064
0.0340193 0.0230539 0.173254 0.0763408 0.0717946 0.0984632 0.423759 0.0991151 9.9982E-05 9.9982E-05
9.9964E-05 0.717501 9.9964E-05 0.0668855 9.9964E-05 0.00412536 9.9964E-05 0.047556 0.161822 0.00171019
0.0620069 0.171019 9.9982E-05 0.00563599 0.063659 9.9982E-05 0.481427 0.0471253 0.0919279 0.0769998
0.0102055 0.644896 0.055359 0.0250792 0.0014927 0.136445 0.0365123 9.9982E-05 0.0898095 9.9982E-05
9.9982E-05 0.358122 0.0792439 0.106003 0.00107921 0.103165 0.267431 9.9982E-05 0.0644638 0.0202914
0.036981 9.9973E-05 0.135403 0.111439 0.0502467 0.22813 0.389572 9.9973E-05 9.9973E-05 0.0479284
9.9973E-05 0.0393994 0.438975 0.128047 0.0212457 0.0277471 0.266506 0.0777798 9.9973E-05 9.9973E-05
9.9964E-05 0.0380941 0.159179 9.9964E-05 9.9964E-05 0.0995688 0.572354 0.0681133 0.0622908 9.9964E-05
0.0456755 0.046351 0.0993867 0.115322 9.9964E-05 9.9964E-05 0.586088 9.9964E-05 0.106777 9.9964E-05
9.9973E-05 0.0705341 0.357172 0.0587634 0.0139156 0.0702466 0.330889 0.0981795 9.9973E-05 9.9973E-05
0.0330883 0.0106591 0.173886 0.125322 0.0366712 0.0322017 0.459996 0.0279414 0.0632589 0.0369765
0.0815777 9.9982E-05 0.228067 0.00318586 0.00172158 0.0194521 0.532719 0.101306 0.0317708 9.9982E-05
0.0816687 9.9964E-05 0.498032 0.13054 0.0674229 9.9964E-05 0.139442 0.0824943 9.9964E-05 9.9964E-05
0.0969537 9.9973E-05 0.471558 0.116641 0.00232986 0.0466985 0.234732 0.0307859 9.9973E-05 9.9973E-05
9.9973E-05 0.0174569 0.277384 0.128991 0.00784276 0.0840569 0.440728 0.0432403 9.9973E-05 9.9973E-05
0.127188 0.15216 0.418212 0.0957155 0.019697 9.9973E-05 0.117761 0.068967 9.9973E-05 9.9973E-05
0.0754672 0.0646851 0.26104 9.9964E-05 9.9964E-05 0.154009 0.40658 0.0378193 9.9964E-05 9.9964E-05
0.0417374 0.772869 9.9964E-05 9.9964E-05 0.0699609 0.0303494 9.9964E-05 0.0457881 9.9964E-05 0.0388954
0.0420915 0.318893 9.9964E-05 0.279142 0.119164 0.134102 0.106208 9.9964E-05 9.9964E-05 9.9964E-05
0.0492669 0.527772 9.9973E-05 9.9973E-05 0.111589 9.9973E-05 0.211823 0.0505984 0.00438273 0.0442688
9.9964E-05 0.289853 9.9964E-05 9.9964E-05 0.0131961 0.0981949 0.51407 0.0109699 9.9964E-05 0.0733156
0.112212 0.748458 9.9955E-05 9.9955E-05 9.9955E-05 0.00382622 0.124333 0.0106711 9.9955E-05 9.9955E-05
9.9964E-05 0.242481 9.9964E-05 0.151718 0.0870582 9.9964E-05 0.41848 9.9964E-05 0.0128505 0.0870125
0.00416112 0.209983 0.0446427 9.9991E-05 0.0483333 0.0388554 0.529898 0.0474274 0.0688126 0.00778584
0.0312233 0.244867 0.0307038 0.0437296 0.1293 0.0243561 0.452574 0.00224796 9.9991E-05 0.0408989
0.0340965 0.280778 9.9964E-05 0.0831233 0.0669242 9.9964E-05 0.398832 9.9964E-05 9.9964E-05 0.135847
0.0542258 0.394955 9.9982E-05 0.0495179 0.0394425 9.9982E-05 0.296745 0.057461 0.00273759 0.104715
0.0922092 0.73989 9.9964E-05 9.9964E-05 9.9964E-05 0.0126164 0.036125 0.0248431 9.9964E-05 0.093916
0.0225115 0.381556 0.00475288 0.013881 0.232022 9.9982E-05 0.246567 0.00567574 9.9982E-05 0.0928344
0.0111834 0.195927 0.00278764 0.0911583 0.0757832 9.9982E-05 0.488132 0.0832294 9.9982E-05 0.0515988
0.032771 0.224674 0.04042 9.9964E-05 0.0310235 0.054419 0.616292 9.9964E-05 9.9964E-05 9.9964E-05
0.081967 0.299163 9.9991E-05 0.155899 0.102166 0.0033639 0.263306 0.0447739 0.00682048 0.0424406
9.9964E-05 0.235164 0.0488349 0.109005 0.0631091 9.9964E-05 0.53087 0.0126176 9.9964E-05 9.9964E-05
9.9973E-05 0.355898 0.0475579 9.9973E-05 0.223587 0.000829806 0.31498 9.9973E-05 0.0483814 0.00846641
0.0813759 0.149261 9.9982E-05 0.0572589 0.0893941 0.0487999 0.505863 0.00247749 9.9982E-05 0.0653696
0.0207222 0.201877 9.9991E-05 0.0818244 0.0955354 0.0102107 0.495699 0.0438339 0.00448781 0.0457103
0.0351047 0.3051 0.000558251 9.9982E-05 0.0650737 9.9982E-05 0.417646 0.0363365 0.0386155 0.101365
0.0768432 0.021204 0.015446 9.9973E-05 9.9973E-05 0.127769 0.315429 9.9973E-05 0.343766 0.0992424
0.0626925 9.9964E-05 0.116999 9.9964E-05 9.9964E-05 0.0665209 0.475107 9.9964E-05 0.0934238 0.184856
9.9955E-05 0.207139 0.0999714 9.9955E-05 9.9955E-05 9.9955E-05 0.45442 9.9955E-05 0.17056 0.0674098
0.0357662 9.9973E-05 0.0958288 0.0560563 9.9973E-05 0.0587955 0.578471 0.0664408 9.9973E-05 0.108342
0.00567383 0.0716144 0.0199271 0.0470473 9.9982E-05 0.0921801 0.422261 9.9982E-05 0.175724 0.165372
9.9973E-05 0.20916 0.0930397 0.136269 9.9973E-05 0.0542503 0.40023 0.0874874 9.9973E-05 0.0192639
0.0328346 0.0479838 9.9991E-05 0.0730353 0.0795628 0.0247478 0.360018 0.0282746 0.139836 0.213607
0.0611621 0.000666821 0.435805 0.0619145 9.9973E-05 0.156294 9.9973E-05 9.9973E-05 0.164268 0.11959
0.039728 9.9973E-05 0.0395584 9.9973E-05 0.0463644 0.156341 0.480246 9.9973E-05 0.0518309 0.185632
0.110058 0.00100169 0.0205651 0.0629436 0.0171529 0.00325663 0.545122 0.0187076 0.115466 0.105726
9.9982E-05 0.0598078 9.9982E-05 0.0679898 0.0299432 0.148377 0.411951 0.0576348 0.0440226 0.180073
0.0629035 0.0890683 0.156252 9.9982E-05 0.016949 0.189777 0.201066 9.9982E-05 0.177535 0.10625
0.0330405 0.0141481 0.123433 9.9973E-05 9.9973E-05 0.081786 0.503649 9.9973E-05 0.136122 0.107522
9.9973E-05 0.0370494 0.0590458 0.0588535 0.0371151 9.9973E-05 0.556142 9.9973E-05 0.150603 0.100892
9.99371E-05 9.99371E-05 0.390888 9.99371E-05 9.99371E-05 9.99371E-05 9.99371E-05 9.99371E-05 0.415621 0.192792
9.9964E-05 9.9964E-05 9.9964E-05 0.0387481 0.0166456 0.104788 0.539717 9.9964E-05 0.150982 0.14872
9.9973E-05 9.9973E-05 9.9973E-05 0.0783226 0.047073 0.0628981 0.538807 0.00135863 0.139865 0.131375
0.0550756 0.0448528 0.0916291 9.9982E-05 9.9982E-05 0.0583565 0.526697 0.0219697 0.0961602 0.105059
9.9964E-05 0.0590912 0.0683948 9.9964E-05 9.9964E-05 0.0368503 0.519245 9.9964E-05 0.165643 0.150376
9.9982E-05 0.0141707 0.0993176 0.025822 0.0171067 0.0309468 0.57652 9.9982E-05 0.167237 0.068679
0.0535502 9.9982E-05 9.9982E-05 0.396226 0.0534476 0.021834 0.36095 0.0418078 0.0551759 0.016809
9.9955E-05 0.0845851 9.9955E-05 0.237473 9.9955E-05 9.9955E-05 0.491731 0.0842725 0.101439 9.9955E-05
0.0208138 0.0820462 9.9955E-05 0.817818 9.9955E-05 0.0512386 9.9955E-05 0.0275833 9.9955E-05 9.9955E-05
0.00202406 0.0608591 0.055423 0.859831 0.0213628 9.9958E-05 9.9958E-05 9.9958E-05 9.9958E-05 9.9958E-05
0.0975177 9.9964E-05 9.9964E-05 0.28695 9.9964E-05 9.9964E-05 0.511788 0.0203366 0.0724535 0.0105534
9.9964E-05 0.0677501 0.155252 0.0769947 9.9964E-05 9.9964E-05 0.384675 9.9964E-05 0.0613128 0.253616
9.9955E-05 9.9955E-05 0.0258801 0.268333 9.9955E-05 9.9955E-05 0.310737 9.9955E-05 0.0753418 0.319209
9.9973E-05 9.9973E-05 0.110203 0.151139 0.0305497 0.0854335 0.14129 9.9973E-05 0.178936 0.302149
9.9964E-05 9.9964E-05 0.0264168 0.188921 9.9964E-05 0.0776534 0.297054 9.9964E-05 0.157757 0.251798
9.9946E-05 9.9946E-05 0.198311 0.651917 9.9946E-05 9.9946E-05 9.9946E-05 9.9946E-05 0.0496961 0.0994767
9.9955E-05 9.9955E-05 0.0466521 0.672746 9.9955E-05 9.9955E-05 0.0925404 9.9955E-05 0.11047 0.0770921
9.9946E-05 9.9946E-05 9.9946E-05 0.338547 9.9946E-05 9.9946E-05 0.435581 0.0589741 9.9946E-05 0.166298
9.9955E-05 9.9955E-05 9.9955E-05 0.459044 9.9955E-05 9.9955E-05 0.417757 0.00643611 0.0698524 0.0464109
9.9946E-05 9.9946E-05 9.9946E-05 0.72253 9.9946E-05 9.9946E-05 0.111499 9.9946E-05 0.0715904 0.0937805
9.9964E-05 9.9964E-05 9.9964E-05 0.382401 9.9964E-05 0.0413548 0.465437 0.00510389 0.0460328 0.0592701
9.9946E-05 9.9946E-05 9.9946E-05 0.329844 0.0695942 9.9946E-05 0.525597 9.9946E-05 9.9946E-05 0.0743642
9.9982E-05 9.9982E-05 0.0577079 0.232173 0.0251415 0.085656 0.362534 0.024151 0.0395934 0.172843
9.9946E-05 9.9946E-05 9.9946E-05 0.678229 9.9946E-05 0.0737757 0.196864 0.0505323 9.9946E-05 9.9946E-05
0.0389623 0.226984 9.9955E-05 0.40442 9.9955E-05 9.9955E-05 0.264842 9.9955E-05 9.9955E-05 0.0642914
0.0510729 0.0586455 9.9973E-05 0.298862 0.0802954 9.9973E-05 0.491438 0.0085643 0.0108229 9.9973E-05
9.9973E-05 9.9973E-05 0.0223916 0.342369 0.111362 0.040029 0.303428 0.110382 9.9973E-05 0.0697388
0.0287581 0.0413792 0.0642725 0.245628 0.0899714 0.0702978 0.303314 0.00351062 0.0920552 0.0608133
9.9955E-05 0.0747629 0.0928091 0.392551 9.9955E-05 9.9955E-05 0.430073 0.00930415 9.9955E-05 9.9955E-05
9.9946E-05 9.9946E-05 9.9946E-05 0.71465 9.9946E-05 0.059107 0.138599 0.0870446 9.9946E-05 9.9946E-05
0.0147249 9.9955E-05 0.0174402 0.349198 0.0623809 9.9955E-05 0.555756 9.9955E-05 9.9955E-05 9.9955E-05
0.0739226 0.0573616 9.9955E-05 0.725108 9.9955E-05 9.9955E-05 0.128674 0.0144344 9.9955E-05 9.9955E-05
9.9937E-05 9.9937E-05 9.9937E-05 0.539536 9.9937E-05 9.9937E-05 0.349353 0.110412 9.9937E-05 9.9937E-05
0.0980274 0.00754441 9.9982E-05 0.243394 9.9982E-05 0.0226475 0.4869 0.0150664 0.0669254 0.0592949
0.0392497 0.108603 9.9973E-05 0.269905 0.0930948 9.9973E-05 0.453289 9.9973E-05 0.0329804 0.00257834
9.9973E-05 9.9973E-05 0.0720629 0.0464931 9.9973E-05 0.178397 0.426164 0.010297 0.146191 0.120095
9.9982E-05 0.0161194 0.063366 0.079826 9.9982E-05 0.0669316 0.335618 0.135441 0.0835895 0.218909
0.0147516 9.9991E-05 0.150091 0.0249524 0.0627092 0.0834412 0.32308 0.0143491 0.0758949 0.250631
9.9982E-05 0.00881436 0.106436 0.0318726 9.9982E-05 0.0887978 0.291774 0.153441 0.138465 0.1802
0.0172118 0.0961662 0.04583 0.0441031 0.0369424 9.9991E-05 0.45904 0.0263621 0.138422 0.135822
0.0227325 9.9991E-05 0.0509112 0.094748 0.0540476 0.0448485 0.32776 0.0701214 0.103365 0.231366
9.9955E-05 9.9955E-05 0.095076 0.552078 0.0323695 9.9955E-05 9.9955E-05 9.9955E-05 0.185552 0.134425
9.9964E-05 9.9964E-05 9.9964E-05 0.0865557 0.0223036 9.9964E-05 0.528054 0.107803 0.0216548 0.233229
9.9946E-05 9.9946E-05 0.173753 0.373914 9.9946E-05 9.9946E-05 9.9946E-05 9.9946E-05 0.372394 0.0793393
9.9955E-05 9.9955E-05 9.9955E-05 0.238398 9.9955E-05 0.0733796 0.473063 9.9955E-05 0.0440485 0.170612
0.170693 9.9946E-05 0.017535 0.781127 9.9946E-05 9.9946E-05 0.0300449 9.9946E-05 9.9946E-05 9.9946E-05
0.103566 0.0373619 0.0255957 0.832877 9.9946E-05 9.9946E-05 9.9946E-05 9.9946E-05 9.9946E-05 9.9946E-05
