0.00874705 9.9973E-05 9.9973E-05 9.9973E-05 0.0132652 0.899665 0.0173792 0.0606435
9.9964E-05 0.0133551 9.9964E-05 9.9964E-05 0.0574908 0.917438 9.9964E-05 0.0113165
0.00910668 0.0139769 9.9982E-05 0.00519724 9.9982E-05 0.805971 0.142638 0.0229104
0.0290269 9.9964E-05 9.9964E-05 9.9964E-05 9.9964E-05 0.792332 0.0703795 0.107862
0.0210765 9.9973E-05 9.9973E-05 9.9973E-05 0.0650523 0.846213 0.0608618 0.00649658
0.0857156 0.0220577 0.18904 0.0169132 0.0225648 0.535749 0.0282883 0.0996709
9.9964E-05 9.9964E-05 0.152948 0.00037294 9.9964E-05 0.776535 9.9964E-05 0.0697444
0.0442302 9.9973E-05 0.166054 0.0136748 9.9973E-05 0.66271 9.9973E-05 0.113031
9.99729E-05 0.0524908 0.0683435 0.0218996 9.99729E-05 0.797505 9.99729E-05 0.0594615
0.0626429 9.9982E-05 0.114211 9.9982E-05 0.0545676 0.677558 0.0624432 0.0283774
9.9964E-05 9.9964E-05 0.15225 0.0500378 9.9964E-05 0.674575 9.9964E-05 0.122737
0.0879788 0.0755062 9.9982E-05 0.747367 9.9982E-05 0.0330607 0.01722 0.0386672
0.0651749 9.9982E-05 9.9982E-05 0.445088 0.0102341 0.0129011 0.389727 0.0766753
0.0345058 9.9982E-05 0.0633848 0.724355 0.0309713 0.0261029 0.12048 9.9982E-05
0.210561 9.9964E-05 9.9964E-05 0.683822 9.9964E-05 0.0099883 0.0952283 9.9964E-05
0.116771 0.043212 0.0526447 0.408833 0.0515404 0.126784 0.200114 9.9991E-05
0.0631077 9.9982E-05 0.00263243 0.275604 0.0304965 0.0181784 0.609781 9.9982E-05
0.107701 0.0995075 0.0378201 0.4524 9.9982E-05 0.00617452 0.296198 9.9982E-05
0.0647902 9.9964E-05 9.9964E-05 0.626891 9.9964E-05 0.0918543 0.216064 9.9964E-05
9.9964E-05 9.9964E-05 0.0967479 0.809894 9.9964E-05 0.0510345 9.9964E-05 0.0419237
0.0959865 0.166337 0.0657848 0.416884 0.0532885 9.9982E-05 0.20152 9.9982E-05
0.0205051 0.0115938 0.221325 0.281043 0.0442938 9.9991E-05 0.395428 0.025712
0.00419344 0.166606 0.0141471 0.276467 0.0518279 0.0615098 0.418218 0.00703106
0.115094 9.9973E-05 0.0892254 0.719021 9.9973E-05 0.0145145 0.0618447 9.9973E-05
0.0967266 0.00770404 0.0289212 0.317583 9.9982E-05 0.0924791 0.456386 9.9982E-05
0.0702431 9.9964E-05 9.9964E-05 0.426232 9.9964E-05 9.9964E-05 0.466909 0.0362164
0.126696 0.00429386 9.9973E-05 0.794119 9.9973E-05 0.0676123 0.00697883 9.9973E-05
0.148254 9.9964E-05 0.0437811 0.789927 9.9964E-05 9.9964E-05 0.0176383 9.9964E-05
9.9964E-05 9.9964E-05 0.0809329 0.774979 0.0302994 9.9964E-05 0.113388 9.9964E-05
0.0712146 9.9955E-05 9.9955E-05 9.9955E-05 9.9955E-05 0.819423 0.108862 9.9955E-05
0.0144833 9.9964E-05 9.9964E-05 0.0700417 9.9964E-05 0.802939 0.112136 9.9964E-05
0.0188772 0.00869108 9.9973E-05 0.012944 9.9973E-05 0.791662 0.167526 9.9973E-05
0.129628 0.0627986 9.9973E-05 9.9973E-05 9.9973E-05 0.733178 0.0618945 0.0122012
0.0328861 0.269185 0.00252452 0.171877 0.0325866 0.047951 0.436021 0.0069695
0.114781 0.316012 9.9991E-05 0.10269 0.0202178 0.0310804 0.366459 0.0486589
9.9955E-05 0.413714 9.9955E-05 9.9955E-05 9.9955E-05 0.0159228 0.569864 9.9955E-05
9.9964E-05 9.9964E-05 9.9964E-05 0.667258 9.9964E-05 0.0991837 0.0497025 0.183456
0.0533066 0.570721 9.9973E-05 9.9973E-05 0.091982 0.0472046 0.236486 9.9973E-05
0.0163604 0.197117 0.0116278 0.168334 0.0650204 0.0209587 0.427504 0.0930776
0.038214 0.22766 0.0729652 9.9964E-05 9.9964E-05 9.9964E-05 0.660761 9.9964E-05
9.9982E-05 0.109497 0.140252 0.00140933 9.9982E-05 0.0825736 0.588631 0.0774379
9.9991E-05 0.135418 0.0860082 0.0043732 0.075514 0.0597646 0.600281 0.038541
9.9973E-05 0.587441 9.9973E-05 0.30689 9.9973E-05 0.0348922 0.0587155 0.0117611
0.0583651 0.0233861 0.280764 0.103625 0.00696037 0.00867821 0.518121 9.9991E-05
0.0991678 0.26086 0.0462155 0.0348101 0.0188369 0.024948 0.515061 9.9991E-05
0.0764292 0.169055 0.0831828 0.129275 9.9982E-05 0.0692654 0.472594 9.9982E-05
9.9964E-05 0.601813 9.9964E-05 9.9964E-05 0.0412356 9.9964E-05 0.339859 0.0166923
0.0194601 0.259396 0.050047 9.9982E-05 0.0149118 0.0164656 0.63952 9.9982E-05
0.10109 0.174048 0.0283074 0.0584454 0.0929089 0.154464 0.390637 9.9991E-05
9.9955E-05 0.701796 0.229578 9.9955E-05 9.9955E-05 0.0681268 9.9955E-05 9.9955E-05
9.9982E-05 0.147194 0.15293 0.452866 0.0214591 9.9982E-05 0.0742433 0.151108
0.00964311 0.104323 0.287513 0.391463 0.167448 0.00827953 9.9991E-05 0.0312301
0.119286 0.122588 9.9982E-05 0.151523 9.9982E-05 0.0650246 0.393194 0.148184
0.0693831 9.9982E-05 0.134423 0.109018 0.0336288 0.0306184 0.622729 9.9982E-05
0.0428311 0.0354609 0.044143 0.0931513 0.0248918 0.0193598 0.576959 0.163203
0.00434529 0.188817 0.0491382 0.36503 0.0850114 0.0915753 0.0889484 0.127135
9.9973E-05 9.9973E-05 0.0526738 0.25907 0.0178747 9.9973E-05 0.555621 0.114461
0.0925415 9.9973E-05 0.10667 0.244051 9.9973E-05 0.0580879 0.49835 9.9973E-05
9.9982E-05 0.180959 0.0586418 0.323599 9.9982E-05 0.103326 0.315743 0.0175304
0.0233807 0.0359514 0.182707 0.512192 0.0176679 0.173413 0.0159256 0.0387619
0.014799 0.210553 0.0396142 0.210266 9.9991E-05 0.0686657 0.454469 0.00153254
0.0231561 9.9991E-05 0.0383921 0.278829 0.123855 0.0675335 0.388013 0.0801209
9.9982E-05 0.0848234 0.110312 0.648331 0.0270575 0.0319294 9.9982E-05 0.0973472
9.9973E-05 0.0443735 0.0227331 0.472714 0.0658574 9.9973E-05 0.394022 9.9973E-05
0.0185141 0.0193271 0.10993 0.0602577 0.110569 9.9991E-05 0.622999 0.0583039
0.037361 0.0346818 0.0990739 0.217214 0.0519275 0.040661 0.51898 9.9991E-05
0.0229227 0.144662 0.070267 0.340893 0.0675345 0.0655914 0.287293 0.000836553
0.0279736 9.9964E-05 0.10303 0.528008 9.9964E-05 9.9964E-05 0.340588 9.9964E-05
0.0400073 9.9982E-05 9.9982E-05 0.156294 0.0590049 0.04674 0.553697 0.144057
9.9991E-05 0.125265 0.0443403 0.610418 0.0686287 0.0483816 0.0736821 0.0291843
9.9955E-05 0.491069 9.9955E-05 0.0669722 9.9955E-05 9.9955E-05 0.441459 9.9955E-05
9.9964E-05 0.676054 9.9964E-05 0.207666 9.9964E-05 0.0180476 0.0978329 9.9964E-05
0.0726573 0.0834893 0.08773 0.0811443 9.9991E-05 0.0146116 0.529552 0.130715
0.00599487 0.150377 0.053505 0.0100742 0.078802 0.15968 0.527847 0.0137195
9.9946E-05 0.837158 0.162243 9.9946E-05 9.9946E-05 9.9946E-05 9.9946E-05 9.9946E-05
9.9964E-05 0.778301 0.0266341 0.0411543 0.153511 9.9964E-05 9.9964E-05 9.9964E-05
0.0182745 0.734814 0.0101426 0.00121615 0.00934216 9.9982E-05 0.22601 9.9982E-05
0.00463507 0.439887 9.9973E-05 0.111141 9.9973E-05 0.0367308 0.407307 9.9973E-05
0.0495572 0.215103 0.0235872 9.9991E-05 0.0167973 0.158365 0.460467 0.0760239
0.0485315 0.426662 9.9982E-05 0.0492952 9.9982E-05 0.0356756 0.43358 0.00605557
0.0380394 0.622401 9.9973E-05 0.197552 9.9973E-05 9.9973E-05 0.0487283 0.0929799
9.9982E-05 0.431801 9.9982E-05 0.104455 0.0160517 0.0123171 0.219621 0.215554
0.0928696 0.249164 9.9982E-05 9.9982E-05 0.0318611 0.116377 0.397594 0.111935
0.0489354 0.514696 9.9973E-05 0.22903 9.9973E-05 0.0271669 0.179872 9.9973E-05
9.9982E-05 0.519384 0.0049604 0.0532615 9.9982E-05 0.0627746 0.338103 0.0213164
9.9982E-05 0.547337 0.052941 9.9982E-05 0.0117299 0.0177762 0.366138 0.00387791
9.9973E-05 0.691637 0.164189 9.9973E-05 0.132521 0.000377483 9.9973E-05 0.0109757
0.0956418 0.192876 0.0373465 0.0411447 0.0372994 9.9991E-05 0.514927 0.0806646
0.0716439 9.9973E-05 9.9973E-05 0.0335131 9.9973E-05 0.757524 0.084557 0.0524617
9.99461E-05 9.99461E-05 9.99461E-05 9.99461E-05 9.99461E-05 0.872015 0.127386 9.99461E-05
0.0446496 0.0134792 9.9973E-05 9.9973E-05 9.9973E-05 0.848616 0.0740799 0.0188755
9.9955E-05 9.9955E-05 0.0630229 9.9955E-05 9.9955E-05 0.868865 0.0676123 9.9955E-05
0.022002 9.9973E-05 0.0181894 9.9973E-05 0.0487316 0.855058 0.0557191 9.9973E-05
0.0165339 9.9964E-05 9.9964E-05 9.9964E-05 9.9964E-05 0.861047 0.0697371 0.0522824
0.00768596 9.9964E-05 0.0222707 9.9964E-05 9.9964E-05 0.882858 0.0867856 9.9964E-05
0.0888492 0.250016 9.9982E-05 0.138591 9.9982E-05 0.0694569 0.39833 0.0545568
0.114576 0.151824 9.9982E-05 0.129524 0.00691598 9.9982E-05 0.508713 0.088248
9.9991E-05 0.674995 0.00124237 0.144514 0.0650032 0.0798459 0.0269698 0.00732995
0.151864 0.208957 0.083597 0.109391 0.0830043 0.0315743 0.325987 0.00562523
9.9964E-05 0.456142 9.9964E-05 0.111693 9.9964E-05 9.9964E-05 0.387044 0.0447206
0.0485861 0.338094 9.9973E-05 9.9973E-05 9.9973E-05 0.0516685 0.547929 0.0134227
9.9982E-05 0.271397 0.0364496 0.0643244 0.0480222 0.042882 0.536725 9.9982E-05
0.0968958 0.462778 0.013628 9.9964E-05 9.9964E-05 9.9964E-05 0.426298 9.9964E-05
9.9964E-05 0.752245 9.9964E-05 0.154611 9.9964E-05 0.0667361 9.9964E-05 0.0260084
9.9991E-05 0.0645095 0.047558 0.0600961 0.0780199 0.12007 0.552036 0.0776112
9.9973E-05 0.136563 9.9973E-05 0.0943195 0.0778413 0.0698234 0.621153 9.9973E-05
0.0485895 0.219812 9.9982E-05 0.0594542 9.9982E-05 0.0454361 0.596741 0.0297672
0.00455577 0.575409 0.086415 9.9982E-05 0.0158173 0.0129831 0.30462 9.9982E-05
9.9982E-05 0.375241 0.0522982 9.9982E-05 0.0303936 0.0344717 0.503857 0.00353893
0.0276242 0.425076 0.00920046 0.0951428 9.9991E-05 0.00601328 0.363303 0.0735398
0.131573 0.616103 9.9955E-05 9.9955E-05 9.9955E-05 9.9955E-05 0.251824 9.9955E-05
9.9964E-05 0.479004 9.9964E-05 9.9964E-05 9.9964E-05 0.0993858 0.393095 0.0281152
9.9982E-05 0.13483 0.0274551 0.101053 0.0197522 0.120243 0.596467 9.9982E-05
0.0337173 9.9982E-05 0.0548138 0.474975 0.131074 9.9982E-05 0.129566 0.175655
9.9982E-05 0.10293 9.9982E-05 0.162076 0.0257133 0.184356 0.513586 0.0111383
0.0704872 0.000196574 0.0506065 0.247979 0.0407422 0.101199 0.317145 0.171644
0.0907451 0.0533615 0.0166353 0.108233 0.109388 0.0755215 0.450663 0.0954521
0.07958 0.0215373 0.00672232 0.0782528 0.044017 0.0850314 0.549086 0.135773
9.9964E-05 9.9964E-05 9.9964E-05 0.578242 9.9964E-05 0.0306208 0.351335 0.0394021
9.9973E-05 9.9973E-05 0.0362409 0.300729 0.0334993 9.9973E-05 0.555979 0.0732516
0.0159883 0.00711124 9.9991E-05 0.404261 0.00214408 0.0177239 0.410805 0.141866
9.9991E-05 0.0509819 0.0319364 0.166352 0.042308 0.144444 0.525167 0.0387109
0.0673748 0.0752652 0.0633612 0.197879 0.0298785 0.0654023 0.431936 0.0689034
9.9973E-05 0.129891 0.0445201 0.26991 9.9973E-05 0.0413804 0.513999 9.9973E-05
9.9973E-05 9.9973E-05 0.0303329 0.260158 0.000907577 9.9973E-05 0.471606 0.236696
0.062658 0.0361349 0.0834812 9.9982E-05 0.0841556 9.9982E-05 0.557816 0.175554
0.0347799 0.00273415 0.0563167 0.111817 0.0319324 0.132923 0.539946 0.089551
0.00770269 0.0155028 9.9982E-05 0.20554 0.140153 9.9982E-05 0.520703 0.110198
0.0742546 9.9991E-05 0.0337172 0.10002 0.0529066 0.0300138 0.606827 0.102161
0.0468649 0.044239 0.0505002 0.175555 0.0534999 9.9991E-05 0.574142 0.0550991
0.0236796 9.9991E-05 0.126733 0.276957 0.0545461 0.0976591 0.316589 0.103736
0.0293542 0.0233197 9.9982E-05 0.349552 0.0235719 9.9982E-05 0.494247 0.0797556
9.9973E-05 9.9973E-05 9.9973E-05 0.155431 0.0417926 0.0296486 0.675199 0.0976283
0.0748627 0.103364 0.0517747 0.389689 0.09295 0.00399256 0.150314 0.133054
0.0734769 0.0892088 0.152316 0.400277 0.135185 0.00276874 0.0681781 0.0785888
0.0749098 0.204522 0.0192938 0.275656 9.9991E-05 0.00356233 0.367238 0.0547172
0.0292132 0.0801545 0.137706 0.298669 0.211463 9.9991E-05 0.0566845 0.186009
9.9982E-05 0.0646359 9.9982E-05 0.65641 0.0570707 0.00415021 0.111567 0.105967
9.9973E-05 0.168089 0.0133607 0.352845 9.9973E-05 9.9973E-05 0.333374 0.132031
9.9973E-05 0.129387 9.9973E-05 0.490516 9.9973E-05 0.0475432 0.180243 0.152012
9.9973E-05 0.119663 9.9973E-05 0.60414 0.0198669 9.9973E-05 0.171436 0.0845937
9.9991E-05 0.11905 0.0720053 0.0968597 0.0460217 0.0905553 0.561651 0.0137564
0.149181 0.0737317 0.0901724 0.0400159 0.0698645 0.0125819 0.480875 0.0835781
0.0182114 0.0664144 0.00411618 0.292845 0.0756449 0.0250097 0.500187 0.0175713
0.0529032 0.0290787 0.164432 0.557153 0.0928552 9.9982E-05 9.9982E-05 0.103378
0.0280551 0.146281 0.139925 0.115766 9.9982E-05 0.107932 0.461841 9.9982E-05
0.0421179 0.0888641 0.134165 0.113179 0.114056 0.0495561 0.457962 9.9991E-05
9.9982E-05 0.167367 0.399433 0.0548053 0.17255 0.137927 9.9982E-05 0.0677179
0.00420979 0.120303 0.0924331 0.026965 0.0831477 0.0502682 0.622573 9.9991E-05
0.0125929 0.184722 0.168012 0.136779 0.128781 0.0807565 0.272916 0.0154408
0.0622524 0.158279 0.104533 0.265745 9.9982E-05 0.0488784 0.360112 9.9982E-05
0.00688714 0.0192933 0.401281 0.143141 0.0768658 0.0365212 0.291267 0.0247438
9.9991E-05 0.0237674 0.453063 0.158393 0.0966757 0.0193404 0.165086 0.0835747
9.9991E-05 0.135348 0.11368 0.125938 0.162463 0.0173024 0.354504 0.0906653
9.9991E-05 0.133761 0.0837611 0.0404976 0.0561788 0.116931 0.559253 0.00951751
0.00694856 0.0358748 0.187207 0.220989 0.0244591 0.135933 0.359354 0.0292354
0.0681878 0.090369 0.035146 0.132569 0.0537397 0.0624324 0.502979 0.0545776
0.17933 0.125788 0.0999746 0.00128163 0.0647924 0.0515097 0.423692 0.053632
0.155631 0.17533 0.388681 0.211725 0.0571328 9.9982E-05 9.9982E-05 0.0113011
0.0157079 0.0154689 0.137387 0.222769 0.0465578 0.0206037 0.518623 0.0228829
0.125361 0.0780424 9.9982E-05 0.163932 9.9982E-05 0.0923845 0.43439 0.10569
9.9973E-05 0.100035 0.296791 0.18842 0.0559357 9.9973E-05 0.358518 9.9973E-05
9.9973E-05 0.119641 0.108981 0.291227 0.12586 9.9973E-05 0.353991 9.9973E-05
0.044242 0.00458306 0.0589724 0.0702987 0.163476 0.0544446 0.516653 0.087331
0.10416 0.0827663 0.185219 9.9982E-05 0.0305277 0.0688983 0.528228 9.9982E-05
0.283196 9.9973E-05 0.312103 0.0442528 9.9973E-05 0.227483 0.132665 9.9973E-05
0.14378 9.9955E-05 0.380785 9.9955E-05 9.9955E-05 0.474936 9.9955E-05 9.9955E-05
0.109934 9.9964E-05 0.440936 9.9964E-05 0.0289837 0.419746 9.9964E-05 9.9964E-05
0.301307 9.9973E-05 0.257426 0.0578049 9.9973E-05 0.303738 0.0794232 9.9973E-05
9.9973E-05 0.0612552 0.173367 9.9973E-05 0.0610708 9.9973E-05 0.67001 0.0339974
0.0117794 0.072615 0.172405 0.0166216 0.111417 0.0449794 0.560553 0.00962916
0.654632 0.000408911 9.9964E-05 0.0625166 9.9964E-05 9.9964E-05 0.282043 9.9964E-05
0.353572 9.9973E-05 9.9973E-05 0.139386 0.0168082 0.0483743 0.441559 9.9973E-05
0.326136 0.0366473 0.0465206 9.9982E-05 0.0369275 0.0811182 0.47245 9.9982E-05
9.9973E-05 0.0140314 0.43534 0.137511 0.0985945 9.9973E-05 0.314223 9.9973E-05
0.0789944 0.133065 0.0936968 9.9991E-05 0.0948624 0.0339967 0.493936 0.0713487
9.9973E-05 0.0439759 0.532539 0.120209 0.108133 9.9973E-05 0.194843 9.9973E-05
0.00584418 0.098595 0.159605 9.9991E-05 0.110941 0.00189483 0.584818 0.0382027
9.9973E-05 9.9973E-05 0.189285 0.194552 0.136571 0.0160233 0.463269 9.9973E-05
0.0128814 0.0585345 0.321762 0.0343706 9.9982E-05 9.9982E-05 0.56033 0.0119216
9.9982E-05 0.171665 0.431091 0.0826536 0.146716 9.9982E-05 0.150183 0.0174917
0.171328 0.155417 0.0603464 0.118313 9.9982E-05 0.0129104 0.481485 9.9982E-05
0.0171761 0.048609 0.154778 0.0316685 0.0812921 0.0478385 0.573112 0.0455258
0.1965 0.014451 0.00173513 0.174736 9.9991E-05 0.0618132 0.478691 0.0719737
0.951935 0.0365795 9.9955E-05 9.9955E-05 0.0109855 9.9955E-05 9.9955E-05 9.9955E-05
0.881796 9.9955E-05 9.9955E-05 9.9955E-05 0.016653 9.9955E-05 0.101052 9.9955E-05
0.520542 9.9973E-05 9.9973E-05 0.0890744 0.0135869 0.109236 0.26726 9.9973E-05
0.630333 9.9973E-05 9.9973E-05 0.0286363 9.9973E-05 0.00423499 0.313696 0.0227998
0.824069 0.00885747 0.059168 9.9973E-05 9.9973E-05 9.9973E-05 0.0861008 0.0215046
0.9993 9.994E-05 9.994E-05 9.994E-05 9.994E-05 9.994E-05 9.994E-05 9.994E-05
0.930804 9.9964E-05 0.00711827 0.032385 9.9964E-05 9.9964E-05 9.9964E-05 0.0292929
0.837971 9.9955E-05 9.9955E-05 9.9955E-05 0.0046501 9.9955E-05 0.156879 9.9955E-05
0.959263 9.9955E-05 9.9955E-05 0.027268 9.9955E-05 9.9955E-05 9.9955E-05 0.0129691
0.9993 9.994E-05 9.994E-05 9.994E-05 9.994E-05 9.994E-05 9.994E-05 9.994E-05
0.9993 9.994E-05 9.994E-05 9.994E-05 9.994E-05 9.994E-05 9.994E-05 9.994E-05
0.750702 9.9973E-05 9.9973E-05 0.0966071 0.0207042 9.9973E-05 0.131487 0.000199801
0.842395 0.0607061 0.0116019 9.9982E-05 9.9982E-05 0.03756 0.0146722 0.0328644
0.991341 0.00805938 9.9946E-05 9.9946E-05 9.9946E-05 9.9946E-05 9.9946E-05 9.9946E-05
0.405389 0.0583855 0.00741087 0.0925502 9.9991E-05 0.0665401 0.275735 0.09389
0.664022 9.9973E-05 9.9973E-05 0.0265712 9.9973E-05 0.0238309 0.170086 0.11519
0.812383 9.9964E-05 0.00481455 9.9964E-05 9.9964E-05 9.9964E-05 0.122801 0.0596016
0.873239 9.9955E-05 9.9955E-05 0.0434475 9.9955E-05 9.9955E-05 0.0828133 9.9955E-05
0.9993 9.994E-05 9.994E-05 9.994E-05 9.994E-05 9.994E-05 9.994E-05 9.994E-05
0.862266 9.9973E-05 9.9973E-05 0.013327 9.9973E-05 0.0472757 0.0743469 0.00248416
0.9993 9.994E-05 9.994E-05 9.994E-05 9.994E-05 9.994E-05 9.994E-05 9.994E-05
0.72594 0.00207692 9.9991E-05 0.0068132 0.0871189 0.0270421 0.147396 0.00351219
0.909106 0.030268 9.9973E-05 9.9973E-05 9.9973E-05 0.0092233 0.00433015 0.0467729
0.0229982 0.0892054 0.573929 9.9973E-05 0.0405826 0.272985 9.9973E-05 9.9973E-05
9.9982E-05 0.0316627 0.210979 0.0571658 9.9982E-05 0.177968 0.454368 0.0676569
0.0939392 0.118286 0.200657 9.9982E-05 9.9982E-05 0.201016 0.344272 0.0416303
0.0734609 0.0123793 0.4249 9.9991E-05 0.00766019 0.180046 0.198669 0.102784
0.168604 0.131022 0.108816 0.00881361 0.0780628 0.101229 0.403352 9.9991E-05
0.0804741 0.0351423 0.412186 9.9982E-05 0.0461039 0.246942 0.178951 9.9982E-05
0.118834 0.0883725 0.190247 0.0032259 9.9991E-05 0.128149 0.444013 0.0270588
0.155969 0.0533904 0.401114 0.0724511 9.9982E-05 0.0772329 0.239642 9.9982E-05
0.0666779 0.01554 0.196832 0.13967 9.9982E-05 0.135314 0.445766 9.9982E-05
0.181546 9.9964E-05 0.313364 9.9964E-05 9.9964E-05 0.137613 0.367077 9.9964E-05
0.0974945 0.0894964 0.131276 0.0384699 0.150046 0.12983 0.343657 0.0197297
0.0382333 0.0120772 0.206708 0.062333 0.0309913 0.138406 0.511151 9.9991E-05
9.9973E-05 9.9973E-05 0.0742354 9.9973E-05 0.00949208 0.788178 0.0562772 0.0715172
0.0220355 9.9955E-05 9.9955E-05 9.9955E-05 0.0682882 0.909176 9.9955E-05 9.9955E-05
9.9964E-05 0.0189717 9.9964E-05 9.9964E-05 9.9964E-05 0.932695 0.0449231 0.0030104
9.9955E-05 9.9955E-05 9.9955E-05 9.9955E-05 9.9955E-05 0.902443 0.0358187 0.0612389
0.0270473 9.9973E-05 9.9973E-05 0.0426405 9.9973E-05 0.851007 0.0196385 0.0593672
0.0428087 9.9964E-05 9.9964E-05 0.0281935 0.0458453 0.882753 9.9964E-05 9.9964E-05
0.0566467 9.9964E-05 9.9964E-05 9.9964E-05 9.9964E-05 0.841471 0.0701959 0.0312866
9.9955E-05 9.9955E-05 0.0327799 9.9955E-05 0.0806867 0.886034 9.9955E-05 9.9955E-05
9.9964E-05 0.0155814 9.9964E-05 0.0851546 0.0110271 0.887837 9.9964E-05 9.9964E-05
0.101163 9.9955E-05 0.081473 9.9955E-05 9.9955E-05 0.816864 9.9955E-05 9.9955E-05
9.9973E-05 0.112038 9.9973E-05 0.156887 0.052879 0.564928 9.9973E-05 0.112968
0.0162526 0.104609 9.9973E-05 0.0673741 9.9973E-05 0.556059 9.9973E-05 0.255406
9.9973E-05 9.9973E-05 0.121694 0.259098 0.0225955 0.510788 9.9973E-05 0.0855247
9.9973E-05 0.0987871 0.04112 0.249325 9.9973E-05 0.459616 9.9973E-05 0.150851
9.9973E-05 0.318347 9.9973E-05 0.159359 9.9973E-05 0.0431199 0.423509 0.055365
0.0417184 0.302707 9.9991E-05 0.0724717 0.0957921 0.0227981 0.420272 0.0441401
9.9982E-05 0.265103 0.0455545 9.9982E-05 0.0579432 0.068238 0.45539 0.107571
0.023739 0.0870192 0.00786385 0.205058 0.132106 0.051753 0.475345 0.0171155
0.0274236 0.29443 9.9982E-05 0.31441 9.9982E-05 0.0166557 0.276622 0.0702585
0.032541 0.125922 9.9982E-05 0.469588 0.0114959 9.9982E-05 0.0614841 0.298769
9.9973E-05 0.24365 9.9973E-05 0.0875271 0.0268097 9.9973E-05 0.600578 0.041135
0.00227526 0.318906 0.0123379 0.13315 9.9973E-05 9.9973E-05 0.533031 9.9973E-05
9.9982E-05 0.30515 0.0411218 0.0707563 0.0255027 9.9982E-05 0.501684 0.0555859
0.0608252 0.621328 9.9964E-05 9.9964E-05 0.0334071 9.9964E-05 0.28404 9.9964E-05
9.9973E-05 0.186526 0.0617993 9.9973E-05 0.0688038 9.9973E-05 0.560213 0.122358
0.0125896 0.392463 9.9982E-05 0.100581 0.132622 9.9982E-05 0.316516 0.0450276
9.9973E-05 0.753018 0.0393746 0.00708787 0.161889 9.9973E-05 9.9973E-05 0.0383302
0.115683 0.201265 0.019254 0.200805 9.9982E-05 9.9982E-05 0.39743 0.0653637
9.9964E-05 0.486727 0.115455 9.9964E-05 0.158443 9.9964E-05 0.238975 9.9964E-05
9.9973E-05 0.382366 0.0750732 9.9973E-05 0.0386419 0.0296947 0.473925 9.9973E-05
9.9982E-05 0.620991 9.9982E-05 0.152042 0.013784 0.0166588 0.0839844 0.112339
9.9955E-05 9.9955E-05 0.178036 9.9955E-05 9.9955E-05 0.042448 9.9955E-05 0.779017
9.9955E-05 9.9955E-05 0.10903 9.9955E-05 9.9955E-05 9.9955E-05 0.0451629 0.845307
9.9946E-05 9.9946E-05 9.9946E-05 9.9946E-05 0.106193 9.9946E-05 9.9946E-05 0.893207
9.9964E-05 0.0724857 0.0514559 9.9964E-05 9.9964E-05 0.0419143 9.9964E-05 0.833744
0.01837 0.0280063 0.0580718 0.0178881 0.034977 9.9991E-05 0.00950898 0.833078
0.0257599 9.9973E-05 0.0268262 9.9973E-05 0.0384733 9.9973E-05 0.0736341 0.835006
0.019163 0.0606849 9.9964E-05 9.9964E-05 9.9964E-05 0.845544 0.0742079 9.9964E-05
9.9964E-05 9.9964E-05 9.9964E-05 0.0636969 9.9964E-05 0.837696 0.0950832 0.00312442
0.0395011 9.9964E-05 9.9964E-05 0.0138007 9.9964E-05 0.74688 0.199419 9.9964E-05
0.124619 9.9964E-05 9.9964E-05 0.143904 9.9964E-05 0.721202 0.00987517 9.9964E-05
0.0405749 9.9964E-05 0.0652552 9.9964E-05 9.9964E-05 0.792458 0.101313 9.9964E-05
9.9973E-05 0.00789194 0.142489 0.0937525 9.9973E-05 0.325206 9.9973E-05 0.43036
9.9982E-05 0.0649531 0.0904076 0.00558701 0.0196009 0.456492 9.9982E-05 0.362759
9.9973E-05 0.0298618 9.9973E-05 0.0297048 0.132522 0.414556 9.9973E-05 0.393055
9.9955E-05 9.9955E-05 9.9955E-05 0.0391217 9.9955E-05 0.819121 0.141257 9.9955E-05
9.9982E-05 0.0334379 0.140208 0.0634378 0.036198 0.320797 9.9982E-05 0.40572
0.356642 9.9973E-05 0.138048 9.9973E-05 0.0459284 0.203551 0.255531 9.9973E-05
0.189554 0.016234 0.0672548 9.9982E-05 9.9982E-05 0.134908 0.524736 0.0671137
0.285141 9.9964E-05 9.9964E-05 0.0119373 9.9964E-05 0.172906 0.529616 9.9964E-05
0.168544 0.106651 0.0973218 0.00478382 0.0106323 0.229681 0.354119 0.0282672
0.187669 0.0379088 9.9991E-05 0.0811096 0.00547893 0.187335 0.423333 0.0770656
0.347077 9.9964E-05 0.249641 9.9964E-05 0.00907512 0.393807 9.9964E-05 9.9964E-05
9.9973E-05 0.100164 9.9973E-05 0.361777 0.082445 9.9973E-05 0.35369 0.101624
9.9982E-05 0.0617081 0.127489 0.25884 0.110504 9.9982E-05 0.342253 0.0990056
9.9973E-05 9.9973E-05 9.9973E-05 0.585541 0.0185154 0.0736023 0.195358 0.126684
0.0338166 0.0671036 0.0232237 0.184696 0.216474 0.00768926 0.334341 0.132656
9.9973E-05 0.158845 0.282271 0.123065 0.398664 9.9973E-05 9.9973E-05 0.0368533
0.11296 0.0172861 0.0930963 0.296927 0.0820701 0.0688993 0.282929 0.0458316
9.9982E-05 0.0855886 0.0962679 0.231912 0.113568 9.9982E-05 0.444224 0.02824
9.9991E-05 0.150947 0.0317022 0.487154 0.0631641 0.0541214 0.164924 0.0478874
0.044597 9.9991E-05 0.0185593 0.229593 0.110214 0.090133 0.422769 0.0840343
9.9973E-05 0.0206602 0.255369 0.616405 0.0734261 9.9973E-05 0.0338397 9.9973E-05
0.00424352 0.012438 0.226628 0.058642 0.0930521 9.9991E-05 0.486718 0.118178
9.9982E-05 0.0319926 0.0222442 0.295503 0.00879191 9.9982E-05 0.501892 0.139376
0.202225 0.116603 0.126756 0.121438 0.0212731 0.102253 0.309352 9.9991E-05
9.9982E-05 0.00343288 0.0754461 0.341049 0.171454 9.9982E-05 0.339935 0.0684835
9.9982E-05 0.0248792 0.0743449 0.209346 0.152839 9.9982E-05 0.45503 0.0833613
0.0874464 0.0514832 0.0258444 0.190126 0.195773 9.9991E-05 0.425249 0.0239777
9.9982E-05 0.138203 0.0127665 0.282379 0.0285656 9.9982E-05 0.439432 0.0984547
0.138122 9.9991E-05 0.00470108 0.129284 0.0873319 0.0133858 0.51906 0.108016
0.0141048 0.141267 9.9982E-05 0.223421 9.9982E-05 0.0625213 0.522231 0.0362556
0.0957432 0.00922043 0.0387229 0.0817408 9.9991E-05 0.102847 0.49807 0.173556
0.0910282 0.00205238 9.9964E-05 9.9964E-05 9.9964E-05 0.799126 0.107394 9.9964E-05
0.00566091 0.034589 9.9964E-05 9.9964E-05 9.9964E-05 0.876922 0.0824282 9.9964E-05
9.9982E-05 0.077659 0.0234036 9.9982E-05 0.0637149 0.747589 0.0665739 0.0208597
9.9964E-05 0.107161 9.9964E-05 9.9964E-05 0.0377498 0.81708 0.0376098 9.9964E-05
0.00200266 9.9964E-05 9.9964E-05 9.9964E-05 0.0288759 0.881839 0.0868827 9.9964E-05
9.9982E-05 0.0228 0.0315432 0.756399 9.9982E-05 0.0270562 0.0260019 0.135999
0.0539201 9.9982E-05 0.0546425 0.233094 0.129519 0.0802114 0.448413 9.9982E-05
0.12751 9.9973E-05 0.192966 0.0635018 9.9973E-05 0.148387 0.467336 9.9973E-05
0.0590595 0.0135785 0.0580233 0.202808 0.0109573 9.9991E-05 0.570403 0.0850707
9.9973E-05 0.0874225 9.9973E-05 0.314288 9.9973E-05 0.0622172 0.467389 0.0683835
0.0585335 9.9982E-05 0.137033 0.364036 0.0780367 9.9982E-05 0.203274 0.158887
9.9973E-05 0.0321713 0.100906 0.662595 9.9973E-05 0.116948 9.9973E-05 0.0870797
9.9982E-05 0.0738022 9.9982E-05 0.241904 0.0184194 0.0229698 0.438925 0.203779
0.077984 0.0179575 9.9982E-05 0.446948 0.138247 0.0843911 9.9982E-05 0.234273
0.0805396 0.20406 0.121647 0.0159706 0.0647972 9.9991E-05 0.36678 0.146107
9.9982E-05 0.0632826 0.0311015 0.528992 0.0751393 0.142044 9.9982E-05 0.159241
9.9982E-05 0.0566207 9.9982E-05 0.246261 0.00482126 0.0962203 0.51923 0.0766466
9.9982E-05 0.0534947 0.0530989 0.595323 9.9982E-05 0.067529 0.0825008 0.147853
0.0213189 0.0326996 0.0837114 0.0299444 0.0450839 0.153161 0.609847 0.0242336
0.0444224 0.0113255 0.0487871 0.449156 0.0654093 0.0424378 0.310837 0.0276253
0.0706516 0.00731876 0.169644 0.197786 0.0263055 9.9991E-05 0.456911 0.0712819
9.9973E-05 9.9973E-05 0.424417 0.00301929 0.0967109 9.9973E-05 0.331346 0.144207
9.9973E-05 0.123189 0.220642 0.0875596 9.9973E-05 0.0440383 0.524272 9.9973E-05
9.9982E-05 0.105644 0.0819865 0.0405289 0.165 0.0809932 0.525648 9.9982E-05
9.9973E-05 0.109113 0.409619 9.9973E-05 0.0389352 9.9973E-05 0.350576 0.091456
0.0222591 0.0514666 0.128742 9.9991E-05 0.0584453 0.106004 0.564229 0.0687541
0.0889226 0.0182402 0.112876 0.104045 0.0864263 0.00194073 0.480298 0.10725
9.9973E-05 0.10426 0.152235 9.9973E-05 0.0746951 9.9973E-05 0.626487 0.0420233
9.9973E-05 0.151808 0.507804 9.9973E-05 0.131445 9.9973E-05 0.0915443 0.117099
9.9973E-05 0.0848775 0.550719 9.9973E-05 0.051508 9.9973E-05 0.257377 0.0552189
9.9973E-05 9.9973E-05 0.352384 0.00172638 0.046955 9.9973E-05 0.49807 0.100565
9.9982E-05 0.21746 0.459456 0.0265007 0.0150923 9.9982E-05 0.181448 0.099843
9.9973E-05 0.108447 0.358621 0.121459 9.9973E-05 9.9973E-05 0.39044 0.020733
0.030731 0.119105 9.9982E-05 0.578245 0.0278133 0.0407714 9.9982E-05 0.203134
9.9973E-05 0.0342085 9.9973E-05 0.489859 0.207317 9.9973E-05 0.167188 0.101128
0.0378323 0.00980122 9.9982E-05 0.468683 9.9982E-05 0.00457907 0.328704 0.150201
0.0287863 9.9982E-05 0.0370436 0.0731779 0.0872253 9.9982E-05 0.663057 0.11051
0.0162065 0.21258 9.9973E-05 0.461397 9.9973E-05 9.9973E-05 0.0705782 0.238939
0.0728585 0.0409691 0.0935595 0.236508 0.101079 0.0702417 0.370555 0.0142291
0.111966 0.0771518 9.9991E-05 0.10319 0.0457021 0.0298433 0.463586 0.16846
0.084117 9.9991E-05 0.0340468 0.261518 0.0165368 0.0463152 0.396887 0.160479
0.0536836 0.0722563 0.0243412 0.242798 0.0917622 9.9991E-05 0.35058 0.164479
0.0326328 0.176804 9.9982E-05 0.255643 9.9982E-05 0.0207092 0.339838 0.174174
0.129826 0.133234 9.9973E-05 0.539079 9.9973E-05 9.9973E-05 0.0595195 0.138042
0.110935 0.0214352 9.9982E-05 0.361853 0.0528233 9.9982E-05 0.185292 0.267461
0.0813318 0.0860509 9.9991E-05 0.178016 0.0180635 0.00248064 0.550885 0.0830724
9.9973E-05 0.078038 9.9973E-05 0.184874 9.9973E-05 0.0848276 0.625325 0.0266352
9.9991E-05 0.0612477 0.130155 0.20561 0.116774 0.0269073 0.350731 0.108475
0.0912619 0.0055023 0.0076373 0.194849 0.0965395 9.9991E-05 0.446354 0.157755
0.015289 9.9982E-05 0.0408816 0.51074 9.9982E-05 0.0322331 0.313153 0.087504
9.9973E-05 0.0381218 9.9973E-05 0.287312 0.088894 9.9973E-05 0.534172 0.0512005
9.9982E-05 0.0717336 0.000974922 0.300098 9.9982E-05 0.0671434 0.50139 0.0584604
0.138646 0.0207913 9.9991E-05 0.118354 0.0998643 0.101457 0.406185 0.114603
0.113581 0.0287139 0.0656526 0.0755878 9.9982E-05 0.313544 0.40272 9.9982E-05
0.272038 0.0092705 0.125033 0.054693 0.0577174 0.0952711 0.385877 9.9991E-05
0.117159 0.0280037 0.0516631 0.20931 0.0390045 0.14686 0.4079 9.9991E-05
0.100159 0.0354859 0.0862315 0.126531 0.0418736 0.0290343 0.547822 0.0328627
0.155267 0.0190415 9.9982E-05 0.0119745 0.114061 0.190121 0.509335 9.9982E-05
0.0222825 0.0118309 0.0917033 0.404705 0.0565047 9.9991E-05 0.382031 0.0308421
0.193089 9.9982E-05 0.152623 9.9982E-05 0.0819922 0.0515476 0.490488 0.0300607
0.1364 0.124059 0.446765 0.0922873 9.9973E-05 0.200188 9.9973E-05 9.9973E-05
0.271677 0.0211312 0.129226 0.145075 9.9991E-05 0.0585822 0.348849 0.0253598
0.178112 0.0738574 0.0104983 9.9991E-05 0.0798961 0.0808522 0.462361 0.114322
0.270924 9.9982E-05 0.0398114 0.127222 0.119112 0.00253724 0.440193 9.9982E-05
0.171813 0.009067 0.22564 0.255834 0.0244189 0.0963494 0.216778 9.9991E-05
0.129917 0.100644 0.0264157 9.9973E-05 9.9973E-05 0.140622 0.602102 9.9973E-05
0.107493 9.9982E-05 0.141479 0.0179505 0.00808718 0.116144 0.608646 9.9982E-05
0.173979 0.00196338 0.36727 9.9964E-05 9.9964E-05 0.456388 9.9964E-05 9.9964E-05
0.197528 9.9982E-05 0.119578 0.107409 9.9982E-05 0.0980035 0.466476 0.0108054
0.146797 9.9973E-05 0.0469168 9.9973E-05 0.0306825 0.189119 0.586185 9.9973E-05
0.132745 0.071064 0.0663234 0.128381 0.031097 0.0713858 0.478952 0.0200514
0.175621 9.9973E-05 0.0540624 9.9973E-05 0.046481 0.161893 0.561642 9.9973E-05
0.0339297 9.9982E-05 0.0318957 0.156756 0.000425489 0.213356 0.563437 9.9982E-05
0.1155 0.168669 9.9973E-05 9.9973E-05 0.282888 9.9973E-05 0.379958 0.0526853
0.133292 0.0905209 9.9982E-05 9.9982E-05 0.320564 0.0212856 0.360144 0.0739936
9.9973E-05 0.107689 0.0433263 0.135306 0.711033 9.9973E-05 9.9973E-05 0.00234531
0.148497 0.135968 0.00398284 0.238197 0.113827 0.0659084 0.293519 9.9991E-05
0.0723736 0.104188 0.0219511 0.0155067 0.17203 0.0806649 0.499705 0.0335801
9.9964E-05 9.9964E-05 0.0354946 0.0423656 0.8903 9.9964E-05 9.9964E-05 0.0314396
0.0695177 0.0611327 9.9982E-05 0.115311 0.341755 0.0959051 0.316178 9.9982E-05
0.261148 9.9982E-05 0.0267568 0.0519583 0.151883 0.0788853 0.429169 9.9982E-05
0.38919 9.9964E-05 9.9964E-05 9.9964E-05 0.346167 0.0472137 0.217029 9.9964E-05
0.331521 9.9982E-05 0.167682 0.0259582 0.270251 0.145904 0.0584831 9.9982E-05
0.262735 9.9973E-05 9.9973E-05 0.00181667 0.278219 0.165143 0.291786 9.9973E-05
0.166767 9.9982E-05 0.0332828 0.144999 0.11481 0.102352 0.437588 9.9982E-05
0.113962 9.9973E-05 0.142683 9.9973E-05 0.672668 0.0586626 0.011724 9.9973E-05
0.0666557 9.9973E-05 0.0573624 9.9973E-05 0.676943 0.0905219 0.108217 9.9973E-05
0.0908205 0.0294238 9.9973E-05 9.9973E-05 0.380468 9.9973E-05 0.494981 0.00400683
0.0522672 9.9964E-05 9.9964E-05 9.9964E-05 0.535997 0.0541746 0.357161 9.9964E-05
0.121518 9.9964E-05 9.9964E-05 9.9964E-05 0.796797 0.0207635 0.0605223 9.9964E-05
0.109099 0.0220492 9.9982E-05 0.0689076 0.289372 0.0768476 0.433524 9.9982E-05
0.115597 0.00486745 9.9982E-05 9.9982E-05 0.358333 0.0191953 0.479126 0.0226819
0.072752 0.0177505 0.00315095 0.126284 0.259099 0.0786261 0.442238 9.9991E-05
9.9982E-05 0.0352478 0.018249 0.0251768 0.603215 0.03977 0.278141 9.9982E-05
0.038247 0.0551555 9.9982E-05 0.1039 0.472322 9.9982E-05 0.273377 0.0567985
9.9973E-05 9.9973E-05 9.9973E-05 0.00729532 0.391971 0.0139818 0.466661 0.119792
0.00447347 0.0647009 9.9991E-05 0.0259615 0.328306 0.055478 0.372787 0.148193
9.9982E-05 0.069838 0.0270895 9.9982E-05 0.237281 0.0568784 0.495892 0.112821
0.225689 0.186524 0.0198256 0.087001 0.0995537 0.0317093 0.31676 0.0329366
9.9973E-05 9.9973E-05 0.148027 0.033099 0.370172 9.9973E-05 0.404667 0.0437347
9.9964E-05 9.9964E-05 9.9964E-05 0.0765877 0.683162 9.9964E-05 0.168117 0.0717335
9.9964E-05 0.0950944 9.9964E-05 9.9964E-05 0.346619 0.015458 0.542428 9.9964E-05
0.0208123 0.0464655 0.141295 0.0747348 0.0812996 0.0776618 0.557631 9.9991E-05
9.9973E-05 0.0470402 9.9973E-05 0.0738912 0.706919 9.9973E-05 0.139308 0.0325419
9.9973E-05 0.0120478 0.0234285 9.9973E-05 0.560193 9.9973E-05 0.386456 0.017574
0.0776703 9.9982E-05 9.9982E-05 0.0921788 0.287334 0.0409271 0.482391 0.0192989
9.9964E-05 9.9964E-05 9.9964E-05 0.0711629 0.477264 9.9964E-05 0.435986 0.0151881
0.142236 9.9982E-05 0.0948169 0.087514 0.0452767 0.155597 0.474359 9.9982E-05
0.134868 9.9982E-05 0.0681171 0.105348 0.153756 0.126941 0.41077 9.9982E-05
0.238452 0.0287215 0.134729 0.155519 0.0428608 0.142222 0.257396 9.9991E-05
0.147087 0.0868251 0.0820694 9.9991E-05 0.0140833 0.0799374 0.516942 0.0729554
0.163543 9.9991E-05 0.0859882 0.00777028 0.097185 0.180489 0.379659 0.0852648
0.244525 0.173426 9.9964E-05 9.9964E-05 9.9964E-05 0.188591 0.393059 9.9964E-05
0.213478 0.041879 9.9991E-05 0.0867693 0.151052 0.10827 0.364118 0.0343332
0.0870697 9.9973E-05 0.158389 9.9973E-05 0.551294 0.188633 9.9973E-05 0.014315
0.178241 9.9964E-05 9.9964E-05 9.9964E-05 0.207514 0.0874375 0.526407 9.9964E-05
0.0902838 9.9964E-05 0.126567 9.9964E-05 0.390589 0.39216 9.9964E-05 9.9964E-05
0.172513 9.9964E-05 9.9964E-05 9.9964E-05 0.360564 0.0217837 0.444739 9.9964E-05
9.9964E-05 0.102893 0.0869246 9.9964E-05 0.786078 9.9964E-05 0.0237045 9.9964E-05
9.9964E-05 0.0361599 0.0189325 0.0414816 0.903026 9.9964E-05 9.9964E-05 9.9964E-05
9.9964E-05 0.0828127 9.9964E-05 0.150172 0.437497 9.9964E-05 0.329119 9.9964E-05
9.9955E-05 0.0297911 9.9955E-05 9.9955E-05 0.39732 9.9955E-05 0.57239 9.9955E-05
9.9982E-05 0.0215883 0.0216871 0.0245189 0.580681 9.9982E-05 0.341521 0.00980384
0.0146592 0.0434137 9.9964E-05 9.9964E-05 0.544426 9.9964E-05 0.397102 9.9964E-05
0.0274404 9.9955E-05 9.9955E-05 9.9955E-05 0.498982 9.9955E-05 0.473078 9.9955E-05
0.0586681 9.9973E-05 9.9973E-05 9.9973E-05 0.103387 0.764946 0.0439852 0.0287138
0.106347 0.0224553 0.0111769 9.9982E-05 0.037768 0.700482 9.9982E-05 0.121571
0.0842111 9.9955E-05 9.9955E-05 9.9955E-05 9.9955E-05 0.849073 9.9955E-05 0.0662167
9.9955E-05 9.9955E-05 9.9955E-05 9.9955E-05 0.0235313 0.938491 0.0374778 9.9955E-05
0.0762613 0.393276 9.9982E-05 9.9982E-05 0.0255903 0.0082227 0.413574 0.0828757
0.0347217 0.311997 9.9973E-05 0.0858345 9.9973E-05 0.0743714 0.492776 9.9973E-05
9.9964E-05 0.454675 9.9964E-05 0.108206 9.9964E-05 0.00312554 0.433594 9.9964E-05
9.9964E-05 0.316083 9.9964E-05 9.9964E-05 9.9964E-05 0.111272 0.534451 0.0377936
9.9982E-05 0.173619 0.107789 0.0524181 9.9982E-05 0.0676114 0.529127 0.0692354
9.9991E-05 0.619763 0.0118224 0.012754 0.0458233 0.0708483 0.17944 0.059449
0.0558674 0.424828 9.9964E-05 0.045574 9.9964E-05 9.9964E-05 0.473331 9.9964E-05
9.9973E-05 0.554169 0.0569319 9.9973E-05 0.0931532 9.9973E-05 0.273263 0.0221827
0.298994 9.9991E-05 0.0568073 0.0219408 0.0645173 0.19358 0.331244 0.0328163
0.0516817 0.375121 0.00270725 0.0291843 0.108932 9.9991E-05 0.397312 0.0349612
9.9964E-05 0.456649 9.9964E-05 0.13683 9.9964E-05 9.9964E-05 0.324298 0.0818235
0.150147 0.201539 9.9982E-05 0.105538 0.103718 0.057034 0.381824 9.9982E-05
9.9964E-05 0.317279 9.9964E-05 0.0496431 0.0725683 9.9964E-05 0.56011 9.9964E-05
0.0230109 0.550359 9.9991E-05 0.0275759 0.0244632 0.00861848 0.350289 0.0155841
9.9955E-05 0.37633 9.9955E-05 9.9955E-05 0.0662833 9.9955E-05 0.556887 9.9955E-05
0.0119397 0.435555 9.9973E-05 0.0120574 9.9973E-05 0.0798708 0.460277 9.9973E-05
9.9955E-05 0.838921 9.9955E-05 9.9955E-05 0.119209 9.9955E-05 0.0413705 9.9955E-05
0.0272463 0.619719 0.090699 0.0718066 0.00547538 9.9982E-05 0.184854 9.9982E-05
0.0208323 0.577527 0.0580964 9.9973E-05 9.9973E-05 9.9973E-05 0.313523 0.0297218
9.9946E-05 0.868453 0.130947 9.9946E-05 9.9946E-05 9.9946E-05 9.9946E-05 9.9946E-05
0.160135 9.9973E-05 0.0655304 0.115053 9.9973E-05 0.195737 0.463245 9.9973E-05
0.0223962 0.340708 0.0324126 0.0758293 0.0560273 0.0499632 0.362372 0.0602914
9.9973E-05 0.652078 0.208306 9.9973E-05 0.0256611 9.9973E-05 0.0565057 0.0571498
9.9955E-05 0.693802 0.263312 9.9955E-05 0.0423868 9.9955E-05 9.9955E-05 9.9955E-05
0.028375 0.363834 9.9964E-05 9.9964E-05 0.0137211 9.9964E-05 0.59367 9.9964E-05
0.015328 0.58662 9.9991E-05 0.048052 0.0279159 0.0662841 0.164719 0.0909811
0.089328 0.418608 0.0471063 0.0298231 9.9982E-05 0.0294046 0.38553 9.9982E-05
0.0764013 0.109646 0.0490622 0.0905309 0.0245202 0.0554287 0.59431 9.9991E-05
9.9973E-05 0.430514 9.9973E-05 0.0489284 9.9973E-05 0.032263 0.476876 0.0111179
0.0579504 9.9982E-05 0.0447962 0.495784 0.163165 9.9982E-05 0.225622 0.0124822
0.0128811 0.331535 9.9982E-05 0.024412 0.121696 9.9982E-05 0.465773 0.0435024
9.9964E-05 0.375952 9.9964E-05 0.174118 9.9964E-05 0.0217695 0.427761 9.9964E-05
9.9964E-05 0.702722 9.9964E-05 9.9964E-05 9.9964E-05 0.00452586 0.283878 0.00847398
0.0885225 0.186219 0.0450592 9.9982E-05 0.209976 0.060696 0.409327 9.9982E-05
9.9973E-05 0.0349295 0.0590358 0.169984 9.9973E-05 0.613614 9.9973E-05 0.122137
0.0181314 0.128777 9.9982E-05 0.0700924 0.000383804 0.739133 9.9982E-05 0.043283
9.9973E-05 0.0011981 0.0846942 0.0457913 9.9973E-05 0.772985 9.9973E-05 0.0950316
9.9973E-05 0.0311385 0.0142647 9.9973E-05 0.0248801 0.773198 9.9973E-05 0.156219
9.9964E-05 0.0284468 0.0565778 9.9964E-05 9.9964E-05 0.709032 9.9964E-05 0.205543
0.0646202 0.704472 9.9982E-05 0.174694 9.9982E-05 0.0165184 0.014813 0.0246828
9.9991E-05 0.638785 0.0178505 0.0649289 0.0794704 0.0612941 0.0694112 0.0681604
0.0167354 0.73695 0.102078 9.9973E-05 0.0623454 9.9973E-05 0.0815907 9.9973E-05
0.0873084 0.255772 9.9982E-05 0.0972278 9.9982E-05 0.0923486 0.415402 0.0517415
0.0581281 0.289995 0.0436999 9.9982E-05 9.9982E-05 0.0804578 0.504239 0.02328
0.0357235 0.648655 0.0570551 9.9973E-05 0.00104335 9.9973E-05 0.257223 9.9973E-05
0.0943221 0.320198 0.0516923 9.9973E-05 0.00236199 9.9973E-05 0.531125 9.9973E-05
0.0762824 0.48268 0.0894819 9.9973E-05 9.9973E-05 0.00500446 0.346251 9.9973E-05
0.0327848 0.17355 0.0998363 9.9991E-05 0.0863515 0.0584123 0.492236 0.0567296
9.9982E-05 0.359841 0.0403072 0.033257 0.0516553 0.0456688 0.46907 9.9982E-05
0.0449008 0.221186 0.0823932 0.0690231 9.9991E-05 0.0227388 0.553295 0.00636298
0.0582301 0.628838 9.9982E-05 0.0413174 0.0387435 9.9982E-05 0.168876 0.0637954
9.9982E-05 0.577228 9.9982E-05 0.0737445 0.00443176 0.0360958 0.288985 0.0193153
9.9964E-05 0.519277 9.9964E-05 0.00943066 9.9964E-05 9.9964E-05 0.29713 0.173762
9.9964E-05 9.9964E-05 0.29331 9.9964E-05 9.9964E-05 0.0313787 0.579635 0.0952766
0.00948126 0.597365 9.9964E-05 0.0700992 9.9964E-05 9.9964E-05 0.322655 9.9964E-05
9.9982E-05 0.47193 9.9982E-05 0.0205282 0.0576235 0.0416055 0.396703 0.0114098
0.407573 0.0286954 0.0205988 9.9991E-05 0.0683321 0.0541415 0.391461 0.0290986
0.359297 9.9982E-05 0.113082 9.9982E-05 0.0256881 0.0749031 0.399991 0.0268386
0.465979 0.00521914 0.0226526 9.9973E-05 9.9973E-05 0.0885042 0.417345 9.9973E-05
0.527199 9.9973E-05 0.0499373 0.0499758 9.9973E-05 0.106 0.266588 9.9973E-05
0.251305 9.9973E-05 0.157637 9.9973E-05 0.0577169 0.070075 0.462967 9.9973E-05
0.0221719 0.27439 0.170981 0.00610905 0.0144667 0.0115719 0.480965 0.0193445
0.627542 9.9973E-05 0.0379663 9.9973E-05 0.0415569 0.267163 0.0254713 9.9973E-05
0.484778 9.9964E-05 9.9964E-05 9.9964E-05 0.107696 0.126137 0.280989 9.9964E-05
0.0981311 0.0466716 0.22406 0.0229785 9.9991E-05 0.0908717 0.4707 0.0464864
9.9964E-05 9.9964E-05 0.215614 0.111935 9.9964E-05 0.10915 0.562901 9.9964E-05
9.9982E-05 0.0184559 0.294383 0.0607875 9.9982E-05 0.10013 0.446838 0.0792054
0.0149064 9.9982E-05 0.275016 0.0615346 9.9982E-05 0.0740125 0.545728 0.0286027
9.9982E-05 0.10889 0.136032 0.0415621 9.9982E-05 0.0494818 0.658331 0.00550357
0.42972 9.9973E-05 9.9973E-05 0.0858123 9.9973E-05 0.191049 0.264848 0.0282708
0.365266 0.0372194 9.9982E-05 0.0662042 9.9982E-05 0.167143 0.353249 0.0107185
0.446095 9.9973E-05 0.0488189 9.9973E-05 9.9973E-05 0.0359971 0.454668 0.0141213
0.344035 0.115719 9.9982E-05 9.9982E-05 0.0520215 0.107105 0.296619 0.0843003
0.536279 0.0760924 0.0495099 0.0110907 9.9991E-05 0.0816495 0.219712 0.0255657
0.367568 0.0139025 0.0898131 9.9982E-05 9.9982E-05 0.0529079 0.393684 0.0819247
0.546446 9.9973E-05 0.0104191 9.9973E-05 0.116245 0.0903431 0.236247 9.9973E-05
0.387127 9.9973E-05 9.9973E-05 0.187081 0.0498413 0.0543993 0.321252 9.9973E-05
0.0197057 9.9982E-05 0.34674 0.0517758 9.9982E-05 0.034086 0.533317 0.0141757
0.293951 0.0180325 0.0517529 9.9982E-05 9.9982E-05 0.204184 0.368652 0.0632263
0.63175 9.9973E-05 0.0778392 9.9973E-05 9.9973E-05 0.113964 0.167579 0.00856741
0.289932 9.9982E-05 9.9982E-05 0.0695404 0.0387347 0.142493 0.428234 0.0308663
0.406601 0.0407131 9.9991E-05 0.0541961 0.0441764 0.114036 0.310254 0.0299228
