9.9991E-05 0.0975775 0.902322
9.999E-05 0.0422129 0.957687
9.999E-05 0.192762 0.807138
9.999E-05 0.181819 0.818081
9.9991E-05 0.12236 0.87754
0.193501 0.123062 0.683437
0.0794541 0.00509924 0.915447
0.138078 0.0572844 0.804637
0.0669528 9.9991E-05 0.932947
0.0889184 0.162433 0.748648
0.13619 0.0417368 0.822073
0.787922 0.103818 0.108261
0.595984 0.386467 0.0175487
0.704754 0.170208 0.125038
0.55772 0.305845 0.136435
0.497874 0.358118 0.144007
0.469082 0.475107 0.0558113
0.670347 0.275202 0.0544511
0.57262 0.244979 0.1824
0.754251 9.9991E-05 0.245649
0.651229 0.291154 0.0576166
0.657285 0.261602 0.0811122
0.635097 0.320052 0.0448516
0.671948 0.224731 0.10332
0.494381 0.476299 0.0293204
0.543043 0.405552 0.0514049
0.714935 0.146496 0.138568
0.603817 0.267874 0.128309
0.807979 0.0809786 0.111042
9.9991E-05 0.212428 0.787472
9.9991E-05 0.180723 0.819177
0.0121635 0.189661 0.798175
0.0353412 0.256442 0.708217
0.635806 0.364094 9.9991E-05
0.587121 0.386353 0.0265265
0.622478 0.377422 9.9991E-05
0.737635 0.0160141 0.246351
0.766945 0.220452 0.0126039
0.581076 0.351374 0.0675508
0.543602 0.456298 9.9991E-05
0.54744 0.370481 0.0820789
0.539857 0.370763 0.0893799
0.886442 0.0696447 0.0439132
0.565153 0.424715 0.010132
0.547622 0.452278 9.9991E-05
0.528628 0.410427 0.0609453
0.862997 0.136903 9.9991E-05
0.588643 0.406034 0.00532288
0.589892 0.392997 0.017112
0.828012 9.9991E-05 0.171888
0.860986 0.0541549 0.0848587
0.770648 0.0425857 0.186767
0.530012 0.38156 0.0884283
0.50949 0.49041 9.9991E-05
0.534449 0.465451 9.9991E-05
0.754148 0.0233999 0.222452
0.655876 0.318317 0.0258064
0.527205 0.403175 0.0696199
0.667679 0.161056 0.171265
0.63482 0.052376 0.312804
0.5643 0.4356 9.9991E-05
0.626345 0.32441 0.0492448
0.815629 9.9991E-05 0.184271
0.71668 0.28322 9.9991E-05
0.576237 0.423663 9.9991E-05
0.545123 0.370398 0.0844791
0.683528 0.171004 0.145469
0.690938 0.308962 9.9991E-05
0.525639 0.388856 0.0855054
0.81691 0.032669 0.150421
0.759928 0.239972 9.9991E-05
0.809027 0.139991 0.0509819
0.620138 0.379762 9.9991E-05
0.960644 9.9991E-05 0.0392559
0.966298 9.9991E-05 0.0336016
0.860841 0.139059 9.9991E-05
0.795476 0.204424 9.9991E-05
0.523878 0.448554 0.0275679
0.755902 0.243998 9.9991E-05
0.827903 0.0761636 0.0959329
0.81325 0.142521 0.0442288
0.592468 0.381843 0.0256893
0.802347 0.197553 9.9991E-05
0.72867 0.27123 9.9991E-05
0.834541 0.165359 9.9991E-05
0.908566 9.9991E-05 0.0913343
0.597073 0.402827 9.9991E-05
0.0228608 0.177413 0.799726
9.9991E-05 0.149066 0.850834
9.9991E-05 0.179655 0.820245
9.9991E-05 0.109968 0.889932
9.9991E-05 0.165769 0.834131
9.9991E-05 0.121286 0.878614
9.9991E-05 0.10911 0.89079
0.577285 0.400893 0.0218222
0.523642 0.476258 9.9991E-05
0.945155 9.9991E-05 0.0547446
0.613375 0.336897 0.0497283
0.715752 0.274065 0.0101835
0.614061 0.38325 0.00268979
0.668386 0.331514 9.9991E-05
0.65216 0.34774 9.9991E-05
0.885291 9.9991E-05 0.114609
0.45785 0.417281 0.12487
0.557498 0.442402 9.9991E-05
0.57319 0.405708 0.0211029
0.782615 0.20012 0.0172648
0.644948 0.354952 9.9991E-05
0.717298 0.255032 0.0276704
0.72096 0.27894 9.9991E-05
0.728149 0.263756 0.00809514
0.542804 0.382633 0.0745636
0.744805 0.108316 0.146879
0.504234 0.276351 0.219416
0.510542 0.350576 0.138882
0.47547 0.424968 0.0995617
0.653187 0.242469 0.104344
0.626156 0.359191 0.0146532
0.699985 0.229238 0.0707769
0.654634 0.278166 0.0671993
0.538371 0.384177 0.0774518
0.625819 0.374081 9.9991E-05
0.677225 0.311788 0.0109877
0.613785 0.386115 9.9991E-05
0.533262 0.446056 0.0206818
0.628771 0.371129 9.9991E-05
0.517284 0.430633 0.0520829
0.596811 0.381833 0.0213563
0.603093 0.191355 0.205552
0.540693 0.459207 9.9991E-05
0.54188 0.45802 9.9991E-05
0.72087 0.152716 0.126414
0.76042 0.0460124 0.193568
0.627591 0.341739 0.0306698
0.878409 0.039829 0.0817618
0.767984 0.0644425 0.167574
0.742538 0.210069 0.0473936
0.767392 0.140807 0.0918009
0.77699 0.143828 0.0791822
0.609593 0.390307 9.9991E-05
0.539625 0.403255 0.0571203
0.689473 0.30253 0.00799662
0.765333 0.129487 0.10518
0.478756 0.401112 0.120132
0.540812 0.42649 0.0326979
0.728116 9.9991E-05 0.271784
0.4817 0.425001 0.0932992
0.663709 0.259722 0.0765696
0.59236 0.380122 0.027518
0.664978 0.125494 0.209528
0.782299 0.0554865 0.162215
0.751859 0.176671 0.0714698
0.581576 0.353899 0.0645242
0.516123 0.373677 0.1102
0.698665 0.0986824 0.202652
0.532213 0.441913 0.0258739
0.85277 0.14713 9.9991E-05
0.769713 0.230187 9.9991E-05
0.597649 0.380408 0.0219436
0.234881 0.356859 0.40826
0.078426 0.167184 0.75439
0.20752 0.104977 0.687503
0.106772 0.42292 0.470308
0.658937 0.340963 9.9991E-05
0.576891 0.360999 0.0621099
0.1212 0.8787 9.9991E-05
0.291464 0.683087 0.0254483
0.320632 0.582148 0.0972205
0.786603 0.106019 0.107378
0.60718 0.388903 0.00391778
0.819871 0.107245 0.0728838
0.66736 0.33254 9.9991E-05
0.648453 0.33399 0.0175572
0.585991 0.413909 9.9991E-05
0.860784 0.04176 0.0974562
0.551122 0.429675 0.0192029
0.625607 0.320313 0.0540801
9.9991E-05 0.928724 0.071176
9.9991E-05 0.959998 0.0399019
0.184621 0.716682 0.0986968
0.0597768 0.846159 0.0940645
0.0536278 0.845023 0.101349
9.9991E-05 0.947976 0.0519238
9.9991E-05 0.917606 0.0822941
0.00462564 0.995274 9.9991E-05
9.9991E-05 0.997863 0.00203685
9.9991E-05 0.951096 0.0488036
9.9991E-05 0.95703 0.0428702
9.9991E-05 0.895215 0.104685
9.9991E-05 0.877961 0.121939
9.9991E-05 0.937938 0.0619625
0.295724 0.657506 0.0467703
0.083614 0.847799 0.0685873
0.0106326 0.89031 0.0990574
9.9991E-05 0.914257 0.085643
9.9991E-05 0.962244 0.0376561
9.9991E-05 0.896645 0.103255
9.9991E-05 0.948372 0.0515276
0.0865351 0.811999 0.101466
9.9991E-05 0.897596 0.102304
0.468457 0.0417473 0.489796
0.493933 0.340614 0.165453
0.447436 0.337025 0.215539
0.456947 0.219385 0.323667
0.474965 0.381854 0.143181
0.443036 0.240341 0.316623
0.377169 0.396911 0.225919
0.460323 0.37329 0.166388
0.408944 0.439706 0.15135
0.332607 0.452197 0.215196
0.461043 0.406007 0.132949
0.0495748 0.0824485 0.867977
9.9991E-05 0.0866248 0.913275
9.9991E-05 0.0288906 0.971009
9.9991E-05 0.0499217 0.949978
9.9991E-05 0.119514 0.880386
9.9991E-05 0.109953 0.889947
9.9991E-05 0.151911 0.847989
9.9991E-05 0.0984324 0.901468
9.9991E-05 0.0943595 0.905541
9.9991E-05 0.166289 0.833611
0.29661 9.9991E-05 0.70329
0.292147 9.9991E-05 0.707753
0.315118 9.9991E-05 0.684782
0.38149 9.9991E-05 0.61841
0.657472 0.28659 0.0559377
0.692963 0.279895 0.0271428
0.683259 0.315636 0.00110453
0.734972 0.206592 0.0584355
0.880776 0.0173315 0.101892
0.546807 0.453093 9.9991E-05
0.651419 0.348481 9.9991E-05
0.732515 0.267385 9.9991E-05
0.731399 0.268501 9.9991E-05
0.595324 0.386884 0.0177919
0.773609 0.226291 9.9991E-05
0.965499 9.9991E-05 0.0344005
0.668254 0.309809 0.0219363
0.825296 0.164792 0.00991174
0.664434 0.335466 9.9991E-05
0.89367 9.9991E-05 0.10623
0.612987 9.9991E-05 0.386913
0.676359 9.9991E-05 0.323541
0.729753 9.9991E-05 0.270147
0.693172 9.9991E-05 0.306728
0.757296 9.9991E-05 0.242604
0.682085 9.9991E-05 0.317815
9.9991E-05 0.18246 0.81744
9.9991E-05 0.186262 0.813638
9.9991E-05 0.248225 0.751675
9.9991E-05 0.215837 0.784063
9.9991E-05 0.207572 0.792328
0.428768 9.9991E-05 0.571132
0.354523 9.9991E-05 0.645377
0.395266 9.9991E-05 0.604634
9.9991E-05 0.231721 0.768179
0.461539 9.9991E-05 0.538361
0.163604 0.574454 0.261942
0.317185 0.575293 0.107522
0.165295 0.691806 0.142899
0.278509 0.456637 0.264855
0.329083 0.524323 0.146593
0.0730888 0.343901 0.58301
0.744144 0.224903 0.0309526
0.728749 0.221944 0.0493075
0.684505 0.118515 0.19698
0.732568 0.267332 9.9991E-05
0.926083 9.9991E-05 0.0738172
0.626817 0.344865 0.0283178
0.662068 0.246987 0.0909449
0.746752 0.133182 0.120065
0.564404 0.341309 0.0942869
0.914189 9.9991E-05 0.0857112
0.731357 0.262565 0.00607804
0.705087 0.294813 9.9991E-05
0.416733 0.433786 0.149481
0.800169 0.199731 9.9991E-05
0.696743 0.291298 0.0119588
0.67089 0.32901 9.9991E-05
0.669245 0.306973 0.0237825
0.546389 0.400921 0.0526904
0.560029 0.367426 0.0725449
0.524043 0.444645 0.031312
9.9991E-05 0.235742 0.764158
9.9991E-05 0.160897 0.839003
0.0660579 0.146144 0.787799
0.0111674 0.137422 0.851411
9.9991E-05 0.190705 0.809195
0.788959 0.0890591 0.121982
0.546568 0.424198 0.0292344
0.370489 0.530793 0.0987187
0.555609 0.444291 9.9991E-05
0.644937 0.297206 0.0578574
0.659618 0.188819 0.151563
0.712641 9.9991E-05 0.287259
0.644349 0.312756 0.0428946
0.73443 0.075814 0.189756
0.636771 0.271977 0.0912528
0.702898 0.0197286 0.277374
0.468218 0.465318 0.0664636
0.72981 0.0575164 0.212674
0.708653 0.229359 0.0619881
0.596742 0.376173 0.0270855
0.767769 0.115601 0.116629
0.619648 0.340533 0.0398196
0.491578 0.383284 0.125138
0.805961 0.12249 0.0715493
0.51969 0.366746 0.113564
0.622269 0.338619 0.0391114
0.9553 9.9991E-05 0.0446003
0.850652 0.0768618 0.072486
0.690847 0.305919 0.00323409
0.874787 9.9991E-05 0.125113
0.765931 0.217991 0.0160789
0.84361 0.00919202 0.147198
0.847532 0.152368 9.9991E-05
0.739765 0.158312 0.101923
0.611073 0.388827 9.9991E-05
0.920264 0.0603391 0.0193968
0.536975 0.404455 0.0585698
0.574576 0.425324 9.9991E-05
0.626383 0.373517 9.9991E-05
0.657342 0.310181 0.0324771
0.653252 0.300373 0.0463751
0.751823 0.181907 0.0662696
0.628089 0.309826 0.0620846
0.640226 0.359674 9.9991E-05
0.588236 0.411664 9.9991E-05
0.705154 0.187987 0.10686
0.616308 0.383592 9.9991E-05
0.616569 0.224577 0.158854
0.684508 0.315392 9.9991E-05
0.561933 0.341333 0.096734
0.509533 0.389397 0.10107
0.232439 0.412927 0.354635
0.409164 0.520735 0.0701013
0.467774 0.487186 0.0450402
0.488286 0.424538 0.0871762
0.359846 0.481842 0.158312
0.721568 0.278332 9.9991E-05
0.39307 0.451369 0.155561
0.471869 0.134199 0.393932
0.325139 0.512471 0.16239
0.396892 0.515987 0.0871206
0.424314 0.515613 0.060073
0.481224 0.348543 0.170233
0.319604 0.549773 0.130623
0.301685 0.600794 0.0975211
0.156568 0.179258 0.664174
0.307915 0.572512 0.119574
0.280985 0.569258 0.149756
0.480738 0.478848 0.0404136
0.281158 0.570441 0.148401
0.431445 0.435005 0.13355
0.620063 0.348607 0.0313301
0.572153 0.409841 0.0180063
0.967062 9.9991E-05 0.0328381
0.901846 9.9991E-05 0.0980536
0.626019 0.340957 0.0330241
0.277422 0.638503 0.0840751
0.280069 0.609902 0.11003
0.282833 0.419725 0.297442
0.30315 0.506222 0.190628
0.668402 0.160698 0.1709
0.628022 0.233059 0.138919
0.592311 0.407589 9.9991E-05
0.502587 0.414612 0.0828009
0.61671 0.24419 0.1391
0.542012 0.42623 0.0317581
0.531203 0.468697 9.9991E-05
0.51198 0.48792 9.9991E-05
0.835102 0.1318 0.0330982
0.760887 0.239013 9.9991E-05
0.624496 0.375404 9.9991E-05
0.730048 0.202418 0.0675332
0.64293 0.35697 9.9991E-05
0.69403 0.30587 9.9991E-05
0.859749 0.124483 0.0157679
0.594381 0.405519 9.9991E-05
0.900583 0.0993165 9.9991E-05
0.7397 0.247832 0.0124676
0.568773 0.379283 0.0519439
0.652167 0.347733 9.9991E-05
0.37102 0.469372 0.159608
0.475334 0.416386 0.10828
0.268003 0.51232 0.219678
0.346551 0.444456 0.208993
0.360779 0.414902 0.224319
0.421652 0.449841 0.128508
0.517355 0.116354 0.366291
0.328097 0.599299 0.0726033
0.315486 0.12927 0.555244
0.449247 0.543901 0.00685227
0.939813 0.0241369 0.0360502
0.896251 9.9991E-05 0.103649
0.753513 0.246387 9.9991E-05
0.629754 0.370146 9.9991E-05
0.804519 0.195381 9.9991E-05
0.747066 0.252834 9.9991E-05
0.644759 0.355141 9.9991E-05
0.0476573 0.164784 0.787559
0.0183715 0.168194 0.813435
9.9991E-05 0.100667 0.899233
9.9991E-05 0.0988766 0.901023
0.678936 0.309414 0.0116503
0.613346 0.32316 0.0634941
0.77064 0.22926 9.9991E-05
0.547489 0.442156 0.0103549
0.669565 0.330335 9.9991E-05
0.859949 0.0876262 0.0524247
0.606182 0.393718 9.9991E-05
0.838487 0.158702 0.00281135
0.280919 0.479689 0.239392
0.739108 0.260792 9.9991E-05
0.827016 0.172884 9.9991E-05
0.652883 0.347017 9.9991E-05
0.778588 0.221312 9.9991E-05
0.650777 0.349123 9.9991E-05
0.618207 0.372663 0.00913001
0.9998 9.999E-05 9.999E-05
0.8153 0.159215 0.0254852
0.800479 0.199421 9.9991E-05
0.989276 9.9991E-05 0.0106235
0.729901 0.234792 0.0353061
0.908209 0.059581 0.03221
0.926746 9.9991E-05 0.0731544
0.59988 0.40002 9.9991E-05
0.840307 0.0982714 0.0614214
0.72601 0.27389 9.9991E-05
0.516117 0.483783 9.9991E-05
0.680247 0.319653 9.9991E-05
0.685913 0.313987 9.9991E-05
0.658982 0.340918 9.9991E-05
0.680583 0.315246 0.00417069
0.868844 0.131056 9.9991E-05
0.582063 0.277966 0.139971
0.230726 9.9991E-05 0.769174
0.110598 0.0887814 0.800621
0.0877893 9.9991E-05 0.912111
0.128019 9.9991E-05 0.871881
0.195777 0.00991622 0.794307
0.843247 0.0549321 0.101821
0.885669 0.0265023 0.087829
0.898967 0.100933 9.9991E-05
0.56719 0.43271 9.9991E-05
0.485981 0.381041 0.132977
0.796758 0.176075 0.0271673
0.561995 0.437905 9.9991E-05
0.672207 0.327693 9.9991E-05
0.647978 0.351922 9.9991E-05
0.582874 0.417026 9.9991E-05
0.836616 0.163284 9.9991E-05
0.812878 0.187022 9.9991E-05
0.810228 0.189672 9.9991E-05
0.635278 0.351248 0.0134745
0.802401 0.197499 9.9991E-05
0.735617 0.263197 0.00118679
0.197108 0.714534 0.0883578
0.198079 0.693836 0.108085
0.172009 0.748391 0.0795996
0.123373 0.684875 0.191752
0.290087 0.661991 0.0479216
0.676862 0.323038 9.9991E-05
9.9991E-05 0.655743 0.344157
0.0600599 0.675292 0.264648
0.432655 0.442153 0.125192
0.601468 0.317333 0.0811991
0.615051 0.272286 0.112663
0.475141 0.414693 0.110166
0.524216 0.401429 0.0743543
0.098909 0.734104 0.166987
0.217491 0.649501 0.133008
0.174349 0.782189 0.0434623
0.329867 0.610791 0.0593425
0.135833 0.715542 0.148626
0.229728 0.649389 0.120883
0.0996943 0.723548 0.176758
0.275816 0.606516 0.117668
0.581681 0.367159 0.0511605
0.263738 0.590328 0.145934
9.9991E-05 0.783817 0.216083
0.339359 0.559198 0.101443
0.653534 0.0956874 0.250778
0.548938 0.450962 9.9991E-05
0.272731 0.549392 0.177878
0.51139 0.37454 0.11407
0.602372 0.308578 0.0890497
0.331305 0.437757 0.230938
0.251939 0.514966 0.233095
0.544158 0.38612 0.0697221
0.185709 0.679776 0.134515
0.132335 0.803154 0.0645117
9.9991E-05 0.721921 0.277979
0.577197 0.369023 0.0537796
0.652354 0.230753 0.116893
0.626186 0.149317 0.224497
0.496692 0.372538 0.13077
0.582008 0.274718 0.143275
0.362918 0.424034 0.213048
0.602999 0.307096 0.0899049
0.324433 0.188152 0.487415
0.297251 0.173288 0.529462
0.484127 0.314478 0.201395
0.294568 0.226351 0.479081
0.114059 0.265591 0.62035
0.513749 0.354804 0.131447
0.326187 0.441449 0.232365
0.356026 0.313782 0.330193
0.353726 0.235184 0.41109
0.443291 0.432672 0.124037
0.481297 0.172502 0.3462
0.279125 0.0771033 0.643772
0.370587 0.521148 0.108266
0.265697 0.538843 0.19546
0.284088 0.377596 0.338316
0.224712 0.622182 0.153106
0.357729 0.520795 0.121476
0.204529 0.60854 0.18693
0.152846 0.465728 0.381426
0.282597 0.537592 0.179811
0.192738 0.595198 0.212065
0.235105 0.497772 0.267123
0.512162 0.249006 0.238832
0.414354 0.503531 0.0821144
0.367109 0.487094 0.145797
0.440736 0.509554 0.0497096
0.189152 0.527092 0.283756
0.322907 0.539854 0.137239
0.220964 0.368891 0.410145
0.328321 0.511111 0.160568
0.198936 0.479955 0.321109
0.105157 0.028006 0.866837
0.733253 9.9991E-05 0.266647
0.75679 9.9991E-05 0.24311
0.719635 9.9991E-05 0.280265
0.783841 9.9991E-05 0.216059
0.74339 9.9991E-05 0.25651
0.825236 9.9991E-05 0.174664
0.69563 9.9991E-05 0.30427
0.557148 9.9991E-05 0.442753
9.9991E-05 0.0790661 0.920834
0.0664588 0.107316 0.826226
9.9991E-05 0.12934 0.87056
0.0789483 0.0731881 0.847864
9.9991E-05 0.116215 0.883685
9.9991E-05 0.0880527 0.911847
0.0119837 0.21252 0.775497
9.9991E-05 0.152123 0.847777
0.0985471 0.161939 0.739514
9.9991E-05 0.125503 0.874397
9.9991E-05 0.0503023 0.949598
0.000793584 0.138687 0.860519
9.9991E-05 0.0593133 0.940587
9.9991E-05 0.141551 0.858349
9.9991E-05 0.183891 0.816009
9.9991E-05 0.201433 0.798467
9.9991E-05 0.254347 0.745553
9.9991E-05 0.229106 0.770794
9.9991E-05 0.205059 0.794841
0.575603 0.285474 0.138923
0.596586 0.403314 9.9991E-05
0.461314 0.371203 0.167483
0.76755 0.0449088 0.187541
0.572028 0.325136 0.102836
0.655407 0.0822351 0.262358
0.549129 0.420605 0.0302656
0.7124 0.194417 0.0931827
0.585771 0.34972 0.0645086
0.667666 0.317416 0.0149178
0.657884 0.233301 0.108816
0.586742 0.413158 9.9991E-05
0.518021 0.407121 0.0748589
0.8473 9.9991E-05 0.1526
0.797871 9.9991E-05 0.202029
0.719859 0.0863777 0.193763
0.521333 0.440795 0.0378725
0.521667 0.366029 0.112303
0.554716 0.337308 0.107976
0.509395 0.425032 0.0655724
0.364559 0.484219 0.151222
0.314138 0.545224 0.140638
0.284015 0.253596 0.46239
0.530256 0.415223 0.0545214
0.380444 0.393002 0.226554
0.232114 0.190725 0.577161
0.250352 0.473973 0.275675
0.203397 0.392157 0.404446
0.362218 0.370116 0.267666
0.375905 0.522175 0.10192
0.357636 0.51357 0.128794
0.339438 0.521083 0.139479
0.391387 0.451719 0.156894
0.127046 0.416375 0.456579
