0.0442321 9.9982E-05 9.9982E-05 0.0855438 0.870024
9.9982E-05 0.015273 9.9982E-05 0.0604229 0.924104
0.0352046 9.9991E-05 0.116765 0.0293605 0.81857
0.0334118 9.9991E-05 0.0893446 0.0634439 0.8137
0.0335898 9.9991E-05 0.0900722 0.0309946 0.845243
0.13351 0.125063 9.9991E-05 0.156197 0.585131
9.9982E-05 0.107781 9.9982E-05 0.0165868 0.875433
0.0417651 0.117888 9.9991E-05 0.113894 0.726353
9.9982E-05 0.0660134 9.9982E-05 0.101964 0.831822
0.0151222 0.0539054 0.144544 9.9991E-05 0.786328
9.999E-05 0.102471 0.000870771 0.144282 0.752276
0.0408435 0.118435 0.340664 0.498904 0.00115276
0.135874 0.0503558 0.499832 0.313838 9.9991E-05
0.155494 0.237972 0.176259 0.428209 0.00206624
0.245333 0.0919499 0.239055 0.397807 0.0258549
0.263478 0.208388 0.276455 0.19995 0.0517282
0.173963 0.00022662 0.540346 0.256617 0.0288476
0.137314 0.191521 0.451798 0.208473 0.0108939
0.0692533 0.102284 0.353939 0.361362 0.113161
0.0852097 0.247907 9.9991E-05 0.648591 0.0181923
0.136072 0.184465 0.370827 0.297154 0.0114811
0.116247 0.224913 0.486655 0.151111 0.0210745
0.0306931 0.0560375 0.645617 0.196638 0.0710148
0.124729 0.207453 0.291254 0.349546 0.0270185
0.135442 0.0706711 0.606131 0.0836803 0.104076
0.108526 0.0671819 0.629667 0.194525 9.9991E-05
0.0907505 0.178046 0.231703 0.496966 0.00253459
0.21686 0.163719 0.215209 0.404112 9.9991E-05
0.0302583 0.284558 0.271837 0.394191 0.019156
0.0740001 9.9982E-05 0.0689287 9.9982E-05 0.856871
0.0540526 9.9991E-05 0.112577 0.015361 0.817909
0.0274978 9.9982E-05 0.150229 9.9982E-05 0.822074
0.0860603 0.033179 0.124961 9.9991E-05 0.7557
9.9991E-05 0.161405 0.626533 0.142776 0.0691862
0.081668 0.225048 0.523078 0.114946 0.0552598
9.9991E-05 0.279844 0.650753 0.0582702 0.0110321
0.0610389 0.132367 0.192888 0.552208 0.0614989
0.0520482 0.391147 0.485071 0.0716339 9.9991E-05
9.9991E-05 0.164592 0.570116 0.152109 0.113083
0.0512562 0.200896 0.731359 9.9991E-05 0.0163887
9.9991E-05 0.114388 0.641835 0.0714521 0.172225
9.9991E-05 0.0588976 0.725768 0.0274832 0.187752
9.9991E-05 0.453049 0.311744 0.207705 0.0274017
0.193487 0.238951 0.50155 0.0659123 9.9991E-05
0.05506 0.232946 0.598521 0.0325203 0.0809533
0.0887379 0.035126 0.628061 0.10675 0.141325
9.9982E-05 0.502932 0.475423 0.0214451 9.9982E-05
0.0555151 0.17279 0.706917 0.00545112 0.0593271
0.056034 0.0775693 0.565948 0.18629 0.114159
9.9982E-05 0.846897 9.9982E-05 0.041654 0.111249
9.9982E-05 0.322611 0.222461 0.454728 9.9982E-05
0.0766835 0.65002 0.0570427 0.207932 0.00832171
0.134166 0.0469193 0.592294 0.21427 0.0123505
0.0927247 0.0153039 0.652988 0.109983 0.129001
0.132756 0.188356 0.570818 0.10797 9.9991E-05
9.9991E-05 0.257808 0.254118 0.37591 0.112064
0.0271369 0.0937743 0.610564 0.232514 0.0360111
0.122667 0.127255 0.58994 0.0466859 0.113453
9.9991E-05 0.210658 0.435177 0.167237 0.186829
0.0806866 0.337223 0.0569132 0.339989 0.185189
0.0660974 0.149238 0.594444 0.131639 0.0585821
0.0568279 0.135489 0.44029 0.305697 0.0616961
9.9991E-05 0.404393 0.0420695 0.525334 0.0281029
0.0939402 0.135397 0.534131 0.236432 9.9991E-05
0.127585 0.185461 0.686754 9.9982E-05 9.9982E-05
0.102034 0.112404 0.507338 0.21472 0.0635047
0.167263 0.306659 0.240075 0.285903 9.9991E-05
0.14696 0.19474 0.524555 0.133645 9.9991E-05
0.127252 0.0590632 0.593154 0.177671 0.0428598
9.9991E-05 0.397307 0.272602 0.316488 0.0135025
9.9982E-05 0.20486 0.667235 0.127705 9.9982E-05
9.9982E-05 0.417063 0.390228 0.19251 9.9982E-05
0.0931327 0.119374 0.653091 0.080196 0.0542056
0.199982 0.0728494 0.401667 0.218786 0.106716
9.9982E-05 0.812792 0.140081 0.0469267 9.9982E-05
9.9982E-05 0.747592 0.194148 0.0580601 9.9982E-05
9.9982E-05 0.560623 0.420973 0.0182042 9.9982E-05
9.9991E-05 0.276886 0.584695 0.0691293 0.0691894
9.9991E-05 0.119378 0.667203 0.0254314 0.187887
9.9991E-05 0.300018 0.636244 0.0499375 0.0137011
9.9991E-05 0.375298 0.359752 0.261617 0.00323287
9.9991E-05 0.283934 0.370309 0.337585 0.00807223
0.0752922 0.245504 0.517179 0.0540995 0.107925
0.0178236 0.385225 0.466444 0.130408 9.9991E-05
0.0131846 0.328454 0.502909 0.116452 0.0390008
9.9973E-05 0.474828 0.524872 9.9973E-05 9.9973E-05
9.9982E-05 0.79463 0.113646 0.091524 9.9982E-05
0.0488811 0.106478 0.70199 0.142551 9.9991E-05
0.0238173 9.9991E-05 0.122793 0.0488995 0.80439
9.9973E-05 9.9973E-05 0.109095 9.9973E-05 0.890605
0.0424891 9.9991E-05 0.0646019 0.00771684 0.885092
9.9973E-05 9.9973E-05 0.0843032 9.9973E-05 0.915397
9.9973E-05 9.9973E-05 0.111191 9.9973E-05 0.888509
9.9973E-05 9.9973E-05 0.0510703 9.9973E-05 0.94863
0.00812445 9.9982E-05 0.0823144 9.9982E-05 0.909361
0.12913 0.219617 0.502914 0.0910864 0.0572522
0.0949695 0.22389 0.561074 0.0961063 0.0239603
9.9982E-05 0.572465 0.239958 0.187377 9.9982E-05
0.170794 0.167871 0.484238 0.129095 0.0480027
9.9991E-05 0.196029 0.592186 0.145493 0.0661915
9.9991E-05 0.156284 0.774091 0.00914589 0.0603792
0.0373864 0.318899 0.612661 9.9991E-05 0.030954
0.0813113 0.372265 0.546224 9.9982E-05 9.9982E-05
9.9991E-05 0.608449 0.0789167 0.305129 0.00740498
0.0520953 0.194987 0.532939 0.097845 0.122133
0.0587852 0.117181 0.740069 9.9991E-05 0.0838647
0.206749 0.0614146 0.453341 0.137096 0.1414
9.9973E-05 0.554461 0.445239 9.9973E-05 9.9973E-05
9.9973E-05 0.309284 0.690416 9.9973E-05 9.9973E-05
0.00610685 0.234606 0.575093 0.152418 0.031776
0.0829912 0.393036 0.411964 0.111909 9.9991E-05
9.9991E-05 0.185633 0.592974 0.193059 0.0282337
0.0796748 0.10331 0.607464 0.119564 0.0899863
0.0654451 0.270522 0.266082 0.344024 0.0539265
0.159575 0.0417115 0.533691 0.16538 0.0996424
0.072555 0.0232695 0.432375 0.343525 0.128276
9.9991E-05 0.0734049 0.658058 0.121184 0.147253
0.0794587 0.133428 0.653591 0.0291779 0.104344
0.00160813 0.0429214 0.535674 0.374975 0.0448225
0.0766685 0.0651074 0.648449 0.209675 9.9991E-05
0.0106351 0.0276612 0.548275 0.394644 0.0187846
0.0354016 0.12425 0.614603 0.150988 0.0747575
0.0658316 0.124611 0.618112 0.165466 0.0259801
9.9991E-05 0.0602947 0.658584 0.196455 0.0845657
9.9982E-05 0.0851025 0.575646 0.339051 9.9982E-05
0.0516727 0.0937668 0.696018 0.0637427 0.0947996
0.117208 0.0802327 0.637136 0.120885 0.0445381
0.054078 0.0414044 0.660304 0.244114 9.9991E-05
0.18363 0.158183 0.520138 0.132685 0.00536426
0.0851529 0.122092 0.581286 0.211369 9.9991E-05
0.0124606 0.204016 0.415566 0.265816 0.102141
0.0651182 0.00989834 0.670626 0.248597 0.00576032
0.153269 0.0915921 0.650926 0.104113 9.9991E-05
0.0395927 0.190288 0.299185 0.463418 0.00751588
0.0416936 0.468256 0.197063 0.241697 0.05129
0.129876 0.0451699 0.592407 0.232447 9.9991E-05
0.0441797 0.59823 0.102714 0.254777 9.9991E-05
9.9991E-05 0.201402 0.331186 0.458133 0.00917876
9.9991E-05 0.0906607 0.532979 0.352959 0.0233009
9.9991E-05 0.192354 0.368397 0.426941 0.012208
9.9982E-05 0.156911 0.369974 0.472915 9.9982E-05
0.0328976 0.0126034 0.738909 0.0998605 0.115729
0.0665846 0.0556684 0.569914 0.212937 0.0948955
0.0493503 0.105558 0.57145 0.272823 0.000818924
0.106129 0.355935 0.148132 0.389705 9.9991E-05
0.0477046 0.110591 0.538352 0.140379 0.162974
0.128466 0.293689 0.505245 0.0397656 0.032834
0.0228506 0.599619 0.0132765 0.166978 0.197276
0.0307585 0.182829 0.712762 9.9991E-05 0.0735503
0.119129 0.419351 0.340022 0.064511 0.056988
0.0855892 0.141493 0.571109 0.0918203 0.109989
0.105483 0.523411 0.18694 0.0766106 0.107556
9.9991E-05 0.521233 0.236846 0.0923322 0.149488
9.9991E-05 0.310076 0.535536 0.104966 0.0493222
0.0626731 0.193595 0.530435 0.093225 0.120072
0.133311 0.225443 0.46021 0.118262 0.0627739
0.100952 0.161202 0.505759 0.0690781 0.163009
0.180694 0.120784 0.548726 0.0488154 0.100981
0.229446 0.575638 9.9991E-05 0.13808 0.0567367
0.0916497 0.146292 0.561472 0.102995 0.0975911
0.157033 0.129921 0.430821 0.143983 0.138241
9.9982E-05 0.47611 0.40469 0.119 9.9982E-05
0.0930253 0.390235 0.459087 0.0575533 9.9991E-05
9.9991E-05 0.157247 0.620831 0.0770625 0.144759
0.194585 0.0888057 0.512908 0.0704505 0.133251
0.301809 0.205114 0.129582 0.0242204 0.339275
0.168749 0.205213 9.9982E-05 9.9982E-05 0.625838
0.152647 0.347796 9.9982E-05 9.9982E-05 0.499357
0.345406 0.122219 0.0249456 0.0762279 0.431201
0.0175267 0.280066 0.691701 0.0106064 9.9991E-05
0.169118 0.161207 0.585961 0.0320543 0.0516602
0.704017 9.9973E-05 0.295683 9.9973E-05 9.9973E-05
0.411586 0.00347617 0.405204 0.111673 0.0680609
0.419703 0.0742616 0.356025 0.0606559 0.0893548
0.0605511 0.603257 0.283089 9.9991E-05 0.0530034
0.0386798 0.284817 0.504702 9.9991E-05 0.171701
0.125933 0.647324 0.186951 0.00254964 0.0372421
0.014552 0.25369 0.694093 9.9991E-05 0.0375655
0.011175 0.328421 0.547203 0.0561045 0.0570961
0.131772 0.256622 0.547157 0.0167501 0.0476998
0.0370247 0.633319 0.21759 0.0612724 0.0507939
0.11244 0.176597 0.631555 0.0310538 0.0483544
0.134573 0.223891 0.502926 0.0819502 0.056659
0.327828 0.0351676 0.369566 0.173206 0.0942332
0.9996 9.997E-05 9.997E-05 9.997E-05 9.997E-05
0.92544 9.9973E-05 0.0742599 9.9973E-05 9.9973E-05
0.577996 0.0578375 0.31734 0.0234109 0.0234154
0.680882 9.9973E-05 0.318818 9.9973E-05 9.9973E-05
0.853597 9.9973E-05 0.146103 9.9973E-05 9.9973E-05
0.9996 9.997E-05 9.997E-05 9.997E-05 9.997E-05
0.980696 0.00539373 9.9982E-05 0.0137098 9.9982E-05
0.86348 9.9973E-05 0.13622 9.9973E-05 9.9973E-05
0.964653 9.9982E-05 0.0117833 0.0233635 9.9982E-05
0.9996 9.997E-05 9.997E-05 9.997E-05 9.997E-05
0.9996 9.997E-05 9.997E-05 9.997E-05 9.997E-05
0.749157 9.9982E-05 0.220134 9.9982E-05 0.0305089
0.811674 9.9991E-05 0.0880929 0.0676807 0.0324521
0.9996 9.997E-05 9.997E-05 9.997E-05 9.997E-05
0.452857 0.124252 0.304159 0.101568 0.0171653
0.739228 9.9982E-05 0.125102 0.13547 9.9982E-05
0.793229 9.9982E-05 0.105565 9.9982E-05 0.101006
0.894424 9.9991E-05 0.0310623 0.0586462 0.0157674
0.9996 9.997E-05 9.997E-05 9.997E-05 9.997E-05
0.894298 0.00864884 0.0715719 9.9991E-05 0.0253808
0.9996 9.997E-05 9.997E-05 9.997E-05 9.997E-05
0.64383 9.9991E-05 0.207736 0.0659868 0.0823469
0.926417 0.0140094 0.00450866 0.0549652 9.9991E-05
0.0379127 0.515827 9.9982E-05 9.9982E-05 0.44606
0.0959036 0.167593 0.408351 0.124024 0.204129
0.0288258 0.195863 0.48985 0.000620713 0.284841
0.175452 0.418707 0.129509 9.9991E-05 0.276231
0.156397 0.159368 0.434557 0.11889 0.130787
0.15322 0.417877 0.121752 9.9991E-05 0.307051
0.0783091 0.147776 0.492959 0.0498454 0.23111
0.208177 0.278734 0.34548 9.9991E-05 0.16751
0.164769 0.21724 0.44309 9.9991E-05 0.174801
0.270591 0.226247 0.319294 9.9991E-05 0.183768
0.127429 0.206906 0.503171 9.9991E-05 0.162394
0.148159 0.132138 0.468131 9.9991E-05 0.251473
9.9991E-05 0.0359061 0.0544107 0.0565578 0.853025
0.0358397 0.0513953 9.9982E-05 9.9982E-05 0.912565
9.9982E-05 9.9982E-05 0.0251609 0.0135498 0.961089
9.9982E-05 9.9982E-05 0.0102469 0.0398842 0.949669
0.0221122 9.9991E-05 0.024088 0.0613399 0.89236
0.0514476 0.0652648 9.9982E-05 9.9982E-05 0.883088
0.0596299 9.9982E-05 0.0262245 9.9982E-05 0.913946
0.0255848 0.0666634 0.0128494 0.000807558 0.894095
0.0157548 0.0358245 0.00861638 0.0283666 0.911438
0.122819 0.00605169 9.9991E-05 0.0295547 0.841475
9.9982E-05 0.164976 9.9982E-05 0.227576 0.607248
0.0270905 0.036853 9.9991E-05 0.359095 0.576861
9.9982E-05 0.169927 9.9982E-05 0.293122 0.53675
9.9982E-05 0.176514 9.9982E-05 0.33534 0.487946
9.9991E-05 0.149905 0.590713 0.169402 0.0898799
0.099015 0.206327 0.548234 0.146324 9.9991E-05
0.024194 0.162607 0.570796 0.164824 0.0775784
0.150481 0.213126 0.453984 0.120787 0.0616217
9.9991E-05 0.17317 0.440125 0.327085 0.0595188
0.00900019 0.126677 0.248512 0.61571 9.9991E-05
0.134765 0.188884 0.61046 0.0657913 9.9991E-05
0.035711 0.166322 0.698362 0.0995051 9.9991E-05
9.9982E-05 0.300717 0.556084 0.142998 9.9982E-05
0.0116074 0.501774 0.486418 9.9982E-05 9.9982E-05
9.9991E-05 0.0921674 0.749885 0.130748 0.0270997
0.00388479 0.268901 0.551348 0.175766 9.9991E-05
9.9982E-05 0.851791 0.0206315 0.127378 9.9982E-05
0.0852196 0.248786 0.491466 0.174429 9.9991E-05
0.0120147 0.586132 0.383172 0.00140569 0.0172758
9.9991E-05 0.302825 0.659763 0.024364 0.0129483
9.9982E-05 0.510925 0.227222 0.261653 9.9982E-05
9.9991E-05 0.0272498 0.0150356 0.820671 0.136943
9.9991E-05 0.00849186 0.0607605 0.809545 0.121103
9.9991E-05 0.0915861 0.00110063 0.868845 0.0383687
9.9982E-05 0.0834015 9.9982E-05 0.831448 0.0849504
0.0416604 0.0956108 9.9982E-05 0.862529 9.9982E-05
0.0707871 0.00830518 0.0412911 0.814018 0.0655985
0.0280463 9.9982E-05 0.0750428 9.9982E-05 0.896711
0.100766 9.9991E-05 0.0287653 0.0817419 0.788626
0.158465 9.9982E-05 0.0779886 9.9982E-05 0.763346
0.0890562 9.9991E-05 0.0663104 0.100314 0.744219
0.0436835 9.9991E-05 0.120303 0.0394544 0.796459
9.9982E-05 0.0370798 9.9982E-05 0.587723 0.374997
9.9982E-05 0.137827 9.9982E-05 0.400088 0.461885
9.9982E-05 0.115449 9.9982E-05 0.43622 0.448131
0.0626804 9.9991E-05 0.0751966 0.0594165 0.802607
9.9982E-05 0.077529 9.9982E-05 0.537497 0.384774
0.409757 0.109073 0.213011 0.0121463 0.256013
0.311914 9.9991E-05 0.447096 0.0903302 0.15056
0.294143 9.9982E-05 0.526059 9.9982E-05 0.179598
0.275607 0.170517 0.250884 0.0142684 0.288724
0.182608 0.191903 0.421007 0.0196999 0.184782
0.330565 0.156779 9.9982E-05 9.9982E-05 0.512457
9.9982E-05 0.097166 0.548425 0.354209 9.9982E-05
0.0405607 0.281606 0.435007 0.209796 0.0330303
0.0370267 0.015071 0.299283 0.549835 0.0987841
0.00284775 0.288893 0.573811 0.119311 0.0151364
9.9973E-05 0.83509 9.9973E-05 0.16461 9.9973E-05
0.0455361 0.119113 0.585542 0.137227 0.112581
0.0152787 0.156326 0.613763 0.184669 0.0299626
9.9991E-05 0.159719 0.400006 0.429119 0.0110562
0.0405799 0.0184214 0.665752 0.140543 0.134704
0.00145698 0.505524 0.212947 0.267971 0.0121004
0.107705 0.232303 0.440706 0.207839 0.0114477
0.0158698 0.0681039 0.607761 0.308165 9.9991E-05
0.275422 0.111301 0.396303 0.114104 0.10287
0.0351252 0.300668 0.468435 0.195672 9.9991E-05
0.00919371 0.18927 0.487797 0.272494 0.0412456
0.128097 0.188131 0.519396 0.164276 9.9991E-05
0.0162401 0.176152 0.608255 0.17165 0.0277039
0.0729581 0.107074 0.681227 0.0890896 0.0496509
0.0462263 0.139725 0.541867 0.107402 0.16478
0.0609019 0.150259 0.638392 0.102076 0.0483712
0.134496 9.9982E-05 0.0686968 9.9982E-05 0.796608
0.0142075 0.0065857 0.104544 9.9991E-05 0.874563
0.0114923 0.0744436 0.0857798 0.0538994 0.774385
0.00831512 0.0533252 0.0996078 9.9991E-05 0.838652
0.0047014 9.9982E-05 0.122275 9.9982E-05 0.872824
0.0569842 0.195788 0.196456 0.536302 0.0144698
0.0869446 0.152139 0.549567 0.149281 0.0620691
0.275864 0.124419 0.447022 9.9991E-05 0.152595
0.096509 9.9982E-05 0.660779 0.242512 9.9982E-05
9.9991E-05 0.131245 0.625479 0.178337 0.0648393
0.111239 0.259696 0.244183 0.367394 0.0174887
9.9982E-05 0.321913 9.9982E-05 0.523812 0.154075
0.107043 0.0331414 0.489804 0.349068 0.0209443
0.0808859 0.124918 0.168512 0.579413 0.0462708
0.104343 0.279515 0.421819 0.139901 0.0544216
0.0351514 0.197942 0.147933 0.496118 0.122856
0.129311 0.0601453 0.565036 0.223303 0.0222038
0.0241892 0.0974093 0.266052 0.505976 0.106374
0.0122017 0.103951 0.677851 0.0394535 0.166543
0.0729325 0.22397 0.398964 0.245312 0.0588211
0.0551172 0.194963 0.542475 0.141837 0.0656084
9.9991E-05 0.492403 0.372352 0.062478 0.0726668
0.0243591 0.205648 0.622305 0.0828688 0.0648193
0.0333709 0.186058 0.620248 9.9991E-05 0.160224
9.9991E-05 0.42193 0.414887 0.136945 0.0261379
0.066339 0.245937 0.504803 9.9991E-05 0.182821
0.0811359 0.210451 0.504516 0.148421 0.0554762
9.9982E-05 0.298957 0.605118 9.9982E-05 0.0957249
9.9982E-05 0.703753 0.19514 0.100907 9.9982E-05
9.9991E-05 0.63149 0.299148 0.0150255 0.0542366
0.0391949 0.347905 0.466587 0.0995718 0.0467419
9.9991E-05 0.613094 0.224075 0.13485 0.027882
9.9991E-05 0.326442 0.53215 0.119491 0.0218167
0.0619247 0.203993 0.118883 0.615099 9.9991E-05
0.0279061 0.307696 0.308525 0.355773 9.9991E-05
0.0604869 0.0596959 0.429445 0.4118 0.0385726
0.152072 9.9982E-05 0.563012 0.284716 9.9982E-05
9.9982E-05 0.138373 0.32863 0.532797 9.9982E-05
0.146525 0.206147 0.453727 0.17926 0.0143405
0.0916552 9.9991E-05 0.597787 0.247025 0.0634332
0.119331 0.166339 0.534259 0.179971 9.9991E-05
0.105883 0.17134 0.43183 0.266959 0.0239888
0.0228118 0.113609 0.544846 0.318633 9.9991E-05
0.0777637 0.112919 0.267864 0.541354 9.9991E-05
0.0936985 0.13651 0.353741 0.41595 9.9991E-05
0.0151185 0.137564 0.669291 0.177926 9.9991E-05
0.13425 0.171846 0.545677 0.148127 9.9991E-05
9.9991E-05 0.284712 0.409255 0.223908 0.0820253
0.131354 0.113674 0.459345 0.295527 9.9991E-05
0.110565 0.0917844 0.361529 0.417009 0.0191132
0.0468242 0.0195795 0.711387 0.206847 0.0153619
0.128831 0.102788 0.504881 0.241975 0.0215248
0.159935 0.0715313 0.519572 0.171628 0.0773334
0.188314 0.109354 0.360857 0.0161749 0.325301
0.217161 0.137275 0.496047 0.0261127 0.123404
0.195274 0.0583192 0.481624 0.0937313 0.171052
0.187709 0.0800668 0.59802 0.094204 0.0399998
0.22882 0.0607739 0.49385 9.9991E-05 0.216456
0.0729505 0.29206 0.449218 0.185672 9.9991E-05
0.184068 0.0266901 0.553369 0.124513 0.11136
0.197766 0.52302 0.00194218 9.9991E-05 0.277172
0.20658 0.109484 0.381164 0.108913 0.193858
0.203965 0.0100492 0.526251 0.128028 0.131707
0.316963 0.0937637 0.450989 0.121704 0.0165807
0.152288 0.272579 0.260594 0.118221 0.196318
0.141879 0.0272615 0.583938 9.9991E-05 0.246821
0.187088 0.0897873 0.529638 0.0507185 0.142767
0.167935 0.268827 9.9982E-05 9.9982E-05 0.563038
0.212105 0.0140643 0.566449 9.9991E-05 0.207281
0.28222 0.0201368 0.489912 0.0519918 0.155739
0.104148 0.0854503 0.620835 0.0332286 0.156339
0.264968 9.9991E-05 0.491642 0.036333 0.206957
0.14243 0.126526 0.496219 0.0884195 0.146405
0.131268 0.320305 0.459214 0.0689855 0.0202283
0.1223 0.177328 0.480235 0.105182 0.114955
0.0333333 0.802699 0.0650555 0.0988118 9.9991E-05
0.154597 0.183611 0.364244 0.199539 0.0980092
0.113225 0.0581666 0.54956 0.106231 0.172816
0.00401921 0.81042 0.0818109 0.0999367 0.0038131
0.173095 0.227033 0.513171 0.064707 0.0219942
0.430813 0.106614 0.292128 9.9991E-05 0.170344
0.442797 0.218253 0.237465 9.9991E-05 0.101386
0.430706 0.343352 0.0470772 9.9991E-05 0.178764
0.31445 0.13502 0.375017 9.9991E-05 0.175412
0.158722 0.140705 0.449573 0.147232 0.103768
0.16636 0.654738 0.058829 9.9991E-05 0.119972
0.144812 0.572869 0.143808 9.9991E-05 0.138412
0.147128 0.296931 0.551456 9.9991E-05 0.00438499
0.150501 0.320351 0.453079 9.9991E-05 0.075969
0.183474 0.566756 0.178256 0.0223307 0.0491837
0.187771 0.157824 0.513287 0.0375586 0.10356
0.317242 0.253307 0.429252 9.9982E-05 9.9982E-05
0.213057 0.207398 0.453369 0.0539579 0.0722182
9.9982E-05 0.515645 0.39029 0.0938652 9.9982E-05
0.0640786 0.384648 0.512405 0.0387684 9.9991E-05
0.0215993 0.228711 0.632093 0.0458544 0.0717419
0.0977498 0.296396 0.391929 0.173744 0.0401814
0.0275628 0.0608803 0.621995 0.0353369 0.254225
0.0951143 0.216992 0.519838 0.123381 0.0446745
0.0540477 0.425912 0.519422 9.9991E-05 0.00051845
0.013575 0.532923 0.309276 0.144126 9.9991E-05
0.0329821 0.250444 0.652283 9.9991E-05 0.0641911
0.104255 0.179498 0.55819 0.0380671 0.11999
0.0232492 0.611632 0.289706 0.0753135 9.9991E-05
0.0692391 0.460732 0.438667 0.0312621 9.9991E-05
9.9991E-05 0.183515 0.732447 0.0357766 0.0481611
0.0260536 0.269078 0.554537 0.119179 0.031153
0.234751 0.0639156 0.559695 0.0132535 0.128385
0.173839 0.0853672 0.395605 0.185382 0.159808
0.302537 0.231557 0.265955 9.9991E-05 0.199851
0.169275 0.0945059 0.508126 0.0374269 0.190666
0.19246 0.0957359 0.33573 0.157215 0.21886
0.336992 0.150874 0.370172 0.0979075 0.0440549
0.194366 0.126893 0.510006 9.9991E-05 0.168635
0.208596 0.579835 9.9991E-05 0.0352532 0.176216
0.328344 0.0426529 0.529218 0.0969517 0.002833
0.171358 0.400137 9.9982E-05 9.9982E-05 0.428304
0.275994 0.203075 0.477363 9.9991E-05 0.0434677
9.9973E-05 0.829928 0.169772 9.9973E-05 9.9973E-05
0.0347284 0.941485 9.9991E-05 0.0221739 0.00151246
9.9982E-05 0.414761 0.571322 0.0137164 9.9982E-05
9.9973E-05 0.272116 0.727584 9.9973E-05 9.9973E-05
0.0307834 0.484252 0.430267 0.0545968 9.9991E-05
0.0252306 0.293534 0.587861 0.0932746 9.9991E-05
0.0358978 0.38159 0.582312 9.9982E-05 9.9982E-05
0.0683532 0.0623998 0.0499128 0.00487495 0.814459
0.122131 9.9982E-05 9.9982E-05 0.142525 0.735145
0.0287611 9.9982E-05 9.9982E-05 0.0425717 0.928467
9.9973E-05 9.9973E-05 0.0486469 9.9973E-05 0.951053
0.0158129 0.333483 0.535429 0.0536138 0.061661
9.9991E-05 0.189154 0.657047 0.0626478 0.091051
9.9982E-05 0.268656 0.67476 0.056384 9.9982E-05
9.9991E-05 0.201947 0.691594 0.0169158 0.0894429
0.11323 0.0681676 0.54327 0.177115 0.0982182
9.9982E-05 0.448871 0.378665 0.172264 9.9982E-05
9.9991E-05 0.181754 0.740869 0.0556305 0.0216465
9.9991E-05 0.517197 0.455321 0.0141786 0.0132039
0.169748 0.0333485 0.488411 9.9991E-05 0.308392
0.0586357 0.373055 0.529779 0.0384299 9.9991E-05
9.9982E-05 0.368097 0.476718 0.154985 9.9982E-05
0.199163 0.207022 0.403571 0.0918175 0.0984258
0.0107967 0.256493 0.645824 0.0867868 9.9991E-05
0.000933744 0.280635 0.553721 0.144737 0.0199737
0.0075881 0.292645 0.695019 0.00464772 9.9991E-05
9.9982E-05 0.198293 0.718654 9.9982E-05 0.0828531
9.9973E-05 0.777237 0.222464 9.9973E-05 9.9973E-05
9.9991E-05 0.528075 0.353938 0.107078 0.0108089
9.9982E-05 0.487613 0.449322 0.0628648 9.9982E-05
9.9973E-05 0.931319 0.0683814 9.9973E-05 9.9973E-05
0.172613 0.108764 0.430083 0.0261068 0.262433
9.9991E-05 0.247619 0.588631 0.161175 0.00247503
9.9982E-05 0.671308 0.293729 0.0347627 9.9982E-05
9.9982E-05 0.947813 0.0305662 0.0214212 9.9982E-05
0.0239429 0.267711 0.708146 9.9982E-05 9.9982E-05
9.9991E-05 0.50196 0.324153 0.144878 0.0289088
0.0839894 0.319106 0.47656 0.120245 9.9991E-05
0.0644095 0.193997 0.589438 0.00702595 0.145129
9.9982E-05 0.224705 0.65148 0.123614 9.9982E-05
0.103668 0.273358 0.359569 0.263305 9.9991E-05
9.9982E-05 0.250963 0.621536 0.127301 9.9982E-05
0.00417865 0.23235 0.558098 0.119668 0.0857057
9.9982E-05 0.473337 0.493338 0.033125 9.9982E-05
0.0548037 0.222092 0.576017 0.0765557 0.0705316
0.00791251 0.0974706 9.9991E-05 0.253139 0.641378
9.9982E-05 9.9982E-05 0.104012 0.145664 0.750123
9.9982E-05 0.0565157 9.9982E-05 0.125274 0.81801
9.9982E-05 9.9982E-05 0.00127699 0.165257 0.833266
9.9982E-05 9.9982E-05 0.0194933 0.24537 0.734936
9.9982E-05 0.460027 0.310162 0.229611 9.9982E-05
9.9991E-05 0.611725 0.223477 0.152187 0.0125102
9.9973E-05 0.642243 0.357457 9.9973E-05 9.9973E-05
0.167512 0.115504 0.635856 0.0571282 0.0239999
0.0765949 0.13086 0.563388 0.133746 0.0954115
9.9982E-05 0.498043 0.421384 9.9982E-05 0.0803728
0.0823319 0.242754 0.674714 9.9982E-05 9.9982E-05
9.9982E-05 0.37217 0.559435 9.9982E-05 0.0681955
0.0151806 0.194713 0.629721 9.9991E-05 0.160285
9.9991E-05 0.228549 0.653787 0.075 0.0425645
9.9982E-05 0.159917 0.709313 9.9982E-05 0.130569
9.9982E-05 0.478061 0.379996 0.141743 9.9982E-05
9.9982E-05 0.361981 0.511025 0.126795 9.9982E-05
9.9982E-05 0.304063 0.489939 0.205798 9.9982E-05
0.00787288 0.229859 0.655524 0.0129335 0.0938109
9.9991E-05 0.364378 0.526108 0.106137 0.00327637
0.00669992 0.340056 0.522159 0.102663 0.0284223
0.431908 0.0525788 0.404354 0.0238846 0.0872753
0.458002 9.9991E-05 0.441364 0.0178773 0.0826566
0.408594 9.9982E-05 0.446597 9.9982E-05 0.144609
0.464583 0.0319376 0.310386 9.9991E-05 0.192993
0.355202 0.041936 0.44442 0.0325442 0.125898
0.0774209 0.411034 0.495699 0.0157459 9.9991E-05
0.659838 0.0658185 0.0204022 9.9991E-05 0.253841
0.504055 0.00720025 0.284481 0.0107343 0.193529
0.170565 0.195418 0.453484 9.9991E-05 0.180433
9.9991E-05 0.128223 0.593818 0.0977017 0.180157
0.0568775 0.255188 0.436349 0.127161 0.124425
0.0324484 0.17869 0.615546 0.0328924 0.140423
0.000156536 0.133778 0.705175 0.00533324 0.155557
0.454476 9.9982E-05 0.397432 9.9982E-05 0.147893
0.358088 9.9991E-05 0.455764 0.0808888 0.105159
0.530004 9.9982E-05 0.396748 9.9982E-05 0.0730478
0.399418 0.121672 0.300392 0.0583434 0.120175
0.512676 9.9982E-05 0.338069 9.9982E-05 0.149055
0.421032 0.0280196 0.346491 9.9991E-05 0.204357
0.570695 0.00915921 0.221017 0.0231122 0.176016
0.436515 0.0346524 0.373719 0.123374 0.0317396
9.9991E-05 0.290326 0.570544 0.0380241 0.101006
0.34764 9.9991E-05 0.34689 0.108794 0.196576
0.661436 9.9991E-05 0.124044 0.0233672 0.191053
0.287132 9.9991E-05 0.387758 0.11146 0.21355
0.421345 0.0837656 0.275334 0.0881546 0.131402
9.9991E-05 0.384013 0.208008 0.246589 0.16129
0.158047 0.193183 0.592098 0.0496011 0.00707151
0.369749 0.0607086 0.378922 0.0828868 0.107734
0.0870124 0.0675642 0.590346 0.162796 0.0922821
0.0291036 0.15474 0.563535 0.066649 0.185973
0.239026 0.0840723 0.441916 0.0156145 0.21937
0.382844 0.0584324 0.306097 0.0677326 0.184894
0.182329 0.0796234 0.589872 0.0896491 0.0585268
0.287712 0.00215938 0.540059 9.9991E-05 0.16997
0.335619 0.0695535 0.448879 9.9991E-05 0.145849
0.497648 0.0155792 0.389242 9.9991E-05 0.0974316
0.651516 9.9982E-05 0.17904 9.9982E-05 0.169245
0.0812354 0.0896411 0.607965 0.122238 0.0989212
9.9991E-05 0.251522 0.520669 0.0734063 0.154302
0.107948 0.599763 0.0983043 9.9991E-05 0.193886
0.19121 0.0896187 0.548577 0.113058 0.0575363
0.0935289 0.131637 0.429722 0.251594 0.0935179
0.18248 0.141384 0.484031 9.9991E-05 0.192005
0.183189 0.176186 0.456689 0.100481 0.0834548
0.243602 0.403884 9.9982E-05 9.9982E-05 0.352314
0.148142 0.454652 9.9982E-05 9.9982E-05 0.397006
0.146014 0.321666 0.303198 0.0190649 0.210058
0.269977 0.333066 9.9982E-05 9.9982E-05 0.396757
0.225709 0.268319 9.9982E-05 9.9982E-05 0.505772
0.10818 0.308258 0.380841 9.9991E-05 0.202621
0.171223 0.277795 0.328561 9.9991E-05 0.222321
0.196809 0.24671 0.162738 0.0578623 0.33588
0.268728 0.35318 0.014633 9.9991E-05 0.36336
0.186513 0.224589 0.47379 0.00306221 0.112046
0.217304 0.381558 0.121853 9.9991E-05 0.279185
0.0883406 0.369685 9.9982E-05 9.9982E-05 0.541775
0.184008 0.077533 0.527452 0.0698362 0.141171
0.271459 0.104664 0.314536 0.0791564 0.230185
0.189976 9.9991E-05 0.486644 0.0286774 0.294603
0.208253 9.9982E-05 0.613863 9.9982E-05 0.177684
0.117945 0.0726256 0.420077 0.164128 0.225224
0.247999 0.0401613 0.54097 0.0154128 0.155457
0.290232 0.0224014 0.541701 0.0256734 0.119992
0.148521 9.9982E-05 0.418198 9.9982E-05 0.433081
0.208343 9.9991E-05 0.515936 0.0348827 0.240739
0.226141 9.9982E-05 0.488761 9.9982E-05 0.284898
0.2128 0.0738046 0.358747 9.9991E-05 0.354548
0.14503 0.19756 0.370154 0.122808 0.164448
0.128837 0.0496118 0.53419 0.106647 0.180714
0.106925 0.0428203 0.55329 0.109214 0.187751
0.122771 0.152081 0.644559 9.9991E-05 0.080489
0.321848 9.9991E-05 0.331492 0.0453244 0.301236
0.208252 0.0614579 0.448431 0.0568947 0.224965
0.209585 0.196187 0.209711 9.9991E-05 0.384417
0.28834 9.9991E-05 0.456168 0.107433 0.147959
0.279446 0.155011 0.262477 9.9991E-05 0.302966
9.9982E-05 0.0569322 9.9982E-05 0.141131 0.801737
9.9982E-05 9.9982E-05 0.175917 0.74819 0.0756925
9.997E-05 9.997E-05 9.997E-05 0.9996 9.997E-05
9.9973E-05 9.9973E-05 9.9973E-05 0.972737 0.0269629
9.9973E-05 9.9973E-05 0.027024 0.972676 9.9973E-05
0.0403096 9.9982E-05 0.00991338 0.949577 9.9982E-05
9.9973E-05 9.9973E-05 0.0666655 0.933035 9.9973E-05
9.9973E-05 9.9973E-05 9.9973E-05 0.947301 0.0523995
9.9973E-05 9.9973E-05 9.9973E-05 0.825384 0.174316
0.00146241 9.9991E-05 0.0289834 0.0438029 0.925651
9.9982E-05 9.9982E-05 0.0718409 0.0857591 0.8422
0.07223 0.0231181 9.9991E-05 0.0338143 0.870738
9.9991E-05 0.0232188 0.0493737 0.141638 0.785669
0.0542392 9.9991E-05 0.0171454 0.0562917 0.872224
0.0147415 9.9982E-05 9.9982E-05 0.0985207 0.886538
0.186628 9.9982E-05 9.9982E-05 0.091408 0.721764
0.078553 9.9991E-05 0.0493008 0.0131907 0.858855
0.0461176 9.9991E-05 0.0715418 0.11657 0.765671
0.0725694 9.9973E-05 9.9973E-05 9.9973E-05 0.927131
9.9973E-05 9.9973E-05 9.9973E-05 0.0173187 0.982381
0.0357183 0.0464013 0.0546502 0.0305203 0.83271
0.0307721 9.9982E-05 9.9982E-05 0.0416954 0.927332
0.0206454 9.9982E-05 0.0812605 9.9982E-05 0.897894
0.0209728 9.9991E-05 0.0568685 0.0727024 0.849356
9.9973E-05 9.9973E-05 0.111181 9.9973E-05 0.888519
0.121923 9.9982E-05 0.0568047 9.9982E-05 0.821072
0.113426 9.9982E-05 0.106372 9.9982E-05 0.780002
0.0402918 9.9982E-05 0.111778 9.9982E-05 0.84773
9.9991E-05 0.29578 0.41879 0.0434679 0.241862
9.9982E-05 0.123245 0.757869 9.9982E-05 0.118686
0.0743155 0.141777 0.581667 0.0350152 0.167226
0.0338397 0.672064 0.153756 9.9991E-05 0.14024
9.9991E-05 0.173389 0.567172 0.103645 0.155695
0.0615714 0.672024 0.071343 9.9991E-05 0.194961
0.0713905 0.183572 0.638976 0.00226278 0.103799
9.9991E-05 0.306276 0.497754 0.100414 0.0954564
9.9991E-05 0.245928 0.615348 0.0307788 0.107845
0.0959995 0.224659 0.51122 0.102741 0.0653808
9.9991E-05 0.2339 0.518183 0.129973 0.117844
0.0705595 0.165046 0.697683 9.9991E-05 0.0666109
0.0119739 0.0960727 0.621629 0.130034 0.14029
0.0584527 0.393448 0.104598 0.443401 9.9991E-05
9.9982E-05 0.804798 9.9982E-05 0.0618675 0.133135
0.0219916 0.630064 0.194613 0.00403875 0.149292
0.0997924 0.0436882 0.674906 0.0950133 0.0865997
0.0137182 0.231354 0.608017 9.9991E-05 0.146811
9.9982E-05 0.173864 0.577908 9.9982E-05 0.248028
0.17172 0.215958 0.585375 9.9991E-05 0.026847
0.148865 0.120991 0.498871 9.9991E-05 0.231172
0.213983 9.9991E-05 0.538334 0.102853 0.14473
0.128496 0.191959 0.155528 0.0520417 0.471976
0.0602626 0.0955057 0.624966 0.0444386 0.174827
0.189778 0.0650924 0.478322 0.0489678 0.21784
0.160767 0.398438 9.9982E-05 9.9982E-05 0.440595
0.183136 0.136065 0.360231 9.9991E-05 0.320467
0.147533 0.121293 0.344462 0.0185222 0.36819
0.0500133 9.9991E-05 0.462074 0.146755 0.341057
0.248121 0.0360179 0.439205 0.12226 0.154396
0.16306 0.0477104 0.532732 9.9991E-05 0.256397
0.140435 0.0512061 0.572156 0.00378373 0.232419
0.142118 0.218545 0.407248 0.0114593 0.220629
0.122493 9.9991E-05 0.358685 0.00564897 0.513073
