9.9982E-05 0.00709318 0.845662 0.102077 0.0449678 9.9982E-05
9.9982E-05 9.9982E-05 0.900303 0.0219319 0.0327627 0.0448023
0.0448758 0.0833636 0.778267 0.0623496 0.0310439 9.9991E-05
0.0572282 0.0573918 0.760054 0.0593681 0.065858 9.9991E-05
0.0536885 0.0574955 0.885013 9.9982E-05 9.9982E-05 0.00360308
0.031918 0.0766007 0.6636 0.00875701 0.0773149 0.141809
9.9982E-05 9.9982E-05 0.831918 0.055465 0.0678281 0.0445894
0.0344974 9.9991E-05 0.767444 0.0357648 0.140029 0.0221649
9.9982E-05 9.9982E-05 0.802303 0.00589209 0.111923 0.079682
0.0326 0.0925629 0.730394 0.0416244 0.0426264 0.0601921
9.999E-05 0.0318232 0.764363 0.0106838 0.0896969 0.103333
0.0874295 0.296272 0.0163481 9.9991E-05 0.484477 0.115374
0.0663294 0.53264 0.0267065 0.0844061 0.289818 9.9991E-05
0.117296 0.296544 0.0409526 0.00624746 0.474484 0.0644746
0.226778 0.290943 0.0241013 0.0276273 0.405508 0.0250424
0.16571 0.360575 0.13494 9.9991E-05 0.256317 0.0823588
0.161734 0.543698 0.0262479 0.032963 0.125138 0.110219
0.124543 0.417347 9.9991E-05 0.0607537 0.194303 0.202953
0.0987689 0.311689 0.130161 0.0243247 0.384255 0.0508006
0.0544118 0.0345715 0.0331802 0.0268038 0.656181 0.194852
0.0793272 0.435136 9.9991E-05 0.0449172 0.235534 0.204985
0.0576004 0.509324 0.0556258 0.0791241 0.109733 0.188593
0.079479 0.54908 9.9982E-05 9.9982E-05 0.256013 0.115228
0.121671 0.304499 9.9991E-05 0.0336674 0.336713 0.203349
0.0888109 0.741519 0.128947 9.9982E-05 9.9982E-05 0.0405236
0.0860121 0.566271 0.0389093 0.0558972 0.25281 9.9991E-05
0.081114 0.209021 9.9991E-05 0.0573187 0.48849 0.163956
0.212216 0.184137 9.9982E-05 9.9982E-05 0.485359 0.118088
0.095421 0.222429 9.9982E-05 9.9982E-05 0.453564 0.228386
9.996E-05 9.996E-05 9.996E-05 0.9995 9.996E-05 9.996E-05
9.996E-05 9.996E-05 9.996E-05 0.9995 9.996E-05 9.996E-05
0.00316321 0.138941 0.457293 0.400403 9.9982E-05 9.9982E-05
0.0356407 0.102881 0.496841 0.364438 9.9982E-05 9.9982E-05
0.00210549 0.584036 9.9991E-05 0.0604901 0.170829 0.182439
0.025663 0.717106 0.060322 9.9991E-05 0.0931294 0.103679
9.9982E-05 0.70729 0.00335932 0.00141793 9.9982E-05 0.287732
0.0857167 0.140938 0.0486178 0.010225 0.618783 0.0957189
9.9991E-05 0.40199 0.0139128 0.0277455 0.00853835 0.547714
0.0733092 0.615566 0.0229686 0.0140956 0.150618 0.123443
0.0707898 0.657616 0.0477965 9.9991E-05 0.0689509 0.154747
0.0235798 0.629931 0.125515 0.058229 0.0471608 0.115585
0.00742297 0.663823 0.101981 0.0618303 0.0296742 0.135269
9.9991E-05 0.292512 0.0222358 0.00288398 0.179544 0.502725
0.102247 0.613655 0.104562 0.0330288 0.0463335 0.100174
0.0819056 0.610262 0.0390643 0.0535349 0.000178541 0.215054
0.0961214 0.547148 0.136524 0.0228585 0.0589677 0.13838
9.9973E-05 0.456468 9.9973E-05 9.9973E-05 0.0905656 0.452666
0.0835413 0.691576 0.140577 9.9982E-05 9.9982E-05 0.0841066
0.134199 0.514555 0.0730839 0.0318841 0.0702827 0.175995
9.9982E-05 9.9982E-05 0.101205 0.0191556 0.0277109 0.851728
0.00312597 0.223107 9.9982E-05 9.9982E-05 0.467979 0.305587
0.0447349 0.117423 0.049857 9.9991E-05 0.198986 0.588899
0.141371 0.584552 0.0088757 0.0783941 0.186707 9.9991E-05
0.116546 0.586151 0.0839891 0.000799072 0.185861 0.0266535
0.0779854 0.598723 0.0401543 0.0311433 0.0815757 0.170418
9.9991E-05 0.190745 0.103529 0.0157666 0.360813 0.329046
0.0212418 0.591334 9.9991E-05 0.0659126 0.283995 0.0374167
0.158139 0.521585 0.0524568 0.0396582 0.142615 0.0855459
0.0676813 0.372302 0.103162 0.00957401 0.23891 0.208371
0.0628835 0.1074 0.212187 0.0050046 0.350866 0.261659
0.0620313 0.538009 9.9991E-05 0.109584 0.144009 0.146267
0.0776793 0.474988 0.0441268 9.9991E-05 0.373736 0.0293696
9.9982E-05 0.0121439 9.9982E-05 0.0944827 0.553613 0.33956
0.0474181 0.491606 9.9991E-05 0.0337268 0.225364 0.201784
0.118239 0.623847 9.9991E-05 0.0164935 0.0752788 0.166041
0.0579917 0.671982 0.038581 0.0465491 0.179247 0.00564875
0.0900539 0.311661 0.0199365 0.00999642 0.330005 0.238348
0.012644 0.550274 0.00577767 0.0643708 0.194803 0.17213
9.9991E-05 0.634248 0.00992938 0.0786118 0.185108 0.0920022
9.9991E-05 0.22972 0.00240343 0.0780139 0.465659 0.224104
9.9982E-05 0.703023 9.9982E-05 0.00506332 0.126733 0.164981
9.9973E-05 0.409374 9.9973E-05 9.9973E-05 0.162916 0.42741
0.147944 0.479221 9.9982E-05 9.9982E-05 0.163756 0.20888
0.0612556 0.616897 0.137951 0.0293611 0.0745622 0.0799726
9.9973E-05 0.161054 9.9973E-05 9.9973E-05 0.00957711 0.829069
9.9982E-05 0.190277 0.00361101 9.9982E-05 0.0832107 0.722702
9.9973E-05 0.491721 9.9973E-05 9.9973E-05 0.0350408 0.472938
9.9982E-05 0.592089 0.0541182 9.9982E-05 0.0661002 0.287493
0.0627467 0.592264 0.162945 0.0236974 0.0800351 0.078311
0.0678586 0.553127 9.9982E-05 9.9982E-05 0.146198 0.232617
9.9982E-05 0.327297 0.0446052 9.9982E-05 0.250499 0.377398
9.9991E-05 0.364305 0.0180142 0.0261138 0.326263 0.265205
0.0678006 0.550033 0.0716622 0.0608834 0.134247 0.115374
0.00251921 0.450418 0.0219429 9.9991E-05 0.192728 0.332292
9.9991E-05 0.531456 0.0525872 0.0237869 0.0661832 0.325887
9.9964E-05 0.560787 9.9964E-05 9.9964E-05 9.9964E-05 0.438813
9.9973E-05 0.159717 9.9973E-05 9.9973E-05 0.0473867 0.792596
0.0729949 0.711842 0.0339442 9.9991E-05 0.00704694 0.174072
0.0641844 0.0748122 0.768685 0.0339929 0.0582259 9.9991E-05
9.9973E-05 0.0927648 0.799051 0.107885 9.9973E-05 9.9973E-05
0.0866684 0.0379034 0.73029 0.144939 9.9982E-05 9.9982E-05
0.0137793 0.0459704 0.768484 0.171566 9.9982E-05 9.9982E-05
9.9982E-05 0.057464 0.81372 0.113525 9.9982E-05 0.0150913
0.0258643 0.042461 0.86772 0.0637549 9.9982E-05 9.9982E-05
9.9973E-05 0.0423633 0.868346 0.0889906 9.9973E-05 9.9973E-05
0.116359 0.540917 0.086051 0.0333026 0.128225 0.0951466
0.0217492 0.63156 0.0662427 0.0301769 0.118636 0.131635
9.9982E-05 0.22189 0.0464273 9.9982E-05 0.165509 0.565974
9.9991E-05 0.634655 0.0813925 0.0805837 0.0877289 0.11554
9.9991E-05 0.60035 0.0265526 0.00975061 0.152485 0.210762
9.9982E-05 0.715672 0.0227529 0.0405741 9.9982E-05 0.220801
9.9991E-05 0.614994 0.0620206 0.0051728 0.0209932 0.296719
0.00296314 0.643641 0.0453663 0.0349907 9.9991E-05 0.272939
9.9982E-05 0.0948131 0.0516056 9.9982E-05 0.295828 0.557553
0.104125 0.566555 0.0530984 0.0687709 0.158827 0.0486229
9.9991E-05 0.693709 0.137287 0.027452 0.0336473 0.107805
0.143658 0.579898 0.000110131 0.0608339 0.2154 9.9991E-05
9.9982E-05 0.444981 9.9982E-05 0.029476 0.000347658 0.524996
9.9982E-05 0.646591 0.000686554 0.0314151 9.9982E-05 0.321107
9.9982E-05 0.57323 9.9982E-05 0.0137723 0.118528 0.29427
0.068819 0.484043 9.9973E-05 9.9973E-05 9.9973E-05 0.446838
9.9982E-05 0.626391 0.0315389 9.9982E-05 0.142235 0.199635
0.0557976 0.615461 0.106363 0.0619307 0.0647273 0.0957205
0.0117148 0.305766 0.0855529 0.00872557 0.337401 0.250839
0.0983575 0.466213 0.152743 0.00661122 0.180886 0.0951899
9.9982E-05 0.504319 0.104156 0.0679355 0.32339 9.9982E-05
0.0744549 0.556586 0.120229 0.0589612 0.189669 9.9991E-05
0.0169532 0.666065 0.145716 0.0187241 0.111386 0.041156
9.9991E-05 0.504367 0.0155923 0.0876834 0.336286 0.0559713
0.0463972 0.599527 0.0132913 9.9991E-05 0.321947 0.0187372
0.00214062 0.496837 0.0288802 9.9982E-05 0.471942 9.9982E-05
9.9991E-05 0.624942 0.111439 0.0431852 0.103108 0.117226
0.0895996 0.558613 0.168063 9.9991E-05 0.122429 0.061195
9.9991E-05 0.615938 0.0110098 0.0467247 0.176178 0.15005
9.9973E-05 0.571959 9.9973E-05 0.00517542 0.422566 9.9973E-05
0.104535 0.640642 0.00648208 0.0327204 0.182037 0.0335843
0.160887 0.620677 0.0464312 0.059764 0.0814263 0.0308139
0.0516727 0.654867 9.9982E-05 9.9982E-05 0.288222 0.0050389
0.1276 0.529731 0.0259491 0.0923631 0.204556 0.0198003
0.163334 0.468938 9.9991E-05 0.025303 0.168634 0.173691
0.0207726 0.409997 0.0937689 0.0402441 0.308166 0.127051
0.104998 0.589775 0.00985398 0.0218598 0.180133 0.0933807
0.0596712 0.711344 0.0203779 0.0166929 0.183497 0.0084163
0.0886469 0.280234 9.9982E-05 9.9982E-05 0.457022 0.173896
0.0899314 0.162906 9.9991E-05 0.015242 0.326945 0.404876
0.134832 0.531686 0.0180555 9.9991E-05 0.249794 0.0655323
0.0928579 0.0769777 9.9991E-05 0.00458057 0.3644 0.461083
9.9982E-05 0.390654 0.0681399 9.9982E-05 0.385021 0.155985
9.9973E-05 0.503094 9.9973E-05 9.9973E-05 0.449388 0.0472177
9.9991E-05 0.383403 0.00977364 0.0408708 0.438085 0.127768
0.0895685 0.259573 9.9982E-05 9.9982E-05 0.446278 0.204381
0.0804097 0.635625 0.0928652 0.0175944 0.117508 0.0559979
0.125314 0.52755 0.0232269 0.0161798 0.267531 0.0401984
9.9991E-05 0.647819 0.103039 0.0229951 0.212016 0.0140307
0.103861 0.0938537 9.9991E-05 0.00513249 0.399555 0.397498
0.0557255 0.629269 0.0948009 9.9991E-05 0.0451517 0.174953
0.134719 0.452798 0.0981302 0.00355578 0.050043 0.260754
9.9991E-05 0.0117207 0.16049 0.0506497 0.0959549 0.681085
9.9982E-05 0.684656 0.145766 0.0624647 9.9982E-05 0.106914
9.9991E-05 0.429298 0.100927 0.0313794 0.059435 0.378861
0.0659532 0.477 0.116234 0.00802214 0.0784949 0.254295
0.0522882 0.25471 0.0947907 0.0316782 0.110014 0.456518
9.9991E-05 0.157052 0.0560578 0.0814083 0.179634 0.525747
0.0180908 0.483968 0.0526055 0.0496696 0.0756034 0.320063
0.153923 0.497783 0.0968511 9.9991E-05 0.0859724 0.165371
0.117912 0.430113 0.0811188 0.0512987 0.0444955 0.275061
0.0458572 0.578822 0.128258 9.9991E-05 0.111142 0.135821
0.127966 0.530356 0.173944 9.9991E-05 0.0699065 0.0977269
0.2235 9.9991E-05 0.0121323 0.05442 0.12464 0.585208
0.0731888 0.673603 0.134788 9.9982E-05 9.9982E-05 0.11822
0.113557 0.520672 0.0679073 0.052227 0.178698 0.0669394
9.9973E-05 0.453469 9.9973E-05 9.9973E-05 0.143027 0.403203
0.0215404 0.478301 0.0166396 9.9991E-05 0.20051 0.282909
0.0474951 0.706668 0.0844288 0.0283989 0.015253 0.117757
0.145239 0.531368 0.203454 9.9991E-05 0.051349 0.0684893
0.242534 0.136542 0.302882 0.100511 9.9991E-05 0.217431
0.159131 9.9982E-05 0.516408 0.0725163 9.9982E-05 0.251745
0.163228 9.9982E-05 0.496662 0.040068 9.9982E-05 0.299842
0.345241 0.0851995 0.397906 0.0439734 9.9991E-05 0.127581
0.0235534 0.658659 9.9982E-05 0.0728098 9.9982E-05 0.244778
0.0930402 0.574029 0.0972786 0.0471957 0.0660504 0.122406
0.729951 0.250266 9.9973E-05 9.9973E-05 0.0194834 9.9973E-05
0.429985 0.329829 9.9991E-05 0.0134657 0.151612 0.0750091
0.467154 0.359538 0.0221456 0.0311658 0.0680706 0.0519258
0.0548213 0.33822 0.0342763 9.9982E-05 9.9982E-05 0.572483
0.0678732 0.590039 0.0864175 0.0590464 0.0474958 0.149128
0.0509514 0.218261 0.0148707 0.0545724 9.9991E-05 0.661245
0.0619913 0.648976 0.0446111 9.9991E-05 0.0180404 0.226281
9.9982E-05 0.532774 0.0205259 9.9982E-05 0.162176 0.284325
0.107223 0.601983 0.0222194 0.0043031 0.0600422 0.20423
0.0555892 0.184518 9.9991E-05 0.0253213 0.0650972 0.669374
0.0929313 0.639324 0.0642487 0.0210035 0.0030955 0.179397
0.0871982 0.461152 0.0661493 0.0279929 0.0729315 0.284576
0.226734 0.536034 0.0871519 9.9991E-05 0.0987797 0.0512002
0.97166 0.00545036 0.0135266 9.9982E-05 9.9982E-05 0.00916264
0.914909 0.0543673 9.9973E-05 9.9973E-05 0.0304235 9.9973E-05
0.599978 0.263653 9.9973E-05 9.9973E-05 0.136069 9.9973E-05
0.695221 0.286779 9.9982E-05 0.00763348 0.0101672 9.9982E-05
0.798505 0.17224 0.00264439 9.9982E-05 0.026411 9.9982E-05
0.9995 9.996E-05 9.996E-05 9.996E-05 9.996E-05 9.996E-05
0.975124 9.9964E-05 9.9964E-05 9.9964E-05 0.0244761 9.9964E-05
0.871055 0.128545 9.9964E-05 9.9964E-05 9.9964E-05 9.9964E-05
0.968983 0.00452899 9.9973E-05 9.9973E-05 0.0261882 9.9973E-05
0.9995 9.996E-05 9.996E-05 9.996E-05 9.996E-05 9.996E-05
0.9995 9.996E-05 9.996E-05 9.996E-05 9.996E-05 9.996E-05
0.783518 0.124511 9.9982E-05 0.0831951 9.9982E-05 0.00857595
0.771025 0.052902 0.0625598 0.0194105 0.0940031 9.9991E-05
0.957124 9.9973E-05 9.9973E-05 0.0241256 0.0184508 9.9973E-05
0.366793 0.395974 0.0700624 9.9991E-05 0.0681437 0.0989269
0.731376 0.193932 0.0249722 0.00698425 0.0426353 9.9991E-05
0.779781 0.0883634 0.0310481 0.0528192 0.037739 0.010249
0.898429 0.0548338 9.9982E-05 0.0156456 0.0308912 9.9982E-05
0.988671 9.9973E-05 0.00658086 0.00444793 9.9973E-05 9.9973E-05
0.850849 0.110453 0.0235918 9.9982E-05 0.0149058 9.9982E-05
0.990215 9.9964E-05 9.9964E-05 0.0093848 9.9964E-05 9.9964E-05
0.595165 0.274762 0.0535741 9.9991E-05 0.0649677 0.0114308
0.894233 0.0235598 9.9991E-05 0.0385594 0.0404418 0.00310588
0.0364599 9.9973E-05 0.399992 9.9973E-05 9.9973E-05 0.563249
0.127775 0.336429 0.181187 0.0563318 0.21511 0.0831675
0.0740432 0.396892 0.259249 0.0280459 0.031973 0.209797
0.17104 0.0798983 0.211903 0.0695872 0.0115411 0.45603
0.182604 0.450021 0.106477 0.0215932 0.0327268 0.206577
0.114128 0.167155 0.273874 0.0641503 9.9991E-05 0.380592
0.00116101 0.514238 0.254583 0.0737715 0.0186376 0.137609
0.21455 0.316116 0.192345 0.00206566 9.9991E-05 0.274823
0.109807 0.472484 0.119517 0.0836363 0.0125304 0.202025
0.248831 0.260742 0.132925 0.0997004 9.9991E-05 0.257702
0.0862329 0.47958 0.168484 0.0718588 0.0183745 0.17547
0.119296 0.457773 0.171448 0.0746552 0.0998467 0.0769812
9.9982E-05 0.056035 0.824294 9.9982E-05 0.0868812 0.0325899
0.067088 9.9973E-05 0.84234 0.090272 9.9973E-05 9.9973E-05
9.9973E-05 9.9973E-05 0.925282 0.0554817 0.0189364 9.9973E-05
9.9982E-05 0.0121791 0.915858 0.0299931 0.0417695 9.9982E-05
0.0158771 9.9982E-05 0.784737 0.14559 0.0535959 9.9982E-05
0.0501324 9.9982E-05 0.864105 0.0699104 9.9982E-05 0.0156519
0.0426917 0.0502175 0.840631 0.0662602 9.9982E-05 9.9982E-05
9.9991E-05 0.00727207 0.856224 0.0682148 0.0157273 0.0524617
9.9982E-05 0.0378434 0.866629 0.073537 0.0217909 9.9982E-05
0.0761134 9.9982E-05 0.852389 0.0494544 0.0218433 9.9982E-05
0.0191717 9.9991E-05 0.581177 0.0461519 0.280102 0.073297
9.9991E-05 0.00182619 0.577292 0.0251713 0.313844 0.0817666
9.9982E-05 9.9982E-05 0.524771 0.0620398 0.240604 0.172385
9.9973E-05 9.9973E-05 0.516575 9.9973E-05 0.311004 0.172121
9.9982E-05 0.617602 0.121754 9.9982E-05 0.127404 0.13304
0.0276399 0.574768 0.0461515 9.9991E-05 0.096354 0.254987
0.00864639 0.600941 0.0426033 0.0268813 0.173089 0.147839
0.0927667 0.57348 0.0101127 9.9991E-05 0.197803 0.125738
9.9991E-05 0.523259 0.0311578 0.00599463 0.2703 0.169189
0.0289518 0.21294 9.9982E-05 9.9982E-05 0.682343 0.0755645
0.104526 0.623652 0.0315501 0.00409027 0.096962 0.139219
0.027235 0.637543 0.0488238 9.9991E-05 0.0732877 0.213011
0.0246746 0.639727 9.9982E-05 9.9982E-05 0.0411535 0.294245
9.9964E-05 0.574958 9.9964E-05 9.9964E-05 9.9964E-05 0.424642
9.9991E-05 0.696634 0.0670856 0.0234274 0.125149 0.0876043
9.9982E-05 0.510802 9.9982E-05 0.0177419 0.157277 0.313979
9.9973E-05 0.0184678 9.9973E-05 9.9973E-05 0.124884 0.856348
0.00977543 0.606441 0.0626602 0.0228835 0.117962 0.180279
9.9973E-05 0.336124 9.9973E-05 0.0316761 9.9973E-05 0.6319
9.9982E-05 0.612373 0.00592191 0.0442779 9.9982E-05 0.337228
9.9982E-05 0.258086 0.0109253 9.9982E-05 0.312388 0.418401
9.9991E-05 0.0108624 0.118138 0.0206937 0.728783 0.121422
9.9982E-05 0.0564036 0.134111 9.9982E-05 0.746368 0.0629178
9.9982E-05 0.0281082 0.0556076 9.9982E-05 0.834254 0.0818305
9.9973E-05 9.9973E-05 0.138581 9.9973E-05 0.794646 0.0664734
0.00819112 0.0357236 0.0151927 0.021792 0.893007 0.0260936
0.00919669 0.107851 0.0934228 9.9991E-05 0.755695 0.0337336
0.0224808 0.0703868 0.839968 0.0669641 9.9982E-05 9.9982E-05
0.0532045 0.0306768 0.812293 0.0354038 0.0683221 9.9991E-05
0.0746872 0.0951704 0.744511 0.0654704 0.0200613 9.9991E-05
0.104774 0.0345817 0.738424 0.0220661 0.100055 9.9991E-05
0.0307547 0.0987432 0.830493 0.0198177 0.0200914 9.9991E-05
9.9982E-05 9.9982E-05 0.334683 0.0621344 0.591013 0.0119697
9.9982E-05 9.9982E-05 0.467538 0.0246435 0.435969 0.0716499
9.9982E-05 9.9982E-05 0.424096 0.0204816 0.478058 0.0771645
9.996E-05 9.996E-05 9.996E-05 0.9995 9.996E-05 9.996E-05
0.012279 9.9991E-05 0.358516 0.0105831 0.569156 0.049366
0.357822 0.276295 0.261455 0.0106443 9.9991E-05 0.0936834
0.194354 0.565203 0.131813 9.9991E-05 0.023439 0.0850904
0.303987 0.513109 0.182604 9.9973E-05 9.9973E-05 9.9973E-05
0.237477 0.322054 0.238371 0.0197103 9.9991E-05 0.182287
0.247786 0.453549 0.180227 0.101246 0.0170923 9.9991E-05
0.314483 9.9982E-05 0.517998 0.00333805 9.9982E-05 0.163981
9.9982E-05 0.558583 0.00836009 9.9982E-05 0.357873 0.0749834
0.0138408 0.4917 0.0500366 9.9991E-05 0.230051 0.214272
9.9991E-05 0.295893 0.0654091 0.0409913 0.59261 0.00499712
0.0725284 0.485979 9.9982E-05 9.9982E-05 0.0902545 0.351038
9.9964E-05 9.9964E-05 9.9964E-05 9.9964E-05 0.219541 0.780059
0.0311446 0.613725 0.0727815 0.0528054 0.0463204 0.183224
0.0378991 0.478915 0.0180786 9.9991E-05 0.189618 0.27539
9.9991E-05 0.359033 0.00513651 0.0543835 0.464331 0.117016
0.127618 0.541367 0.0664393 0.00938995 0.251209 0.00397702
9.9982E-05 0.165884 9.9982E-05 0.0184394 0.354801 0.460675
0.0908814 0.480147 9.9991E-05 0.0710635 0.152239 0.205569
0.0617203 0.506635 9.9991E-05 0.00756509 0.332455 0.0915249
0.235953 0.385125 0.1215 9.9991E-05 0.162941 0.094382
0.058379 0.39208 9.9982E-05 9.9982E-05 0.315359 0.233982
0.0457315 0.447967 0.0125537 0.0197213 0.330604 0.143423
0.138853 0.469084 9.9982E-05 9.9982E-05 0.188052 0.203812
9.9982E-05 0.58689 0.0747024 9.9982E-05 0.146761 0.191447
0.0449207 0.76044 0.0541857 0.00524616 0.0582724 0.0769349
0.0784928 0.583846 0.0943444 0.0282325 0.214984 9.9991E-05
0.0547481 0.581061 0.0595997 0.0431228 0.162451 0.0990175
0.103946 0.107447 0.772985 0.0154229 9.9982E-05 9.9982E-05
0.0339799 0.0777993 0.867961 0.0157653 9.9991E-05 0.00439401
9.9982E-05 0.0682749 0.805382 9.9982E-05 0.0674179 0.0587256
9.9991E-05 0.0927168 0.863657 0.00821151 0.0181365 0.0171779
0.0438719 0.0915926 0.815312 0.049024 9.9982E-05 9.9982E-05
0.0233159 0.243486 9.9991E-05 0.0199463 0.592971 0.120181
0.0722798 0.531818 0.110087 9.9991E-05 0.107368 0.178347
0.315545 0.214209 0.19533 0.0400851 0.0884322 0.146399
0.10038 0.660504 9.9991E-05 0.0336253 0.18964 0.0157506
9.9973E-05 0.580007 0.132494 9.9973E-05 0.287199 9.9973E-05
0.0969502 0.307673 0.0147618 0.0488382 0.322588 0.209189
9.9982E-05 9.9982E-05 0.0863935 0.0705765 0.616153 0.226677
0.0300047 0.540737 9.9991E-05 0.0256941 0.403014 0.000450431
0.0239553 0.153481 0.0603081 0.0502195 0.512889 0.199146
0.0265037 0.483461 0.0330733 0.0498737 0.187227 0.219862
0.0136255 0.13633 0.145935 9.9991E-05 0.573958 0.130053
0.122156 0.574354 0.00826256 0.0248982 0.253448 0.0168809
0.0609999 0.196899 0.0282971 0.0311374 0.571787 0.11088
0.101376 0.600296 0.0492921 0.0598996 0.121816 0.0673206
0.0772957 0.321481 0.00428372 0.068738 0.309448 0.218754
0.0679001 0.521549 0.100192 9.9991E-05 0.0769622 0.233297
9.9982E-05 0.282633 0.119892 9.9982E-05 0.0617973 0.535478
0.0790449 0.60417 0.119501 9.9991E-05 0.0362065 0.160978
0.0420948 0.562186 0.139778 0.0554074 0.0409462 0.159588
9.9982E-05 0.381794 0.0487453 9.9982E-05 0.123224 0.446036
0.0411286 0.555025 0.0776693 0.0507556 0.123668 0.151754
0.0448477 0.528976 0.0709299 0.0528137 0.152235 0.150198
9.9982E-05 0.5443 0.0690278 0.0735942 9.9982E-05 0.312878
9.9982E-05 0.197326 9.9982E-05 0.01458 0.0956857 0.692209
9.9973E-05 0.334268 0.0384451 9.9973E-05 9.9973E-05 0.626987
9.9991E-05 0.542101 0.0125922 0.08131 0.0933203 0.270576
9.9982E-05 0.204101 0.032257 9.9982E-05 0.0981156 0.665327
9.9982E-05 0.483221 0.0579838 9.9982E-05 0.190576 0.26802
0.0350916 0.160866 0.00886916 0.00278722 0.635497 0.156889
0.0510527 0.287006 9.9982E-05 9.9982E-05 0.297533 0.364208
0.0339601 0.382847 0.0027278 0.060422 0.421541 0.0985023
0.11001 0.598365 0.022527 0.0454067 0.191584 0.0321076
0.00339131 0.323909 9.9991E-05 0.00580014 0.457397 0.209403
0.147726 0.498588 0.01779 0.065532 0.1061 0.164265
0.0926817 0.555431 0.0467999 0.0376261 0.267362 9.9991E-05
0.120119 0.474062 0.0161225 9.9991E-05 0.207271 0.182325
0.122465 0.448072 9.9991E-05 0.0379902 0.252016 0.139357
0.140861 0.409429 9.9991E-05 0.00137772 0.388077 0.0601558
0.134563 0.278933 9.9991E-05 0.0110451 0.509138 0.0662206
0.132867 0.410858 9.9982E-05 9.9982E-05 0.455468 0.000607383
0.0354488 0.713427 9.9982E-05 9.9982E-05 0.237186 0.0137381
0.000934912 0.691055 0.0686348 0.00219478 0.141726 0.0954542
0.0197671 0.439892 9.9991E-05 0.0666943 0.259518 0.214028
0.107028 0.513409 9.9991E-05 0.0219281 0.26874 0.0887958
0.0808023 0.393119 0.00998033 0.0739985 0.43461 0.00749009
0.000212189 0.69757 0.0953057 0.0105376 0.196275 9.9991E-05
0.0861165 0.531803 0.0351214 0.0693193 0.203993 0.073647
0.218798 0.382373 0.102896 0.0200775 0.229407 0.0464491
0.10852 0.437955 0.351292 0.0437923 0.0112834 0.0471568
0.222057 0.463417 0.136527 0.0308374 9.9991E-05 0.147062
0.243062 0.409256 0.0553472 0.120343 0.0422095 0.129783
0.0958643 0.634505 0.0756386 0.0479768 0.0365298 0.109485
0.184494 0.46176 0.206083 0.0853302 0.02875 0.0335833
0.0492243 0.48293 9.9982E-05 9.9982E-05 0.24619 0.221455
0.159477 0.498485 0.0929776 0.039624 0.209336 9.9991E-05
0.190094 0.00104546 0.289937 0.0219664 9.9991E-05 0.496857
0.168051 0.54698 0.0930313 0.027821 0.164017 9.9991E-05
0.162503 0.556975 0.0673155 0.0688114 0.0149119 0.129482
0.350017 0.402889 0.0482853 0.0247368 0.156369 0.0177038
0.134548 0.377281 0.222658 0.0143493 0.132838 0.118327
0.164009 0.533974 0.244935 9.9982E-05 9.9982E-05 0.0568824
0.212155 0.450127 0.116399 0.140283 0.0395007 0.041536
0.176856 9.9982E-05 0.459411 0.0821366 9.9982E-05 0.281396
0.172317 0.582936 0.142026 0.102521 9.9982E-05 9.9982E-05
0.223228 0.565011 0.111034 0.0861674 9.9991E-05 0.0144602
0.19346 0.582381 0.128794 9.9982E-05 9.9982E-05 0.0951646
0.220827 0.523186 0.180028 0.0354256 0.0404334 9.9991E-05
0.158034 0.530854 0.165987 0.0322493 0.112775 9.9991E-05
0.0722118 0.518754 9.9991E-05 0.0514203 0.0546927 0.302821
0.0464039 0.56923 0.148459 9.9991E-05 0.0170153 0.218792
9.9973E-05 0.100225 9.9973E-05 9.9973E-05 0.125895 0.773581
0.091187 0.471331 0.0765952 0.0421717 0.125301 0.193414
0.112095 0.51434 0.0931582 9.9991E-05 0.0833965 0.19691
9.9982E-05 0.072159 0.0383425 9.9982E-05 0.0500387 0.83926
0.219203 0.425943 0.0251989 9.9991E-05 0.0953387 0.234216
0.30875 0.441297 0.141033 9.9982E-05 9.9982E-05 0.10872
0.391396 0.323963 0.0748926 9.9982E-05 9.9982E-05 0.209548
0.262133 0.139717 0.200682 0.0701037 9.9991E-05 0.327264
0.324969 0.31239 0.145345 0.0699107 9.9991E-05 0.147285
0.0704357 0.513667 0.150903 0.0787838 0.0162446 0.169966
0.172426 0.0319968 0.073761 0.0183703 9.9991E-05 0.703345
0.14859 0.0881176 0.0584893 0.0651837 9.9991E-05 0.639519
0.193124 0.525188 9.9991E-05 0.00428108 0.0240601 0.253247
0.139633 0.481401 0.0729249 9.9982E-05 9.9982E-05 0.30584
0.177833 0.22572 9.9982E-05 0.0628338 9.9982E-05 0.533414
0.165145 0.453934 0.0756007 0.0261783 0.0781615 0.200981
0.252091 0.457655 9.9973E-05 9.9973E-05 9.9973E-05 0.289954
0.203137 0.435597 0.125838 9.9991E-05 0.0235665 0.211761
9.9973E-05 0.476735 9.9973E-05 9.9973E-05 0.0832849 0.43968
0.0799615 0.372139 9.9991E-05 0.0331011 0.144986 0.369713
0.101047 0.523064 9.9991E-05 0.0275649 0.0956311 0.252593
0.167673 0.383086 0.0352739 0.00784511 0.099039 0.307084
0.0628032 0.439396 0.10403 0.0240853 0.0450086 0.324677
0.120275 0.380694 0.0337322 0.0704379 0.210877 0.183985
0.0468271 0.505343 9.9982E-05 9.9982E-05 0.00182729 0.445803
9.9982E-05 0.335903 0.00864148 9.9982E-05 0.0977368 0.557519
0.0498634 0.678395 0.103883 9.9982E-05 9.9982E-05 0.167659
0.150003 0.564281 0.0490395 0.0362835 0.122525 0.077868
0.0586951 0.272263 9.9982E-05 9.9982E-05 0.103796 0.565046
9.9991E-05 0.481512 0.0422426 0.00896256 0.0359947 0.431188
0.162378 0.529347 9.9991E-05 0.0748687 0.0595994 0.173707
9.9982E-05 0.535288 0.019294 9.9982E-05 0.0875972 0.35762
0.192305 0.561099 0.0903025 0.0528123 0.0381624 0.065318
0.222436 0.415831 0.166669 0.0517791 0.0245367 0.118749
0.242641 0.373363 0.217212 0.0116201 0.0317005 0.123464
0.203756 0.447463 0.144629 0.112644 9.9991E-05 0.0914082
0.244888 0.23867 0.110703 0.100907 0.140405 0.164429
0.26656 0.395714 0.167271 9.9991E-05 0.158113 0.012242
0.279765 0.341598 0.124012 0.0426528 9.9991E-05 0.211872
0.172484 9.9982E-05 0.158994 0.0485398 9.9982E-05 0.619782
0.244156 0.545013 0.105132 9.9991E-05 0.041007 0.0645919
0.150257 9.9982E-05 0.393148 0.0181092 9.9982E-05 0.438286
0.167039 0.540781 0.0923356 9.9982E-05 9.9982E-05 0.199644
9.9964E-05 0.172144 9.9964E-05 9.9964E-05 9.9964E-05 0.827456
0.0185912 0.016306 9.9991E-05 0.000975405 0.0511497 0.912878
9.9973E-05 0.589359 9.9973E-05 9.9973E-05 0.0120214 0.39832
0.0467239 0.614951 9.9982E-05 0.038968 9.9982E-05 0.299157
0.00667224 0.467994 9.9982E-05 9.9982E-05 0.0732273 0.451906
0.0338979 0.572421 9.9991E-05 0.0125648 0.00206966 0.378947
0.0403013 0.595149 9.9973E-05 9.9973E-05 9.9973E-05 0.36425
0.0334006 0.0659308 0.736623 0.122041 0.0100538 0.0319508
0.0749446 9.9982E-05 0.746801 0.0325017 0.145553 9.9982E-05
0.0428662 9.9982E-05 0.889956 0.0475411 0.0194364 9.9982E-05
9.9973E-05 0.0261655 0.810515 0.16302 9.9973E-05 9.9973E-05
0.0354155 0.660978 0.0551335 9.9991E-05 0.0587251 0.189648
0.0880512 0.502205 0.0529116 0.0209994 0.0559828 0.27985
9.9982E-05 0.679743 9.9982E-05 0.0307526 0.0765809 0.212724
9.9991E-05 0.699863 0.0615964 0.053524 0.0829173 0.101999
0.0647159 0.469386 0.0855189 9.9991E-05 0.160805 0.219474
9.9982E-05 0.37883 0.0175097 9.9982E-05 0.176566 0.426895
0.0459707 0.690718 9.9982E-05 0.0324597 9.9982E-05 0.230651
9.9973E-05 0.460759 9.9973E-05 0.0444984 9.9973E-05 0.494443
0.245724 0.5034 0.247081 0.00359471 9.9982E-05 9.9982E-05
0.0913011 0.493745 9.9982E-05 9.9982E-05 0.0909614 0.323792
9.9982E-05 0.522839 9.9982E-05 0.033276 0.136563 0.307122
0.0262031 0.535057 0.101925 0.0116829 0.0841079 0.241024
9.9982E-05 0.723231 9.9982E-05 0.00869907 0.0663595 0.20151
9.9991E-05 0.606737 0.00657164 0.00360993 0.110367 0.272614
0.0181423 0.723487 9.9973E-05 9.9973E-05 9.9973E-05 0.258071
9.9982E-05 0.674962 0.0408621 0.0543996 9.9982E-05 0.229576
9.9964E-05 0.265084 9.9964E-05 9.9964E-05 9.9964E-05 0.734516
9.9982E-05 0.401795 0.0383506 9.9982E-05 0.0043072 0.555348
9.9973E-05 0.460289 9.9973E-05 9.9973E-05 0.14336 0.39605
9.9964E-05 0.0303891 9.9964E-05 9.9964E-05 9.9964E-05 0.969211
0.147721 0.442779 0.185706 0.0171181 0.0700904 0.136586
9.9991E-05 0.513394 0.070889 0.00745325 0.127957 0.280206
9.9982E-05 0.248048 9.9982E-05 0.00912139 0.0111302 0.7315
9.9982E-05 0.0725899 0.0114255 9.9982E-05 0.042187 0.873598
0.0326462 0.710186 0.0362051 0.00989348 9.9991E-05 0.210969
9.9982E-05 0.353858 0.0263697 9.9982E-05 0.192199 0.427373
0.108324 0.500846 9.9982E-05 9.9982E-05 0.217902 0.172728
0.0952315 0.590281 0.0894848 0.074076 9.9991E-05 0.150826
9.9982E-05 0.646644 0.0254793 9.9982E-05 0.171661 0.156015
0.127621 0.347322 9.9991E-05 0.00276981 0.305416 0.216772
0.0016789 0.69064 0.0550955 0.00153453 0.0658195 0.185232
9.9982E-05 0.575823 9.9982E-05 0.0750626 0.0829401 0.265974
9.9973E-05 0.490568 9.9973E-05 9.9973E-05 0.0691587 0.439973
0.0545163 0.579181 0.0472449 0.0446301 0.109443 0.164985
0.0284429 9.9991E-05 0.605395 0.0484165 0.272453 0.0451932
9.9991E-05 0.0419647 0.692726 0.0868865 0.130746 0.047577
9.9982E-05 9.9982E-05 0.687218 0.157487 0.119801 0.0352934
9.9973E-05 9.9973E-05 0.704552 0.0965196 0.198628 9.9973E-05
9.9982E-05 0.0562278 0.657954 0.0538344 0.231784 9.9982E-05
9.9982E-05 0.295504 0.0196723 9.9982E-05 0.245438 0.439186
9.9991E-05 0.298533 0.00114322 0.0527762 0.151929 0.495519
9.9964E-05 0.325426 9.9964E-05 9.9964E-05 9.9964E-05 0.674174
0.0831934 0.618867 0.122226 0.0741292 0.0548773 0.0467073
0.0467048 0.601189 0.110863 9.9991E-05 0.0896018 0.151541
9.9991E-05 0.491035 0.0123423 0.00181848 0.0616763 0.433028
0.0332578 0.710206 0.0253051 0.0102376 9.9991E-05 0.220894
0.0306608 0.498855 0.0278853 0.0182717 9.9991E-05 0.424227
9.9991E-05 0.572291 0.137516 0.00251637 0.112141 0.175435
0.0181751 0.644831 0.0254621 9.9991E-05 0.0823333 0.229098
9.9991E-05 0.683913 0.0621328 0.00462464 0.0857915 0.163438
0.00934804 0.358959 9.9982E-05 9.9982E-05 0.20609 0.425403
9.9982E-05 0.494843 9.9982E-05 0.00420361 0.12575 0.375004
9.9982E-05 0.48802 9.9982E-05 0.00400303 0.191553 0.316224
0.0326578 0.63475 0.177862 9.9982E-05 9.9982E-05 0.15453
9.9991E-05 0.565708 0.0742485 0.00570346 0.103905 0.250335
0.0139727 0.589761 0.0633254 0.00463821 0.0601144 0.268189
0.402876 0.49805 0.037001 0.0563004 9.9991E-05 0.00567224
0.42193 0.385554 0.141665 0.0506513 9.9982E-05 9.9982E-05
0.446719 0.45084 0.10214 9.9973E-05 9.9973E-05 9.9973E-05
0.462617 0.323886 0.0857348 0.0781213 9.9991E-05 0.0495408
0.25993 0.507206 0.203376 9.9982E-05 9.9982E-05 0.0292881
0.0631127 0.561111 0.035569 9.9991E-05 0.0206149 0.319493
0.575117 0.0775215 0.302749 0.0444126 9.9982E-05 9.9982E-05
0.442429 0.355551 0.190445 0.0113752 9.9982E-05 9.9982E-05
0.143689 0.467972 0.142342 0.063276 9.9991E-05 0.18262
9.9991E-05 0.616901 0.14172 0.0486475 0.0765725 0.11606
0.00661038 0.464758 0.101145 0.0715539 0.176794 0.179139
0.0592103 0.652372 0.114701 0.0507777 0.109486 0.0134536
0.00260639 0.611287 0.108694 0.000956412 0.0464091 0.230047
0.417348 0.369759 0.198433 0.0142608 9.9982E-05 9.9982E-05
0.384674 0.383888 0.124014 0.0144954 0.0928296 9.9991E-05
0.468307 0.409214 0.12218 9.9973E-05 9.9973E-05 9.9973E-05
0.261287 0.463778 0.154371 0.0136276 0.0589869 0.0479496
0.468835 0.296262 0.148677 0.0539908 0.0321349 9.9991E-05
0.356456 0.473199 0.110859 0.0592854 9.9982E-05 9.9982E-05
0.5646 0.23784 0.141777 0.0257904 0.0101727 0.0198195
0.394204 0.349533 0.102993 0.0515248 0.0929566 0.00878861
0.0615712 0.529923 0.128236 0.0255032 9.9991E-05 0.254667
0.340909 0.412974 0.173502 0.0633581 9.9991E-05 0.00915708
0.609547 0.162475 0.179656 0.031434 9.9991E-05 0.0167885
0.260267 0.448667 0.195547 0.0380875 9.9991E-05 0.0573313
0.320212 0.345196 0.120667 0.037441 0.176385 9.9991E-05
0.0172343 0.244267 0.165751 0.0270925 0.281785 0.263871
0.0520959 0.618403 9.9991E-05 0.0731667 0.0346394 0.221595
0.343717 0.323054 0.101332 0.041916 0.178927 0.0110547
0.0349613 0.57398 0.134636 0.0482544 0.0906377 0.117531
9.9991E-05 0.512225 0.222773 0.0410175 0.0300125 0.193872
0.269952 0.361771 0.105185 0.0882874 0.0341318 0.140673
0.29168 0.363683 0.220008 0.0243497 9.9991E-05 0.10018
0.162519 0.565088 0.109464 0.0131796 0.00477393 0.144976
0.305344 0.42103 0.0954284 0.106642 0.0348483 0.0367074
0.32223 0.409026 0.0890804 0.0857541 0.0188941 0.0750157
0.475768 0.374805 0.0524376 0.09679 9.9982E-05 9.9982E-05
0.563474 0.179445 0.182302 0.0745793 9.9982E-05 9.9982E-05
0.110079 0.577159 0.0710164 0.0951113 0.0216883 0.124946
9.9991E-05 0.500222 0.152731 0.0398046 0.171657 0.135485
0.107176 0.0759003 0.105532 0.105982 9.9991E-05 0.605309
0.0838642 0.614157 0.157289 0.0226164 0.117109 0.0049652
0.0160462 0.469033 0.140955 0.0271004 0.232532 0.114333
0.158815 0.475866 0.194773 0.0435444 9.9991E-05 0.126902
0.153604 0.407109 0.0822716 0.122742 0.180336 0.0539371
0.243504 9.9973E-05 0.379439 9.9973E-05 9.9973E-05 0.376758
0.102935 9.9982E-05 0.301168 0.09985 9.9982E-05 0.495847
0.101426 0.288657 0.157129 0.0543771 0.09145 0.306961
0.217694 0.00809698 0.362779 0.0643107 0.00437469 0.342744
0.211676 9.9973E-05 0.533832 9.9973E-05 9.9973E-05 0.254193
0.15907 0.337268 0.0398363 0.127995 0.0541139 0.281718
0.168834 0.349725 0.210037 0.0103526 0.000442361 0.260609
0.203518 0.17972 0.311583 0.00085741 0.0164926 0.28783
0.135496 0.0672922 0.305751 0.118526 9.9991E-05 0.372836
0.174671 0.545693 0.113748 0.0114569 9.9991E-05 0.154331
0.147572 0.149407 0.200689 0.123075 9.9991E-05 0.379156
0.0632232 9.9982E-05 0.449116 0.108657 9.9982E-05 0.378805
0.147531 0.461583 0.205139 0.0236682 0.16198 9.9991E-05
0.257325 0.36843 0.165665 0.020637 0.0455265 0.142417
0.201035 0.423262 0.331768 0.0110641 0.0327705 9.9991E-05
0.267501 0.50571 0.146027 0.0805624 9.9982E-05 9.9982E-05
0.121141 0.573187 0.122216 0.065196 0.0321388 0.0861217
0.207554 0.506945 0.148779 9.9991E-05 0.0646677 0.0719535
0.320272 0.432905 0.190144 9.9982E-05 9.9982E-05 0.0564784
0.16737 0.391009 0.347208 0.0582565 0.0360564 9.9991E-05
0.142889 0.603109 0.18036 0.0674325 0.00610967 9.9991E-05
0.265002 0.473427 0.181277 0.0730928 0.0071014 9.9991E-05
0.192693 0.343634 0.219854 0.0808287 0.016817 0.146172
0.16706 0.288467 0.189778 9.9991E-05 0.158658 0.195937
0.108227 0.535633 0.162428 0.0469826 0.142148 0.00458129
0.184688 0.468213 0.15467 0.0740636 0.046599 0.0717665
0.128207 0.601582 0.155026 0.031866 9.9991E-05 0.0832186
0.249457 0.37389 0.295712 0.0529891 0.0278521 9.9991E-05
0.241662 0.428641 0.211025 0.0317462 0.0508807 0.0360452
0.207293 0.192758 0.412141 0.0261834 9.9991E-05 0.161524
0.251078 0.461019 0.120447 0.0913887 0.075968 9.9991E-05
0.341374 0.207779 0.236848 0.0274179 9.9991E-05 0.186481
0.0176956 9.9991E-05 0.777625 0.0225205 0.125561 0.0564976
9.9973E-05 0.145722 0.131137 9.9973E-05 0.722841 9.9973E-05
9.9964E-05 9.9964E-05 0.0351557 9.9964E-05 0.964444 9.9964E-05
9.9964E-05 9.9964E-05 9.9964E-05 0.0420124 0.957588 9.9964E-05
9.9964E-05 0.0691592 9.9964E-05 9.9964E-05 0.930441 9.9964E-05
0.0572477 9.9973E-05 9.9973E-05 0.0262187 0.916234 9.9973E-05
9.9973E-05 0.0186779 9.9973E-05 0.0628436 0.918179 9.9973E-05
9.9982E-05 9.9982E-05 0.070408 0.00138405 0.904779 0.0232292
9.9973E-05 9.9973E-05 0.189183 0.0253685 0.785149 9.9973E-05
9.9982E-05 0.032466 0.865349 0.0937437 0.00824118 9.9982E-05
0.00373017 0.0386739 0.734234 0.0817593 0.141502 9.9991E-05
0.0205405 0.0224956 0.81029 0.102563 0.0139624 0.0301491
9.9982E-05 0.0344037 0.77419 0.037854 0.153352 9.9982E-05
0.00622677 0.0547989 0.869993 0.0325271 0.0363538 9.9991E-05
9.9982E-05 0.0571165 0.897063 9.9982E-05 0.0302929 0.0153281
0.146657 0.0415118 0.601448 0.112695 0.0975884 9.9991E-05
0.0256245 0.072163 0.829178 0.0728343 9.9982E-05 9.9982E-05
0.0202229 0.0685799 0.736981 0.041058 0.133058 9.9991E-05
0.0682571 9.9973E-05 0.87127 0.0601734 9.9973E-05 9.9973E-05
9.9973E-05 9.9973E-05 0.872655 0.0824053 0.0446396 9.9973E-05
0.0389743 0.0291458 0.790664 0.0804675 0.0606483 9.9991E-05
9.9973E-05 9.9973E-05 0.922434 0.0467141 0.0305523 9.9973E-05
0.0350384 0.041302 0.839344 0.0812684 0.00294751 9.9991E-05
0.0153117 0.10849 0.822459 0.0423053 0.0113333 9.9991E-05
9.9973E-05 0.119449 0.837648 0.042603 9.9973E-05 9.9973E-05
0.10955 0.10568 0.78447 9.9973E-05 9.9973E-05 9.9973E-05
0.0466964 0.143657 0.765091 0.0443557 9.9982E-05 9.9982E-05
0.0445754 0.124887 0.819662 0.010675 9.9982E-05 9.9982E-05
0.0908811 0.34834 0.179066 9.9991E-05 0.143255 0.238358
9.9991E-05 0.739921 0.119121 0.0175232 0.0138475 0.109487
0.0964665 0.551 0.12442 0.0533088 0.0734351 0.10137
0.0279485 0.164219 0.119472 0.0317619 0.0163276 0.64027
9.9991E-05 0.58661 0.110739 0.0397972 0.121916 0.140837
0.00960285 0.100626 0.244906 0.0301655 9.9991E-05 0.614599
9.9973E-05 0.727865 0.119913 9.9973E-05 9.9973E-05 0.151922
9.9991E-05 0.498587 0.108819 0.0155945 0.164269 0.212631
9.9991E-05 0.596802 0.127695 0.024125 0.120042 0.131237
0.024822 0.546288 0.0816804 9.9991E-05 0.00569192 0.341418
9.9991E-05 0.450402 0.0867051 0.110703 0.144463 0.207628
0.0245642 0.62919 9.9991E-05 0.0761041 0.0998723 0.170169
9.9991E-05 0.598502 0.0310248 0.112408 0.177153 0.0808125
0.103849 0.0293091 9.9982E-05 9.9982E-05 0.493955 0.372687
9.9973E-05 9.9973E-05 0.120526 9.9973E-05 0.0708063 0.808368
0.0286553 0.199131 0.152826 9.9991E-05 0.053916 0.565372
0.112123 0.556987 0.0371427 0.0639898 0.0523854 0.177372
9.9982E-05 0.572558 0.157549 0.0263506 9.9982E-05 0.243342
9.9982E-05 0.541423 0.216156 9.9982E-05 0.0318798 0.210341
0.0281541 0.676071 0.0777503 0.0453802 9.9991E-05 0.172545
0.17692 0.544897 0.181685 0.0096998 9.9991E-05 0.0866991
0.264249 0.514001 0.13212 0.0566887 0.0328426 9.9991E-05
0.175316 0.119114 0.440074 0.00296324 0.13511 0.127422
0.0557576 0.659218 0.127051 0.00870837 0.148588 0.000677677
0.0906664 0.424606 0.197548 0.0617894 0.121019 0.104371
0.156567 9.9982E-05 0.443401 0.00725427 9.9982E-05 0.392578
0.170578 0.33624 0.325665 0.00953897 9.9991E-05 0.157878
0.204823 0.257868 0.355453 0.0104088 0.083023 0.0884237
0.0591 0.457867 0.329522 0.0333639 0.114408 0.00573943
0.269516 0.474247 0.12225 0.00245873 0.131428 9.9991E-05
0.189214 0.510461 0.211951 0.0427283 0.0300732 0.015573
0.0580839 0.63393 0.147257 0.0909928 0.0191108 0.050625
0.17995 0.475402 0.209061 9.9982E-05 9.9982E-05 0.135388
0.132585 0.312568 0.449321 0.0693632 9.9991E-05 0.0360632
