9.9964E-05 0.0484827 9.9964E-05 9.9964E-05 0.920409 0.0307087 9.9964E-05
0.0454176 9.9982E-05 9.9982E-05 0.00404293 0.92876 0.00643831 0.0151413
0.0557552 0.0739569 9.9982E-05 0.0354014 0.820186 0.0145008 9.9982E-05
9.9973E-05 0.0832056 9.9973E-05 0.0485121 0.795521 0.0724612 9.9973E-05
9.9973E-05 0.0705999 9.9973E-05 0.0103254 0.858814 9.9973E-05 0.059961
0.0523672 9.9982E-05 0.183149 0.0700045 0.562971 0.131308 9.9982E-05
9.9964E-05 9.9964E-05 0.14199 9.9964E-05 0.772574 0.0850361 9.9964E-05
9.9973E-05 9.9973E-05 0.125256 0.0321926 0.685846 0.156406 9.9973E-05
0.0419395 9.9982E-05 0.0553965 9.9982E-05 0.80478 0.096549 0.00113472
9.999E-05 0.0647757 0.101912 0.0275935 0.699243 0.0342467 0.0721295
9.9973E-05 0.0290145 0.169172 9.9973E-05 0.698154 0.10336 9.9973E-05
0.185153 0.216163 0.117606 0.0563078 9.9982E-05 0.42457 9.9982E-05
0.0944627 0.490552 9.9982E-05 0.0658955 0.0219631 0.326926 9.9982E-05
0.0637967 0.216074 0.0107992 0.10904 0.0180114 0.427122 0.155156
0.00881071 0.369813 9.9991E-05 0.121745 0.0454208 0.394834 0.0592755
0.0503111 0.365476 0.0989656 0.162221 0.114426 0.208501 9.9991E-05
9.9991E-05 0.529405 0.108267 0.153758 0.0740323 0.0981902 0.0362469
0.205568 0.38488 0.102301 0.140491 9.9982E-05 0.166561 9.9982E-05
0.142307 0.331381 0.00860789 0.0931227 0.127111 0.258324 0.0391468
0.0803384 9.9982E-05 0.217641 0.101588 9.9982E-05 0.555884 0.0443485
0.0523127 0.450041 0.0808952 0.0306905 9.9991E-05 0.253161 0.132799
0.112321 0.445587 0.180217 0.0713522 0.0109729 0.10024 0.0793101
0.169952 0.556145 0.0110088 0.0510096 0.0265373 0.185247 9.9991E-05
0.166989 0.27897 0.102802 0.0807304 0.00278749 0.333061 0.0346599
0.0690369 0.607168 0.0179465 0.0837037 0.110381 0.0990274 0.012737
0.0494388 0.57386 0.0380371 0.070664 0.0305013 0.225921 0.0115778
0.111407 0.182534 0.0735267 0.136601 9.9982E-05 0.495731 9.9982E-05
0.155332 0.130249 0.0855893 0.213177 9.9982E-05 0.415453 9.9982E-05
0.0153039 0.258031 0.134254 9.9982E-05 9.9982E-05 0.426858 0.165353
9.9973E-05 0.0803751 9.9973E-05 0.0749567 0.835898 0.00847046 9.9973E-05
9.9964E-05 0.157047 9.9964E-05 9.9964E-05 0.841875 0.000678578 9.9964E-05
0.0298629 0.149206 9.9973E-05 0.0301353 0.790496 9.9973E-05 9.9973E-05
0.0839456 0.0783982 0.00555767 0.104548 0.72735 9.9982E-05 9.9982E-05
0.226952 0.542014 0.140491 9.9982E-05 0.0234858 0.0668572 9.9982E-05
0.325365 0.485079 0.0094189 0.014805 0.149786 0.0154461 9.9991E-05
0.344796 0.586367 0.0144111 0.0234687 0.00387116 9.9991E-05 0.0269852
0.141605 0.147949 9.9991E-05 0.0101543 0.0860564 0.539405 0.0747292
0.584753 0.367703 0.0234307 9.9973E-05 0.0238133 9.9973E-05 9.9973E-05
0.263786 0.48249 9.9982E-05 0.0713935 9.9982E-05 0.0494876 0.132642
0.293874 0.568477 0.0450412 0.045445 0.0469628 9.9982E-05 9.9982E-05
0.0998206 0.55612 0.145654 0.0232771 0.0824123 0.0926163 9.9991E-05
0.0858496 0.649055 0.127501 9.9982E-05 0.0656094 0.0717853 9.9982E-05
0.652687 0.134842 9.9973E-05 9.9973E-05 0.069434 0.142737 9.9973E-05
0.00558844 0.577524 0.264319 0.0692132 9.9982E-05 0.0831558 9.9982E-05
0.250307 0.448488 9.9991E-05 0.129438 0.0655884 0.033003 0.0730762
0.112495 0.594592 9.9982E-05 0.0975962 0.14627 9.9982E-05 0.048847
0.602033 0.377733 0.000400277 9.9973E-05 9.9973E-05 0.0195331 9.9973E-05
0.284094 0.575717 0.0459549 0.0829002 0.00861057 9.9991E-05 0.00262358
0.155603 0.527678 9.9982E-05 0.0801989 0.126695 9.9982E-05 0.109625
0.640067 9.9973E-05 0.225195 9.9973E-05 0.0948729 9.9973E-05 0.0395654
0.227581 0.175677 0.0629446 9.9982E-05 9.9982E-05 0.462934 0.0706632
0.214575 0.0675303 0.260644 9.9991E-05 0.0143252 0.239912 0.202914
0.0954229 0.472062 0.107811 0.138702 0.0214285 0.0566433 0.10793
0.065848 0.595308 0.0435775 9.9991E-05 0.110213 0.0684396 0.116514
0.0409046 0.539665 0.118839 0.00874048 0.11806 0.0332644 0.140527
0.232075 0.165598 0.117054 9.9991E-05 0.144096 0.262275 0.0788026
0.0745089 0.565546 0.066513 9.9982E-05 9.9982E-05 0.271085 0.0221468
9.9982E-05 0.592457 0.132666 0.119597 0.0474298 0.107651 9.9982E-05
0.133515 0.326969 0.160261 0.0738378 0.0330577 0.208991 0.0633683
0.12485 0.0698343 0.0900631 0.044946 0.198184 0.339773 0.132349
0.15476 0.505124 0.0451475 0.0564526 0.025034 0.213382 9.9991E-05
0.00564882 0.454285 0.054669 0.0218262 0.0431094 0.301273 0.119189
0.202962 0.0558134 0.195424 9.9991E-05 0.0260699 0.489366 0.030264
0.109696 0.531984 0.0124141 0.0185013 9.9991E-05 0.232702 0.094602
0.111507 0.633866 0.046939 0.0364669 9.9991E-05 0.0626683 0.108452
9.9991E-05 0.570885 0.107427 0.0417235 0.0509931 0.172515 0.0563562
0.181207 0.275307 0.0797831 0.0687857 0.0235872 0.300759 0.070571
0.0732623 0.507073 0.0902763 0.0593505 9.9991E-05 0.18565 0.0842884
9.9991E-05 0.591466 0.0524983 0.0382551 0.0400028 0.0978688 0.179809
0.135568 0.24698 0.118462 9.9991E-05 0.0158953 0.396251 0.0867434
0.417392 0.550245 9.9964E-05 9.9964E-05 9.9964E-05 0.0319634 9.9964E-05
0.706907 0.227445 0.0055587 9.9982E-05 0.0127791 0.0471108 9.9982E-05
0.195057 0.461674 0.0610999 0.0235475 0.0847195 0.173802 9.9991E-05
0.111402 0.493396 0.0539881 0.0894794 0.117683 0.125448 0.00860439
0.892726 9.9955E-05 0.106774 9.9955E-05 9.9955E-05 9.9955E-05 9.9955E-05
0.824262 9.9982E-05 0.04991 9.9982E-05 0.0116762 0.0466705 0.0672816
0.767056 0.232444 9.9955E-05 9.9955E-05 9.9955E-05 9.9955E-05 9.9955E-05
0.513173 0.400535 9.9964E-05 9.9964E-05 9.9964E-05 0.0858931 9.9964E-05
0.093836 0.437154 0.0209816 0.0813266 0.115271 0.114563 0.136868
0.396749 0.412083 9.9982E-05 0.0605134 0.0156359 0.114818 9.9982E-05
0.657112 0.0839791 9.9982E-05 0.0516068 0.067273 0.139829 9.9982E-05
0.574565 0.209027 9.9973E-05 9.9973E-05 0.00902819 0.20708 9.9973E-05
0.237294 0.501415 9.9991E-05 0.0970247 0.09172 0.0466352 0.0258105
0.594953 0.291764 9.9973E-05 9.9973E-05 0.0159189 0.0970647 9.9973E-05
0.470038 0.370514 0.0113647 0.0494735 0.0518703 0.0466391 9.9991E-05
0.582556 0.392738 0.00762918 9.9973E-05 0.0167775 9.9973E-05 9.9973E-05
0.681728 9.9964E-05 0.109053 9.9964E-05 9.9964E-05 9.9964E-05 0.208819
0.279356 0.577191 0.0268391 0.0860936 0.00514612 0.0252747 9.9991E-05
9.9973E-05 0.0964036 9.9973E-05 0.0520872 0.78108 0.0701288 9.9973E-05
9.9955E-05 0.0898109 9.9955E-05 9.9955E-05 0.909689 9.9955E-05 9.9955E-05
9.9964E-05 0.0941421 9.9964E-05 0.0412294 0.864229 9.9964E-05 9.9964E-05
0.0206859 0.0569948 0.00915126 0.0192181 0.89375 9.9982E-05 9.9982E-05
9.9982E-05 0.0834359 0.0501525 0.00600781 0.846735 9.9982E-05 0.0134693
0.0383892 9.9973E-05 9.9973E-05 0.0320306 0.901081 9.9973E-05 0.0281997
9.9964E-05 0.0763469 0.0194482 9.9964E-05 0.903805 9.9964E-05 9.9964E-05
0.296906 0.479003 9.9982E-05 0.148781 0.0659783 0.00913118 9.9982E-05
0.113055 0.568446 0.0120661 0.0792756 0.112263 0.103323 0.0115718
0.688362 0.0608118 9.9982E-05 9.9982E-05 0.0505508 0.0998982 0.100178
0.111592 0.403818 0.0133394 0.123041 0.0642269 0.0783972 0.205586
0.434765 0.402007 9.9973E-05 9.9973E-05 0.06121 0.101719 9.9973E-05
0.279871 0.659224 9.9964E-05 9.9964E-05 0.0605056 9.9964E-05 9.9964E-05
0.248154 0.556275 0.0881005 0.00970623 9.9991E-05 0.0191268 0.0785375
0.415284 0.479733 9.9973E-05 0.0354271 9.9973E-05 9.9973E-05 0.0692552
0.747613 9.9964E-05 9.9964E-05 9.9964E-05 0.0615681 0.190419 9.9964E-05
0.218067 0.467992 9.9991E-05 0.10863 0.0846281 0.108459 0.0121239
0.121441 0.693354 9.9991E-05 0.0108604 0.037894 0.0922043 0.0441462
0.0578345 0.579293 0.132582 0.0521733 0.0356188 0.0672108 0.0752881
0.59559 0.28923 0.0991287 0.00861195 0.00723905 9.9982E-05 9.9982E-05
0.383695 0.517352 0.03173 0.0329538 0.030237 9.9991E-05 0.0039325
0.425229 0.387217 0.0469644 0.00375271 9.9982E-05 0.136637 9.9982E-05
0.554469 0.321448 9.9973E-05 0.0823439 9.9973E-05 9.9973E-05 0.0414397
0.428544 0.398914 9.9973E-05 9.9973E-05 0.070467 0.101775 9.9973E-05
0.0653636 0.655143 0.111717 9.9982E-05 0.0187357 0.148841 9.9982E-05
0.0768772 0.238582 0.0481094 0.0196743 0.0812234 0.305804 0.22973
9.9991E-05 0.426902 0.0461615 0.0561351 0.144129 0.161917 0.164654
0.0437817 0.401805 0.109889 0.0429067 0.111999 0.289518 9.9991E-05
0.0432343 0.509895 0.0631989 0.0115282 0.0561258 0.209381 0.106638
0.137054 0.578854 0.0921011 0.0374702 0.050028 0.089177 0.0153153
9.9973E-05 0.53126 9.9973E-05 9.9973E-05 0.0217108 0.356512 0.0902173
0.0872171 0.639275 0.0315141 0.00192428 0.0190781 0.171833 0.049159
0.0647051 0.514819 9.9982E-05 0.00789216 9.9982E-05 0.393872 0.0185115
0.144727 0.596801 0.12696 9.9982E-05 0.121862 0.00945109 9.9982E-05
0.100557 0.585255 0.0653201 0.059686 0.0423995 0.146683 9.9991E-05
0.0790375 0.648635 0.0687279 9.9991E-05 0.0106184 0.171264 0.0216176
0.0665818 0.56727 9.99734E-05 9.99734E-05 0.00887373 0.356975 9.99734E-05
9.9991E-05 0.5535 0.0905657 0.0955913 0.0521274 0.104211 0.103904
0.0491285 0.548977 0.0603191 0.0533316 0.0630807 0.210596 0.0145665
0.0659751 0.564249 9.9982E-05 0.0130551 9.9982E-05 0.179836 0.176685
0.00669264 0.67145 0.146914 9.9991E-05 0.0919341 0.0536315 0.0292782
0.103983 0.507779 0.0173023 0.0486687 9.9991E-05 0.229891 0.0922763
0.00128206 0.423667 0.0983362 9.9991E-05 0.038036 0.314711 0.123868
0.035609 0.643089 0.050151 0.0733734 9.9982E-05 0.197577 9.9982E-05
9.9982E-05 0.764722 0.0122211 9.9982E-05 0.0330611 0.151509 0.0382872
0.217313 0.196247 9.9982E-05 0.128862 9.9982E-05 0.381146 0.0762316
0.0902398 0.170353 0.182814 0.0627296 9.9991E-05 0.246605 0.247159
9.9991E-05 0.54916 0.0979525 0.0514088 0.0257558 0.184669 0.0909536
0.161067 0.132746 0.11751 0.00859906 9.9991E-05 0.282818 0.29716
0.0506182 0.28628 0.0580735 0.00101985 0.0500086 0.371871 0.182129
0.0645786 0.483517 9.9973E-05 9.9973E-05 9.9973E-05 0.357871 0.0937328
0.185256 0.348937 9.9982E-05 9.9982E-05 0.0359494 0.370801 0.0588573
0.149601 0.284993 0.0421274 0.0272886 9.9991E-05 0.464653 0.0312374
0.0528583 0.700451 0.0497046 9.9991E-05 0.0375609 0.125479 0.0338463
0.0824585 0.496247 0.0204059 0.14067 0.0432128 0.180896 0.0361094
0.000241721 0.557311 9.9982E-05 9.9982E-05 0.0979987 0.207327 0.136921
0.154111 0.13008 0.222585 0.0433234 9.9991E-05 0.361428 0.0883722
0.181165 0.455098 0.030389 0.0599576 0.187715 9.9991E-05 0.0855762
0.135018 0.518754 0.184191 0.0302266 0.00890532 0.049675 0.073229
0.171237 9.9982E-05 0.49368 9.9982E-05 0.0913118 0.143467 0.100104
0.0932972 0.662681 0.0660716 9.9982E-05 0.0492848 9.9982E-05 0.128466
0.131772 0.433581 0.246887 9.9991E-05 0.0810463 0.0606175 0.045996
9.9991E-05 0.431835 0.127287 0.0301404 0.155225 0.142261 0.113151
0.204682 0.208856 0.349433 0.0409966 0.0862983 0.0786771 0.031057
0.060431 0.242179 0.502097 9.9991E-05 0.000819125 0.165885 0.0284897
0.0507961 0.437636 0.194588 9.9991E-05 0.0612461 0.0821491 0.173485
0.0148924 0.527297 0.155718 0.0340263 0.168777 0.094269 0.00502039
0.0889491 0.345362 0.241111 0.0781793 0.0530693 0.157223 0.0361057
0.0401396 0.5895 0.054228 9.9982E-05 0.188984 9.9982E-05 0.126949
9.9991E-05 0.529196 0.0525617 0.10371 0.155148 0.0440292 0.115255
0.183031 9.9991E-05 0.333156 0.214974 0.00157381 0.16936 0.0978055
0.110158 0.506684 9.9991E-05 0.100854 0.102379 0.113176 0.0666491
0.146333 0.527071 0.0597823 0.0324357 0.122687 0.111591 9.9991E-05
0.183523 0.381761 0.278714 9.9982E-05 9.9982E-05 0.0668917 0.08891
0.203326 0.528399 0.175132 9.9982E-05 9.9982E-05 0.0439205 0.0490231
0.133449 0.554644 9.9991E-05 0.052264 0.138286 0.0917584 0.0294983
0.0485597 0.530483 0.107065 0.0884487 0.1634 0.0244333 0.0376102
0.0208518 0.157345 0.287703 0.279448 0.254452 9.9982E-05 9.9982E-05
9.9964E-05 9.9964E-05 0.432791 0.12226 0.444548 9.9964E-05 9.9964E-05
9.9973E-05 9.9973E-05 0.407068 0.138099 0.427448 9.9973E-05 0.0270851
0.0107201 0.0933109 0.209332 0.308775 0.377662 9.9982E-05 9.9982E-05
0.0522189 0.705273 0.242108 9.9964E-05 9.9964E-05 9.9964E-05 9.9964E-05
0.104689 0.507473 0.191251 0.0151967 0.0551703 0.0385426 0.0876766
9.9964E-05 0.339746 9.9964E-05 0.639619 9.9964E-05 0.0202353 9.9964E-05
0.0453581 0.384456 9.9991E-05 0.387884 0.0351504 0.124064 0.0229877
0.0586267 0.37519 9.9991E-05 0.376952 0.0910244 0.0246682 0.0734393
0.0508841 0.328042 0.436461 9.9973E-05 9.9973E-05 9.9973E-05 0.184313
0.0784072 0.507727 0.156557 9.9991E-05 0.099651 0.0787108 0.0788474
9.9973E-05 0.264742 0.524772 9.9973E-05 9.9973E-05 0.0238227 0.186363
0.0616747 0.66189 0.149392 9.9982E-05 9.9982E-05 0.102776 0.0240674
0.0809462 0.42842 0.168559 9.9991E-05 0.0568245 0.105659 0.159492
0.0181233 0.601809 0.264158 0.00506964 9.9991E-05 0.050301 0.060439
0.154312 0.201942 0.483949 9.9982E-05 9.9982E-05 0.0480948 0.111502
0.0712595 0.498633 0.115875 0.127647 9.9991E-05 0.0719256 0.114561
0.0747625 0.544884 0.146563 0.10497 0.0288147 0.0773972 0.0226079
0.132614 0.413018 0.0377767 0.231082 0.0525238 0.132886 9.9991E-05
0.0183234 0.012117 9.9964E-05 0.96916 9.9964E-05 9.9964E-05 9.9964E-05
9.9964E-05 0.123542 9.9964E-05 0.862087 9.9964E-05 0.0139711 9.9964E-05
9.9982E-05 0.253609 0.0298735 0.637227 0.00903766 0.070053 9.9982E-05
9.9964E-05 0.298014 9.9964E-05 0.679605 9.9964E-05 0.021982 9.9964E-05
9.9973E-05 0.122138 9.9973E-05 0.83332 0.01756 0.0266817 9.9973E-05
9.995E-05 9.995E-05 9.995E-05 0.9994 9.995E-05 9.995E-05 9.995E-05
9.9964E-05 9.9964E-05 9.9964E-05 0.936947 9.9964E-05 0.0528058 0.00984705
0.00235804 0.135709 9.9973E-05 0.840816 9.9973E-05 9.9973E-05 0.0208173
9.9964E-05 0.00430838 9.9964E-05 0.948912 9.9964E-05 0.0463799 9.9964E-05
9.9955E-05 9.9955E-05 0.0154365 0.984064 9.9955E-05 9.9955E-05 9.9955E-05
9.995E-05 9.995E-05 9.995E-05 0.9994 9.995E-05 9.995E-05 9.995E-05
9.9982E-05 0.163324 0.0114784 0.784823 0.0162488 9.9982E-05 0.0239262
0.0178324 0.155122 9.9982E-05 0.728181 0.0601732 0.0384924 9.9982E-05
0.0355947 9.9955E-05 9.9955E-05 0.963905 9.9955E-05 9.9955E-05 9.9955E-05
0.0597778 0.298907 9.9982E-05 0.44127 0.0612785 0.138566 9.9982E-05
0.0161024 0.188636 9.9982E-05 0.714687 0.00406093 0.0763141 9.9982E-05
9.9964E-05 0.1614 9.9964E-05 0.777299 0.0609005 9.9964E-05 9.9964E-05
9.9973E-05 0.0942683 9.9973E-05 0.874792 0.00197964 0.0286605 9.9973E-05
9.9964E-05 0.0294407 9.9964E-05 0.966681 0.00347837 9.9964E-05 9.9964E-05
9.9973E-05 0.0704824 9.9973E-05 0.919914 0.00218728 0.00711667 9.9973E-05
9.9955E-05 9.9955E-05 0.0131688 0.986331 9.9955E-05 9.9955E-05 9.9955E-05
9.9991E-05 0.236386 0.00720441 0.647888 0.0294764 0.0014387 0.0775062
0.0325384 0.0255936 9.9982E-05 0.927642 0.00584122 0.00818473 9.9982E-05
0.0241244 9.9982E-05 0.641327 0.0464955 0.248461 9.9982E-05 0.0393922
9.9982E-05 0.416064 0.218022 0.0866267 0.108446 0.170642 9.9982E-05
0.0849844 0.450418 0.212163 0.0311709 0.215699 0.00546414 9.9991E-05
9.9982E-05 0.210317 0.498273 0.0867447 0.184749 0.0197172 9.9982E-05
0.010039 0.510571 0.219427 0.0840754 0.112781 0.0630057 9.9991E-05
0.0486611 0.173939 0.436633 0.107083 0.202353 9.9991E-05 0.031232
0.0262211 0.488541 0.211895 9.9982E-05 0.232654 9.9982E-05 0.0404892
0.121246 0.232552 0.406305 0.195269 0.0444287 9.9982E-05 9.9982E-05
9.9991E-05 0.501895 0.21325 0.128775 0.116403 0.0189822 0.0205936
9.9973E-05 0.306526 0.398664 0.212292 0.0822177 9.9973E-05 9.9973E-05
0.00319651 0.481693 0.0843762 0.139398 0.087487 9.9991E-05 0.203749
0.00390641 0.536902 0.228125 0.0229064 0.182195 9.9991E-05 0.0258656
9.9982E-05 0.0542026 0.0606739 9.9982E-05 0.789628 0.0909607 0.00433459
9.9973E-05 9.9973E-05 0.036826 0.0265418 0.908399 9.9973E-05 0.0279328
9.9964E-05 9.9964E-05 9.9964E-05 0.00845836 0.932817 0.0583249 9.9964E-05
9.9982E-05 0.00955725 0.0157789 9.9982E-05 0.938498 0.020351 0.0156149
9.9982E-05 0.0424851 0.0110785 0.0181829 0.880889 0.0471648 9.9982E-05
9.9964E-05 9.9964E-05 9.9964E-05 0.0553698 0.878302 9.9964E-05 0.0659288
9.9964E-05 0.0035142 9.9964E-05 0.104691 0.891395 9.9964E-05 9.9964E-05
9.9973E-05 0.0166319 9.9973E-05 9.9973E-05 0.89407 0.0290633 0.0599348
0.0866464 0.011624 9.9973E-05 9.9973E-05 0.898505 9.9973E-05 0.00292503
9.9973E-05 9.9973E-05 9.9973E-05 0.093424 0.854844 0.0390835 0.0123482
0.0380857 9.9973E-05 9.9973E-05 9.9973E-05 0.603315 0.243395 0.114904
0.0919685 9.9973E-05 9.9973E-05 9.9973E-05 0.567775 0.323039 0.0169174
9.9973E-05 9.9973E-05 0.106521 9.9973E-05 0.517478 0.254314 0.121388
0.0782068 9.9982E-05 0.0559768 9.9982E-05 0.517771 0.308825 0.0390208
0.216685 0.563694 9.9982E-05 9.9982E-05 0.0655888 0.0870439 0.0667889
0.281678 0.482294 9.9982E-05 0.00653129 9.9982E-05 0.105737 0.12356
0.214561 0.525046 0.000296656 9.9991E-05 0.0147132 0.19887 0.046413
0.196844 0.455753 9.9991E-05 0.090129 0.0627429 0.189224 0.00520768
0.175791 0.413265 0.0159975 9.9991E-05 0.0932857 0.253096 0.0484653
0.160661 0.155367 0.119061 0.00157812 9.9991E-05 0.537878 0.0253547
0.131927 0.561316 9.9991E-05 0.0896588 0.109962 0.0359663 0.0710698
0.311993 0.536362 0.00294762 9.9991E-05 0.0370118 0.101629 0.00995579
0.323652 0.51324 0.0817679 0.00190017 9.9991E-05 0.0543071 0.0250331
0.589829 0.307369 0.020679 0.0818229 9.9973E-05 9.9973E-05 9.9973E-05
0.145011 0.654741 9.9991E-05 0.0112273 0.022885 0.11906 0.0469752
0.430921 0.445575 0.00172495 9.9991E-05 0.0192175 0.0825951 0.0198667
0.762144 9.9964E-05 9.9964E-05 9.9964E-05 9.9964E-05 0.0251218 0.212334
0.114056 0.552559 9.9982E-05 9.9982E-05 0.0533746 0.155833 0.123978
0.521116 0.227908 0.0617643 0.0245111 0.00370091 9.9991E-05 0.1609
0.416161 0.526464 9.9973E-05 9.9973E-05 0.00866938 9.9973E-05 0.048405
0.675916 0.0592777 9.9973E-05 9.9973E-05 0.0465245 0.217982 9.9973E-05
0.00728815 0.0465808 0.0576752 9.9991E-05 0.113338 0.737428 0.0375904
9.9982E-05 0.0579832 0.0167525 9.9982E-05 0.0946508 0.703932 0.126482
9.9973E-05 0.0427921 9.9973E-05 9.9973E-05 0.03314 0.780983 0.142785
0.073106 9.9973E-05 9.9973E-05 9.9973E-05 0.122111 0.746277 0.058206
9.9982E-05 0.0337343 0.0266964 0.0293618 9.9982E-05 0.797075 0.112933
9.9991E-05 0.071617 0.00618357 0.0269553 0.0790808 0.728552 0.087511
0.00164275 0.080701 9.9973E-05 9.9973E-05 0.880165 9.9973E-05 0.0371917
9.9973E-05 0.109305 9.9973E-05 0.000343634 0.796799 0.0932524 9.9973E-05
9.9973E-05 0.140376 0.0206347 0.0601477 0.778542 9.9973E-05 9.9973E-05
9.9982E-05 0.0714249 0.000280966 0.0513788 0.733915 0.142801 9.9982E-05
9.9982E-05 0.0595908 0.0362233 0.0781357 0.791114 0.0347361 9.9982E-05
0.0357239 9.9973E-05 0.0900065 9.9973E-05 0.372788 0.501182 9.9973E-05
0.0976455 9.9973E-05 0.0228327 9.9973E-05 0.464889 0.414333 9.9973E-05
0.069957 9.9973E-05 9.9973E-05 9.9973E-05 0.418949 0.421259 0.0895348
9.9973E-05 0.124783 9.9973E-05 0.0103031 0.816059 0.0485547 9.9973E-05
0.0751305 9.9982E-05 9.9982E-05 0.0217649 0.410163 0.456959 0.0357828
9.9982E-05 0.3097 0.155462 0.296754 0.21137 9.9982E-05 0.0265134
0.0564108 0.55277 0.0310569 0.218772 0.14079 9.9982E-05 9.9982E-05
9.9964E-05 0.521656 9.9964E-05 0.263727 0.214218 9.9964E-05 9.9964E-05
0.0872292 0.378744 0.0859916 0.17404 0.25765 0.0162445 9.9991E-05
0.0598643 0.44936 0.0282678 0.210184 0.17205 0.0801734 9.9991E-05
9.9973E-05 9.9973E-05 0.256603 0.300803 0.422839 9.9973E-05 0.0194552
0.113365 0.455567 0.0223367 9.9982E-05 9.9982E-05 0.330831 0.0777007
0.10796 0.39759 0.115206 9.9982E-05 9.9982E-05 0.190119 0.188924
9.9982E-05 0.275751 0.0139883 9.9982E-05 0.089411 0.53625 0.0844
0.024622 0.519847 9.9973E-05 9.9973E-05 9.9973E-05 0.14131 0.313921
0.191018 9.9973E-05 0.238694 9.9973E-05 9.9973E-05 0.0950948 0.474893
0.0259295 0.481191 0.127823 0.0497165 0.0678553 0.157056 0.0904285
0.0770328 0.492296 0.0639016 9.9991E-05 0.0328582 0.141239 0.192571
0.0902576 0.350879 0.0172351 9.9991E-05 0.0368803 0.409027 0.0956209
0.00408264 0.466733 0.110777 0.122248 0.0302414 0.131981 0.133937
0.111018 0.16926 0.211072 9.9982E-05 9.9982E-05 0.292499 0.215952
0.0997559 0.405566 0.0928266 0.0361423 9.9991E-05 0.11542 0.25019
0.0916769 0.472832 0.0894519 0.0131462 9.9991E-05 0.275196 0.0575968
0.166015 0.312384 0.00168644 0.242965 0.135822 0.0578337 0.0832937
0.0177236 0.385477 0.0715795 9.9982E-05 9.9982E-05 0.263153 0.261867
0.0543475 0.437318 0.0198425 0.0576095 9.9991E-05 0.290553 0.140229
0.0748839 0.513866 0.0204704 0.0825285 9.9991E-05 0.167053 0.141098
0.0252233 0.48366 0.14223 0.00665079 9.9991E-05 0.189214 0.152921
0.130795 0.592545 0.0465141 0.0958814 0.00030665 0.0755208 0.0584365
0.149343 0.436908 9.9991E-05 0.146938 0.0729533 0.0981109 0.0956474
9.9991E-05 0.537635 0.0351699 0.0563754 0.0561456 0.20681 0.107764
9.9973E-05 0.146655 9.9973E-05 0.0658225 0.775653 9.9973E-05 0.0115703
0.0197494 0.0899825 9.9973E-05 9.9973E-05 0.867793 9.9973E-05 0.0221753
0.0824646 0.0622441 0.0246062 9.9982E-05 0.802846 0.0276387 9.9982E-05
0.0645233 0.0580156 9.9991E-05 0.0119724 0.822978 0.0217482 0.0206628
0.00892535 0.13993 9.9964E-05 9.9964E-05 0.850745 9.9964E-05 9.9964E-05
0.0669197 0.160226 0.0241062 0.0819269 9.9982E-05 0.666621 9.9982E-05
9.9991E-05 0.5195 0.0561947 0.0179593 0.0993152 0.0505122 0.256418
0.0808797 0.43286 0.101407 0.151142 0.1799 0.00216186 0.0516508
9.9991E-05 0.630867 0.0734497 0.0174083 0.0584646 0.141253 0.078457
0.166085 0.500363 9.9991E-05 0.00414604 0.115707 0.182837 0.0307625
9.9991E-05 0.318575 0.169798 0.0422469 0.0125422 0.295464 0.161275
0.199243 9.9982E-05 0.0715706 9.9982E-05 0.131887 0.560931 0.0361695
0.0292585 0.537139 9.9982E-05 9.9982E-05 0.0267288 0.346377 0.0602966
9.9973E-05 0.203836 9.9973E-05 9.9973E-05 0.11667 0.498119 0.181075
0.146296 0.373832 0.0565721 0.0360382 0.046995 0.19713 0.143136
0.0245274 0.091836 9.9991E-05 0.0104216 0.147105 0.54146 0.18455
0.0770779 0.621972 0.0141321 9.9991E-05 0.126639 0.138801 0.0212786
0.134645 0.162126 0.0521063 0.0285587 0.0727732 0.460817 0.0889727
0.177995 0.514707 9.9991E-05 0.0879325 0.157638 0.0521246 0.00950275
0.100807 0.332273 0.148269 0.0612702 9.9991E-05 0.33749 0.0197904
0.226267 0.369315 0.149831 0.0774255 0.0202347 0.156827 9.9991E-05
9.9973E-05 0.236416 0.517801 9.9973E-05 9.9973E-05 0.113733 0.13175
0.012773 0.605616 0.321484 9.9973E-05 0.0598267 9.9973E-05 9.9973E-05
0.128412 0.564895 0.140474 0.0240096 0.0596202 0.0824894 9.9991E-05
0.0804024 0.353504 0.459669 9.9982E-05 9.9982E-05 0.0976488 0.00857598
0.0452974 0.405308 0.148343 0.0189778 0.15297 9.9991E-05 0.229004
0.0233103 0.526836 0.208219 0.0421782 0.0438792 0.0855316 0.0700451
0.103702 0.526718 0.196103 9.9991E-05 0.0261684 0.00103495 0.146173
0.131427 0.105932 0.58596 9.9982E-05 9.9982E-05 0.08169 0.0947909
0.0667974 0.28501 0.594493 9.9982E-05 9.9982E-05 0.0253596 0.0281395
9.9973E-05 0.525269 0.312588 9.9973E-05 9.9973E-05 0.0767361 0.0851076
0.277996 0.159093 0.459485 9.9982E-05 9.9982E-05 0.0621287 0.0410977
0.0885303 0.392018 0.36743 9.9973E-05 9.9973E-05 0.151722 9.9973E-05
0.203479 0.0956605 0.0183887 0.0441439 9.9982E-05 0.638128 9.9982E-05
0.0505163 0.220864 0.0617641 9.9982E-05 9.9982E-05 0.28653 0.380126
0.133545 0.388025 9.9991E-05 0.0217035 0.0465942 0.273092 0.13694
0.0380293 0.655858 0.0551609 0.011478 0.00572212 0.161406 0.0723453
0.205271 0.279743 9.9973E-05 9.9973E-05 9.9973E-05 0.504013 0.0106727
9.9991E-05 0.505358 0.0783321 0.029598 0.0664655 0.14684 0.173307
0.0557275 0.551985 0.0174718 0.113142 0.0635372 0.195822 0.00231479
0.0816237 0.526991 0.0206816 0.0703203 0.0121865 0.209447 0.07875
0.0951205 0.504527 0.0463693 0.073931 0.00567314 0.214923 0.059456
0.268985 0.370145 9.9973E-05 0.0664868 9.9973E-05 0.294083 9.9973E-05
0.234618 0.202781 9.9973E-05 0.0750602 9.9973E-05 0.487241 9.9973E-05
0.0508129 0.326259 9.9982E-05 0.120215 9.9982E-05 0.423176 0.0793368
0.0383304 0.593513 9.9982E-05 0.0216796 9.9982E-05 0.2582 0.0880771
0.114299 0.64688 0.0573717 0.0321692 0.0458321 0.103348 9.9991E-05
9.9982E-05 0.3464 0.0113389 9.9982E-05 0.0861547 0.270019 0.285888
9.9982E-05 0.536125 0.078597 0.0404772 9.9982E-05 0.234136 0.110464
9.9982E-05 0.39922 0.0884291 0.0496446 0.0280138 0.434492 9.9982E-05
0.107046 0.644885 9.9973E-05 0.0109884 9.9973E-05 0.23678 9.9973E-05
0.125929 0.452299 0.0155835 0.0978243 0.0539037 0.188383 0.0660774
0.08138 0.493966 0.0337132 0.123633 0.0872523 0.179956 9.9991E-05
0.0271243 0.419308 0.093377 0.119993 0.339998 9.9982E-05 9.9982E-05
0.0882008 0.452152 0.0834036 0.190235 0.147 9.9991E-05 0.0389087
0.0793757 0.464948 0.0638133 0.116109 0.159573 0.0978182 0.0183636
0.0352572 0.518487 0.0329253 0.1569 0.0696596 0.0889092 0.0978622
0.104629 0.414172 9.9991E-05 0.21117 0.238426 0.0108794 0.0206236
0.0426322 0.443988 0.129723 9.9982E-05 9.9982E-05 0.132921 0.250536
0.159667 0.446293 0.0321807 0.190315 0.128848 9.9991E-05 0.0425958
0.132471 9.9982E-05 0.422728 0.149381 0.241917 9.9982E-05 0.0533034
0.0135922 0.520983 0.0774333 0.152738 0.167181 0.0679721 9.9991E-05
9.9991E-05 0.499351 0.052355 0.151851 0.12536 0.0494664 0.121516
9.9982E-05 0.386409 0.0636086 0.318292 9.9982E-05 0.0945741 0.136917
0.0758352 0.275011 0.172366 0.16125 0.128209 0.0954727 0.0918556
0.0486581 0.550283 0.129439 0.0574183 0.18076 0.033341 9.9991E-05
9.9982E-05 0.632155 0.0757509 0.101232 0.114631 9.9982E-05 0.0760319
0.0103178 9.9982E-05 0.332623 0.141601 0.48557 9.9982E-05 0.0296876
9.9982E-05 0.623292 0.0869457 0.0460459 0.206257 0.0372601 9.9982E-05
0.072002 0.503696 0.0136677 0.116493 0.212715 9.9991E-05 0.0813262
0.10211 0.554601 0.061135 0.106187 0.0974094 0.0710115 0.00754704
9.9973E-05 0.545946 0.144249 0.183445 0.12606 9.9973E-05 9.9973E-05
9.9973E-05 0.508138 9.9973E-05 0.168246 0.172995 0.150321 9.9973E-05
0.0869155 0.362971 9.9991E-05 0.10423 0.032675 0.0772079 0.3359
0.000706743 0.556647 9.9991E-05 0.0189842 0.102452 0.0579791 0.263131
0.0843649 9.9964E-05 9.9964E-05 9.9964E-05 9.9964E-05 0.00326423 0.911971
0.10674 0.331663 0.0392692 0.198924 0.0739288 0.110532 0.138944
0.199173 0.447617 0.0190018 0.0341319 0.194048 0.0270122 0.0790167
9.9964E-05 9.9964E-05 9.9964E-05 9.9964E-05 0.0329082 0.0296655 0.937026
0.0323724 0.429347 9.9991E-05 0.1036 0.0274733 0.058162 0.348946
9.9982E-05 0.416503 0.123416 0.282369 0.110577 9.9982E-05 0.066936
9.9973E-05 0.266951 9.9973E-05 0.365782 0.0813874 9.9973E-05 0.285579
9.9982E-05 0.14983 0.148178 0.290914 0.216472 9.9982E-05 0.194407
9.9973E-05 0.320394 9.9973E-05 0.296804 0.177768 9.9973E-05 0.204734
0.027161 0.59679 9.9991E-05 0.089065 0.195794 0.0494099 0.0416796
9.9982E-05 0.0156138 0.0557874 0.0963511 0.105831 9.9982E-05 0.726216
0.00591771 0.0583677 9.9982E-05 0.127961 0.100187 9.9982E-05 0.707366
9.9973E-05 0.489569 9.9973E-05 0.0868718 9.9973E-05 0.0378518 0.385407
9.9973E-05 0.429235 9.9973E-05 0.0540383 0.0732743 9.9973E-05 0.443153
9.9973E-05 0.168935 9.9973E-05 0.0988573 0.0566742 9.9973E-05 0.675234
0.0273836 0.491804 0.0393947 0.0891827 0.074339 0.0395541 0.238342
0.0290868 0.49026 0.0397319 0.132156 9.9991E-05 0.0170638 0.291602
0.0411924 0.345027 0.0164626 0.18018 0.118616 0.073163 0.225358
9.9964E-05 0.315527 9.9964E-05 9.9964E-05 9.9964E-05 0.0399608 0.644112
9.9982E-05 0.323433 9.9982E-05 0.0428753 0.00683193 0.122814 0.503846
0.0195271 0.496227 0.055491 0.0293863 0.0303753 0.0748838 0.294109
9.9973E-05 0.413116 9.9973E-05 0.0414813 9.9973E-05 0.154106 0.390997
0.196169 0.452531 0.0206074 0.0181285 0.0737985 0.095171 0.143594
0.112568 0.517535 0.171536 9.9982E-05 0.0898355 9.9982E-05 0.108326
9.9973E-05 0.386742 0.116787 0.0351068 9.9973E-05 9.9973E-05 0.461065
9.9964E-05 0.241404 9.9964E-05 9.9964E-05 9.9964E-05 0.072601 0.685595
0.0366668 0.556013 9.9973E-05 9.9973E-05 0.0142421 9.9973E-05 0.392778
9.9991E-05 0.535754 0.0615185 0.053769 0.0696943 0.0884323 0.190732
0.0162408 0.243544 9.9973E-05 9.9973E-05 9.9973E-05 0.0438784 0.696036
0.00497087 0.376903 9.9973E-05 0.010211 9.9973E-05 9.9973E-05 0.607616
0.0850478 0.596695 9.9982E-05 0.0175331 0.0894617 9.9982E-05 0.211063
9.9991E-05 0.5199 0.00950837 0.0122661 0.0682682 0.0444869 0.345471
9.9991E-05 0.42209 0.0535251 0.216359 0.124799 0.0150095 0.168117
9.9991E-05 0.515668 0.129269 0.0575023 0.140656 0.0641003 0.0927054
9.9982E-05 0.33769 0.166133 0.207368 0.16117 9.9982E-05 0.127439
9.9991E-05 0.547483 0.110415 0.0504954 0.185588 0.0394175 0.0665007
9.9991E-05 0.356832 0.137213 0.163846 0.13796 0.114405 0.0896442
0.0495333 0.398827 0.20398 0.136063 0.17657 0.0349268 9.9991E-05
0.0732246 0.427712 9.9982E-05 0.252303 0.0751217 9.9982E-05 0.171439
9.9973E-05 9.9973E-05 0.0971294 0.155572 0.173293 9.9973E-05 0.573706
9.9982E-05 0.603249 0.0597722 0.190556 0.0459282 9.9982E-05 0.100294
9.9973E-05 9.9973E-05 0.10341 0.0862544 0.376704 9.9973E-05 0.433332
9.9973E-05 0.495448 9.9973E-05 0.130821 0.06505 9.9973E-05 0.308382
0.125409 0.0606188 0.00829738 9.9973E-05 9.9973E-05 9.9973E-05 0.805375
0.137172 9.9964E-05 9.9964E-05 9.9964E-05 0.0350711 9.9964E-05 0.827357
9.9964E-05 0.494812 0.0539102 9.9964E-05 9.9964E-05 9.9964E-05 0.450878
0.00408139 0.555865 9.9973E-05 9.9973E-05 0.0292168 9.9973E-05 0.410537
0.0189175 0.369694 9.9964E-05 9.9964E-05 9.9964E-05 9.9964E-05 0.610989
0.0990713 0.441541 9.9964E-05 9.9964E-05 9.9964E-05 9.9964E-05 0.458987
9.9955E-05 0.486198 9.9955E-05 9.9955E-05 9.9955E-05 9.9955E-05 0.513302
9.9982E-05 0.103013 9.9982E-05 0.00984247 0.795843 0.0246887 0.0664122
9.9973E-05 9.9973E-05 0.0696428 0.0894963 0.713031 0.12753 9.9973E-05
9.9964E-05 9.9964E-05 9.9964E-05 0.0437504 0.92332 0.0325294 9.9964E-05
9.9964E-05 0.0181351 9.9964E-05 9.9964E-05 0.925948 9.9964E-05 0.0555166
0.363543 0.532667 9.9991E-05 0.020896 0.0268199 0.0417256 0.0142483
0.4291 0.442224 0.0133094 0.0332802 0.0638662 0.0181206 9.9991E-05
0.368886 0.539948 9.9982E-05 0.00171143 9.9982E-05 0.0557413 0.0335133
0.281246 0.606605 9.9973E-05 0.000368705 0.111481 9.9973E-05 9.9973E-05
0.278317 0.46817 0.115662 0.0389346 0.0613645 0.0374515 9.9991E-05
0.548456 0.212262 0.136134 0.0104729 9.9991E-05 0.0641342 0.0284415
0.286652 0.632603 9.9973E-05 0.000862985 9.9973E-05 9.9973E-05 0.0795816
0.458704 0.322702 0.161017 9.9973E-05 9.9973E-05 9.9973E-05 0.0572766
9.9982E-05 0.448698 0.0456288 0.15842 0.263124 9.9982E-05 0.0839291
0.225969 0.426958 0.0489269 0.0347529 9.9991E-05 0.0816089 0.181684
0.49077 0.374469 9.9964E-05 9.9964E-05 9.9964E-05 0.134361 9.9964E-05
0.0613522 0.557217 0.170726 0.0865246 0.066332 9.9991E-05 0.0577486
0.349028 0.51548 9.9964E-05 9.9964E-05 9.9964E-05 9.9964E-05 0.135093
0.458451 0.452347 9.9973E-05 9.9973E-05 0.00557961 0.0833229 9.9973E-05
0.332464 0.582302 9.9973E-05 9.9973E-05 0.00252781 9.9973E-05 0.0824068
0.250623 0.571709 9.9973E-05 9.9973E-05 0.0447854 9.9973E-05 0.132583
0.848627 0.0273335 9.9964E-05 9.9964E-05 9.9964E-05 9.9964E-05 0.12364
0.576241 0.293104 0.0189696 0.0184119 0.0140313 0.0065108 0.072731
0.606335 0.285236 0.0116557 0.023202 9.9991E-05 0.0292532 0.0442183
0.880716 9.9964E-05 0.0759632 9.9964E-05 9.9964E-05 9.9964E-05 0.0429205
9.9991E-05 0.465243 0.0877886 0.159191 0.155551 0.112314 0.0198122
0.386417 0.38235 0.0814262 9.9991E-05 0.0421861 0.0837567 0.0237639
0.591644 0.110832 0.280486 0.000897162 9.9982E-05 9.9982E-05 0.0159403
0.774409 9.9973E-05 0.0973754 9.9973E-05 0.00615878 9.9973E-05 0.121757
0.182435 0.522082 0.00391002 0.0148462 0.086666 9.9991E-05 0.189961
0.644384 0.186663 9.9991E-05 0.00288767 0.0827727 0.0404173 0.0427758
0.468579 0.295375 0.0185166 0.121801 9.9982E-05 0.0955274 9.9982E-05
0.217822 0.603442 9.9973E-05 0.0143164 0.164119 9.9973E-05 9.9973E-05
0.377769 0.501227 9.9973E-05 0.0464748 9.9973E-05 0.074229 9.9973E-05
0.0458881 0.418919 0.150377 0.0256388 9.9991E-05 0.224736 0.134341
0.410555 0.502359 9.9991E-05 0.00296587 0.024668 0.00659059 0.0527609
0.357502 0.454369 0.00423696 0.019029 0.0865196 0.0782427 9.9991E-05
0.656762 0.342738 9.9955E-05 9.9955E-05 9.9955E-05 9.9955E-05 9.9955E-05
0.19679 0.478745 0.0597045 0.0411756 0.0900904 0.00678062 0.126713
0.019268 0.00290288 0.127173 0.000996594 0.617744 0.231816 9.9991E-05
0.0715441 0.0814391 9.9982E-05 9.9982E-05 0.726481 0.108916 0.0114202
9.9964E-05 9.9964E-05 0.0756714 9.9964E-05 0.785388 0.138541 9.9964E-05
0.0173471 9.9982E-05 0.0191454 9.9982E-05 0.784689 0.140775 0.0378435
9.9973E-05 0.0342322 0.0679876 9.9973E-05 0.701559 0.195921 9.9973E-05
0.710237 0.0843599 9.9982E-05 0.0720345 0.0175195 0.115649 9.9982E-05
0.676735 0.150051 0.0113522 9.9982E-05 0.0637678 0.0978945 9.9982E-05
0.691011 0.139525 0.0693914 9.9973E-05 9.9973E-05 9.9973E-05 0.099773
0.233742 0.555112 0.00773613 9.9982E-05 0.157532 9.9982E-05 0.0456779
0.104722 0.584035 9.9991E-05 0.0454795 0.0562893 0.183824 0.0255493
0.577469 0.287947 0.0721694 0.0621144 9.9973E-05 9.9973E-05 9.9973E-05
0.261311 0.631471 9.9982E-05 0.0717458 9.9982E-05 0.0295548 0.00571674
0.38294 0.364467 0.098594 0.0256118 0.0999861 9.9991E-05 0.0283014
0.108554 0.533724 0.130308 9.9991E-05 0.0853431 0.0213784 0.120593
0.336135 0.530951 0.0514123 0.0378126 9.9991E-05 0.0105216 0.0330682
0.247765 0.585423 0.00945454 0.0338673 0.0502402 0.0307103 0.0425397
0.562873 0.245192 9.9973E-05 9.9973E-05 9.9973E-05 0.150063 0.0415726
0.603742 0.305088 0.0360232 9.9973E-05 9.9973E-05 0.0548469 9.9973E-05
0.566461 0.325104 9.9964E-05 9.9964E-05 9.9964E-05 0.108036 9.9964E-05
0.00798396 0.608158 0.271945 0.0190007 0.0512555 0.0415574 9.9991E-05
0.49505 0.433991 9.9973E-05 9.9973E-05 0.0118874 0.0587716 9.9973E-05
0.474125 0.460448 9.9991E-05 0.0163551 0.0207782 0.0257698 0.00242333
9.9964E-05 0.520975 0.073748 0.404877 9.9964E-05 9.9964E-05 9.9964E-05
0.0121885 0.292968 0.10368 0.445559 0.142391 9.9991E-05 0.00311465
9.9991E-05 0.402979 0.0696329 0.469588 0.0540437 0.00152371 0.0021327
9.9982E-05 0.303271 0.0735339 0.451471 0.0859186 9.9982E-05 0.0856056
9.9982E-05 0.529235 0.0241237 0.292061 0.129968 9.9982E-05 0.0244125
0.269111 0.417283 0.18115 0.0853945 9.9991E-05 0.0159726 0.0309888
9.9982E-05 0.0406226 0.015382 0.610297 0.328088 9.9982E-05 0.00541007
0.0539746 0.320933 0.0412515 0.404753 0.178888 9.9982E-05 9.9982E-05
0.149067 0.359994 0.174587 0.163305 0.15171 0.0012371 9.9991E-05
9.9973E-05 0.615317 0.255526 9.9973E-05 0.0739553 0.0549014 9.9973E-05
0.0193829 0.405992 0.431601 0.013896 0.0488375 0.0801906 9.9991E-05
9.9982E-05 0.609455 0.256267 0.037531 0.0444946 0.0520519 9.9982E-05
0.0979993 0.630957 0.0953359 0.00965405 0.0837288 0.0822252 9.9991E-05
9.9973E-05 0.312567 0.0528947 0.449316 0.184922 9.9973E-05 9.9973E-05
0.0282161 0.394956 0.0157311 0.381036 0.048164 0.108639 0.023257
9.9973E-05 0.409375 9.9973E-05 0.484763 0.0638078 0.0417549 9.9973E-05
0.0578383 0.412054 0.0597563 0.320744 0.0924158 0.0464312 0.0107601
0.0773172 0.222435 0.0422628 0.529021 0.117156 9.9991E-05 0.0117077
9.9991E-05 0.352685 0.0513633 0.320607 0.117692 0.00366427 0.153889
9.9982E-05 0.261037 0.0256805 0.582669 0.109912 9.9982E-05 0.0205016
9.9991E-05 0.368386 0.0887715 0.364167 0.0638059 0.105032 0.0097377
0.0196032 0.57149 0.375758 0.0163472 0.016602 9.9982E-05 9.9982E-05
9.9991E-05 0.409182 0.0614492 0.28168 0.188117 0.0176118 0.0418603
9.9973E-05 0.144134 0.0617411 0.661751 0.132074 9.9973E-05 9.9973E-05
0.0171961 0.548298 9.9991E-05 0.207503 0.174866 0.0496073 0.00243048
0.109565 0.348965 9.9982E-05 0.394155 0.115124 9.9982E-05 0.0319901
0.120572 0.168472 0.396462 9.9982E-05 0.105262 0.209031 9.9982E-05
9.9973E-05 0.630481 0.227791 0.0339066 9.9973E-05 0.107521 9.9973E-05
0.0171783 0.320295 9.9991E-05 0.371684 0.141919 0.132585 0.0162386
9.9982E-05 0.511339 0.18344 0.0736852 0.111458 0.119878 9.9982E-05
0.0272212 0.520954 0.284954 9.9982E-05 0.108445 0.0582268 9.9982E-05
0.148407 0.376381 0.13356 0.177591 0.134774 0.00912222 0.0201659
9.9982E-05 0.326672 0.0564847 0.309454 0.208809 9.9982E-05 0.098381
0.0331312 0.502109 0.169388 0.13695 0.00955466 9.9991E-05 0.148768
0.170239 0.349531 0.0745431 0.320748 0.0847393 9.9982E-05 9.9982E-05
0.0932513 0.287146 0.126831 0.36525 0.127322 9.9982E-05 9.9982E-05
9.9982E-05 0.384961 0.0107421 0.47618 0.102716 9.9982E-05 0.025201
9.9973E-05 0.191724 0.0585839 0.531697 0.217696 9.9973E-05 9.9973E-05
9.9982E-05 0.626944 0.187637 0.043892 0.083287 9.9982E-05 0.0580399
0.0728939 0.49067 0.274717 9.9982E-05 0.0616253 0.0998934 9.9982E-05
9.9982E-05 0.183943 0.703096 0.0288015 0.0611119 0.0228472 9.9982E-05
0.032314 0.672204 0.049786 0.0817995 0.0898434 0.0215263 0.0525264
0.0699305 0.408075 0.0650921 0.0470108 0.104638 0.193528 0.111726
0.143435 0.479372 0.0674268 0.116935 0.192166 9.9991E-05 0.000564759
0.0165371 0.416889 0.168033 0.0956349 0.108571 0.120167 0.074168
9.9964E-05 9.9964E-05 0.576624 0.187939 0.235037 9.9964E-05 9.9964E-05
9.9964E-05 9.9964E-05 0.725657 0.0585999 0.215343 9.9964E-05 9.9964E-05
0.0234451 0.291855 0.325325 0.131985 0.0848762 0.069083 0.0734303
0.0459666 0.0208124 0.421123 0.192386 0.313924 0.00568862 9.9991E-05
9.9973E-05 9.9973E-05 0.426252 0.192747 0.370193 9.9973E-05 0.0105073
0.0906209 0.414339 0.271597 0.0486219 0.132443 9.9991E-05 0.042278
0.0157753 0.472661 0.122084 0.0934449 0.202683 9.9991E-05 0.0932512
0.104808 0.180558 0.319875 0.154726 0.239832 9.9982E-05 9.9982E-05
9.9973E-05 0.180099 0.520747 0.0615813 0.237272 9.9973E-05 9.9973E-05
0.0118084 0.496686 0.222218 0.0880421 0.131402 0.0191749 0.0306683
0.154552 0.139659 0.404443 0.114594 0.186551 9.9982E-05 9.9982E-05
9.9964E-05 9.9964E-05 0.586411 0.0576433 0.355545 9.9964E-05 9.9964E-05
0.0758543 0.49239 0.0571588 0.131133 0.105118 0.0806176 0.0577285
0.0160093 0.363118 0.288789 0.179043 0.141365 0.0115754 9.9991E-05
0.0746803 0.424118 0.0180336 0.153141 0.264323 0.0656042 9.9991E-05
9.9973E-05 0.503042 0.000673553 0.260515 0.235469 9.9973E-05 9.9973E-05
0.142831 0.412438 0.0356978 0.157778 0.171642 0.0691259 0.0104876
0.138917 0.492146 0.00809109 0.18269 0.177956 9.9982E-05 9.9982E-05
0.00601527 0.449398 0.0404431 0.282571 0.15704 9.9991E-05 0.0644326
9.9973E-05 0.343872 0.160491 0.180626 0.314711 9.9973E-05 9.9973E-05
0.0392386 0.552005 0.068174 0.136562 0.159039 0.0272375 0.0177434
0.029972 0.42025 0.0200374 0.304478 0.225063 9.9982E-05 9.9982E-05
9.9991E-05 0.344387 0.182328 0.208831 0.213773 0.0129003 0.0376804
0.246501 0.195984 9.9991E-05 0.216148 0.139481 0.116656 0.0851298
0.0578809 0.560066 0.0834214 9.9982E-05 0.237357 0.061075 9.9982E-05
0.0923156 0.548638 9.9982E-05 0.0447142 0.25568 9.9982E-05 0.0584518
0.091115 0.571384 9.9991E-05 0.143485 0.0871838 0.0784732 0.0282583
9.9982E-05 0.387234 0.0788246 0.226483 0.304508 0.00275046 9.9982E-05
0.0353793 0.47526 0.0348736 0.208998 0.217158 0.0282306 9.9991E-05
9.9982E-05 0.148322 0.214062 0.213531 0.352424 9.9982E-05 0.0714603
9.9982E-05 0.387132 9.9982E-05 0.261062 0.119505 0.141693 0.0904079
0.0854239 0.223325 0.117061 0.267653 0.302171 9.9991E-05 0.00426601
0.0673953 0.00103098 0.0145336 9.9982E-05 0.803908 0.112932 9.9982E-05
0.0340293 0.127336 9.9973E-05 9.9973E-05 0.0915986 0.746736 9.9973E-05
9.9955E-05 9.9955E-05 9.9955E-05 9.9955E-05 0.0221462 0.977354 9.9955E-05
9.9955E-05 9.9955E-05 9.9955E-05 9.9955E-05 0.0297659 0.969734 9.9955E-05
9.99575E-05 0.0379104 9.99575E-05 9.99575E-05 9.99575E-05 0.96159 9.99575E-05
9.9964E-05 0.0305332 9.9964E-05 0.0371724 9.9964E-05 0.931895 9.9964E-05
9.9964E-05 0.0887265 9.9964E-05 9.9964E-05 9.9964E-05 0.893063 0.0178109
9.9955E-05 9.9955E-05 9.9955E-05 9.9955E-05 0.0713028 0.928197 9.9955E-05
9.9964E-05 0.0176137 9.9964E-05 9.9964E-05 0.19514 0.786847 9.9964E-05
9.9973E-05 9.9973E-05 0.0235808 0.0404677 0.876114 0.0595372 9.9973E-05
0.010202 0.045056 9.9982E-05 9.9982E-05 0.792313 0.0885939 0.0636354
0.0190915 0.00680294 0.0128466 0.0297229 0.860063 0.0514464 0.020027
9.9973E-05 0.0544618 0.00989546 9.9973E-05 0.796791 0.138552 9.9973E-05
9.9973E-05 0.00317595 9.9973E-05 0.0514176 0.858486 0.0866201 9.9973E-05
0.0223651 0.00753973 9.9982E-05 9.9982E-05 0.897657 0.0169528 0.0552853
9.9982E-05 0.105552 0.0682204 0.11087 0.690919 0.0242382 9.9982E-05
0.0125146 0.0518659 9.9991E-05 0.0453037 0.86135 0.000811865 0.0280535
0.0566028 0.0718423 9.9982E-05 0.0123272 0.715371 0.143657 9.9982E-05
0.0125994 9.9973E-05 9.9973E-05 0.0729672 0.888724 9.9973E-05 0.0254094
9.9973E-05 0.000173668 9.9973E-05 9.9973E-05 0.931269 0.0573053 0.0109525
9.9982E-05 0.0395372 9.9982E-05 0.0621187 0.823214 0.0519637 0.0229659
9.9964E-05 9.9964E-05 9.9964E-05 0.00663801 0.951708 0.0412544 9.9964E-05
9.9973E-05 0.0449313 0.0318192 0.0210814 0.901868 9.9973E-05 9.9973E-05
0.0198132 0.110259 9.9991E-05 0.0368287 0.818582 0.00681244 0.00760457
9.9964E-05 0.139938 9.9964E-05 0.00697705 0.852686 9.9964E-05 9.9964E-05
9.9964E-05 0.124073 9.9964E-05 0.10443 0.771097 9.9964E-05 9.9964E-05
