9.9964E-05 9.9964E-05 0.0232958 9.9964E-05 0.0904468 0.885858 9.9964E-05
9.9973E-05 9.9973E-05 9.9973E-05 0.0621919 0.0220167 0.904047 0.0114442
0.12029 9.9982E-05 0.0451967 9.9982E-05 0.0118955 0.807617 0.0148006
9.9973E-05 9.9973E-05 0.108944 0.0012695 0.105005 0.784481 9.9973E-05
0.0404616 9.9982E-05 0.0112957 0.0843749 0.000840529 0.862827 9.9982E-05
9.9982E-05 0.136855 0.0990131 9.9982E-05 0.0578218 0.584236 0.121874
9.9964E-05 0.147529 9.9964E-05 9.9964E-05 0.0466471 0.805424 9.9964E-05
0.00623548 0.155857 0.0124841 9.9982E-05 0.0860998 0.739124 9.9982E-05
9.99729E-05 0.0401776 9.99729E-05 9.99729E-05 0.108686 0.809683 0.041153
0.0971723 0.0833569 0.022916 0.0490255 0.013569 0.73386 9.9991E-05
0.0241629 0.160539 9.9982E-05 9.9982E-05 0.105993 0.702358 0.00674729
0.216511 0.0409178 0.0754645 9.9982E-05 0.460608 9.9982E-05 0.206298
0.48484 0.0465479 0.0819346 9.9982E-05 0.272795 9.9982E-05 0.113683
0.242348 9.9991E-05 0.0643927 0.0225218 0.473226 0.0463958 0.151016
0.282857 0.100117 0.143388 9.9991E-05 0.297803 0.0452384 0.130497
0.30146 0.0703046 0.130764 0.0270277 0.192233 0.136847 0.141364
0.600286 0.0620943 0.122932 0.0437007 0.132752 0.0340933 0.00414143
0.3736 0.136047 0.123761 9.9982E-05 0.209717 9.9982E-05 0.156674
0.315077 0.0177363 0.109049 9.9991E-05 0.235357 0.135419 0.187261
0.0112835 0.190879 0.106959 0.0194195 0.587331 9.9991E-05 0.0840275
0.303159 0.0378932 0.100652 0.129541 0.211337 0.0085306 0.208887
0.501971 0.0936935 0.0510436 0.106718 0.186381 9.9991E-05 0.0600934
0.516642 0.0337691 0.0679426 0.0764249 0.128422 9.9991E-05 0.176699
0.25093 0.0753624 0.129726 9.9982E-05 0.360831 9.9982E-05 0.182951
0.674393 0.0409344 0.0564167 9.9991E-05 0.16595 0.0261193 0.0360868
0.60575 0.00359676 0.0580873 9.9982E-05 0.282143 0.0502229 9.9982E-05
0.166421 0.0435625 0.133242 0.0381786 0.447855 9.9991E-05 0.17064
0.0988649 0.0788559 0.235379 9.9982E-05 0.389775 9.9982E-05 0.196925
0.233985 0.133645 9.9982E-05 0.0982413 0.443712 9.9982E-05 0.0902176
0.12035 9.9964E-05 0.0545035 9.9964E-05 9.9964E-05 0.824747 9.9964E-05
0.177725 9.9955E-05 9.9955E-05 9.9955E-05 9.9955E-05 0.821776 9.9955E-05
0.108154 9.9973E-05 0.0655366 9.9973E-05 9.9973E-05 0.760037 0.0659725
0.0644301 9.9973E-05 0.136108 9.9973E-05 9.9973E-05 0.724278 0.074884
0.490023 9.9991E-05 0.0367398 0.0620949 0.137299 0.0298247 0.243919
0.441508 9.9991E-05 0.0942552 0.0170525 0.0637684 0.0986277 0.284689
0.52037 9.9964E-05 9.9964E-05 9.9964E-05 9.9964E-05 0.0342785 0.444952
0.128588 0.0359507 0.0275635 9.9991E-05 0.574565 0.0897159 0.143517
0.278077 0.0359125 0.0484341 0.0929794 9.9991E-05 0.00440173 0.540095
0.515301 9.9982E-05 9.9982E-05 0.0512058 0.154117 0.0771855 0.201991
0.699624 0.0317411 9.9982E-05 0.00961279 9.9982E-05 0.018316 0.240506
0.647342 0.207022 9.9982E-05 9.9982E-05 0.0344777 0.0878812 0.0230764
0.701737 0.0468661 9.9991E-05 0.00778679 0.0242663 0.140382 0.078862
0.10431 0.034929 0.0039957 9.9991E-05 0.117189 0.0227058 0.71677
0.537523 0.258389 0.0807843 9.9982E-05 0.0163039 9.9982E-05 0.1068
0.51357 0.0706298 0.111134 9.9982E-05 9.9982E-05 0.0154928 0.288973
0.554344 0.061308 0.111394 9.9982E-05 9.9982E-05 0.12852 0.144233
0.305071 9.9964E-05 9.9964E-05 0.0693332 9.9964E-05 9.9964E-05 0.625196
0.559112 0.0104283 0.0354359 9.9991E-05 0.0116823 0.0972962 0.285945
0.517245 0.0399172 0.0340517 0.125836 0.0330285 0.137704 0.112217
9.9982E-05 0.253976 9.9982E-05 0.0263503 0.0228243 0.0568631 0.639787
0.142143 0.125499 0.0117623 0.0285355 0.464062 9.9991E-05 0.227898
0.0511294 0.380519 0.0298015 0.0882112 0.230856 9.9991E-05 0.219384
0.537123 0.100743 0.130126 0.0524832 0.165721 9.9991E-05 0.013704
0.616157 0.0225859 0.0388351 0.0820557 0.0575115 0.113446 0.0694089
0.522876 0.0372991 0.141501 0.117528 0.166925 0.0137719 9.9991E-05
0.180489 0.0963005 9.9991E-05 0.14757 0.321548 0.0698473 0.184145
0.499669 0.112022 0.0731075 9.9982E-05 0.296673 9.9982E-05 0.0183291
0.474454 0.0226687 0.144794 9.9991E-05 0.211213 0.0328477 0.113922
0.362921 0.0987245 0.0302474 9.9991E-05 0.233129 0.101173 0.173704
0.101943 0.166261 0.0223504 0.0132741 0.323999 0.204431 0.167741
0.568332 0.0496007 9.9991E-05 0.0439182 0.101961 0.0649076 0.17118
0.408465 0.0409564 0.0282043 0.130648 0.25547 0.030251 0.106006
0.0191928 0.108855 9.9991E-05 0.0484125 0.495857 0.0208295 0.306753
0.476366 9.9982E-05 0.0270753 0.124346 0.294015 9.9982E-05 0.077998
0.638277 0.143244 0.0567731 0.138526 0.0229809 9.9982E-05 9.9982E-05
0.556192 0.0662934 0.0823635 9.9991E-05 0.147011 0.0854443 0.062596
0.279559 0.0694415 0.0748413 9.9991E-05 0.263706 0.0260665 0.286285
0.46281 0.085107 0.0989691 0.0250109 0.191327 9.9991E-05 0.136676
0.589352 0.0208305 9.9982E-05 0.219304 0.0964554 0.0738585 9.9982E-05
0.198418 0.131746 9.9991E-05 0.0460474 0.385947 0.0198808 0.217862
0.541971 0.0157967 9.9973E-05 9.9973E-05 0.003356 9.9973E-05 0.438577
0.126035 0.00901108 0.00201197 9.9991E-05 0.129201 0.0106899 0.72295
0.463988 0.0370803 0.106343 9.9991E-05 0.0895584 0.0433581 0.259572
0.585175 9.9982E-05 9.9982E-05 0.0237814 0.0299777 0.206543 0.154324
9.9964E-05 0.0982607 9.9964E-05 9.9964E-05 9.9964E-05 0.009619 0.89172
9.9982E-05 0.0372023 9.9982E-05 0.0627622 0.0433297 0.0020092 0.854497
0.23218 9.9964E-05 0.0242239 9.9964E-05 9.9964E-05 9.9964E-05 0.743196
0.392904 9.9973E-05 9.9973E-05 0.00389095 9.9973E-05 0.0451234 0.557782
0.584967 0.0104832 0.0514624 0.0509313 0.0984485 0.0990232 0.104684
0.449674 9.9991E-05 0.0366665 0.02208 0.0216446 0.0456041 0.424231
0.147947 9.9982E-05 0.0128019 9.9982E-05 0.183298 0.0150743 0.640679
0.249385 9.9982E-05 9.9982E-05 0.0174349 0.280129 0.0365135 0.416337
0.560929 9.9991E-05 0.0329603 0.0686444 0.100438 0.110874 0.126054
0.239177 9.9973E-05 0.0510206 9.9973E-05 0.0669129 9.9973E-05 0.64259
0.394244 9.9982E-05 0.0152988 9.9982E-05 0.0570621 0.0747942 0.458401
0.372457 0.0460917 9.9973E-05 0.0452426 9.9973E-05 9.9973E-05 0.535909
9.9973E-05 0.181156 9.9973E-05 0.0971008 9.9973E-05 0.00502478 0.716419
0.582542 9.9982E-05 0.047382 0.0117504 0.0945445 9.9982E-05 0.263582
0.108082 9.9973E-05 0.060647 9.9973E-05 0.0724781 0.758493 9.9973E-05
0.11105 9.9955E-05 9.9955E-05 9.9955E-05 9.9955E-05 0.88845 9.9955E-05
0.058864 9.9973E-05 0.0430598 9.9973E-05 0.0167841 0.880992 9.9973E-05
0.059797 0.0786317 9.9964E-05 9.9964E-05 9.9964E-05 0.861172 9.9964E-05
0.0826321 0.0114734 0.0138981 9.9982E-05 9.9982E-05 0.869425 0.022371
0.057603 9.9973E-05 0.00249923 9.9973E-05 9.9973E-05 0.906413 0.0331853
0.08112 9.9964E-05 0.00175717 9.9964E-05 9.9964E-05 0.916723 9.9964E-05
0.530863 9.9991E-05 0.00515734 0.00363553 0.0325411 0.120719 0.306984
0.491849 0.0210094 0.118866 0.0277811 0.107169 0.0916714 0.141654
0.0700939 9.9982E-05 9.9982E-05 0.0711237 0.12544 0.0695654 0.663577
0.557814 0.0245468 0.0382785 0.0269334 0.059152 0.123097 0.170178
0.419102 0.0167943 0.00964898 0.0103451 0.0461132 0.0403352 0.457661
0.571824 0.0138309 0.00121794 0.0266009 9.9991E-05 0.0782942 0.308132
0.514233 9.9982E-05 9.9982E-05 0.139877 0.0397043 0.0349311 0.271054
0.419548 9.9982E-05 0.0441307 0.024538 9.9982E-05 0.0355671 0.476016
9.9964E-05 9.9964E-05 9.9964E-05 9.9964E-05 0.131245 0.0785079 0.789847
0.505005 0.042329 0.00411214 9.9991E-05 0.113819 0.123967 0.210668
0.652255 0.0532761 0.0701225 9.9982E-05 9.9982E-05 0.0259099 0.198236
0.439176 9.9991E-05 0.138958 0.0294958 0.12121 0.0689862 0.202074
0.241869 0.172653 0.0238253 9.9982E-05 9.9982E-05 0.00540006 0.556053
0.529882 0.0649124 9.9982E-05 0.0329417 9.9982E-05 0.0246784 0.347385
0.433718 9.9973E-05 9.9973E-05 9.9973E-05 0.112438 0.0455374 0.408007
0.28042 9.9964E-05 0.0756788 9.9964E-05 9.9964E-05 9.9964E-05 0.643501
0.41109 9.9973E-05 9.9973E-05 9.9973E-05 0.0596997 0.0974562 0.431454
0.607228 9.9982E-05 9.9982E-05 0.109777 0.043608 0.169676 0.0695114
0.210999 0.143601 0.0585131 0.17353 0.288445 0.047197 0.0777143
0.400206 0.103364 0.0805385 0.0671406 0.113361 0.121071 0.114319
0.500596 0.0430838 9.9982E-05 9.9982E-05 0.34612 0.0680354 0.0419648
0.512712 9.9982E-05 9.9982E-05 0.129165 0.170661 0.147352 0.0399088
0.690691 0.0451497 9.9982E-05 9.9982E-05 0.0423985 0.143663 0.0778976
0.515842 0.0604598 9.9991E-05 0.0404748 0.329481 0.0338804 0.0197616
0.508312 0.0257555 0.0748628 0.0256339 0.323219 9.9991E-05 0.0421165
0.5113 9.9973E-05 9.9973E-05 0.0422565 0.372682 9.9973E-05 0.0734615
0.566383 0.0647394 9.9991E-05 0.0351208 0.193154 0.064364 0.0761389
0.575034 0.0255371 0.0493949 9.9991E-05 0.146522 0.126335 0.0770771
0.591393 0.0442323 0.0162103 0.0345318 0.0974624 0.0560558 0.160114
0.516388 9.9982E-05 9.9982E-05 0.0546548 0.387302 0.015408 0.0260476
0.617031 0.13225 0.0758715 0.0159369 0.121619 9.9991E-05 0.0371917
0.564064 0.0572941 0.0263506 0.0867611 0.16614 0.0992905 9.9991E-05
0.597284 9.9973E-05 9.9973E-05 0.12408 0.20715 9.9973E-05 0.0711868
0.469343 0.0779456 0.125365 0.163636 0.120579 0.0430303 9.9991E-05
0.569323 9.9991E-05 0.0541788 0.15459 0.134709 0.0300356 0.0570636
0.360759 0.111308 9.9982E-05 0.176871 0.282868 0.0679943 9.9982E-05
0.61511 0.0327372 0.069499 0.0244302 0.146491 9.9991E-05 0.111633
0.701138 0.0266461 0.0091173 0.112711 0.105507 0.0447799 9.9991E-05
0.201411 9.9991E-05 0.0805214 0.0348047 0.401986 0.0479823 0.233194
0.167648 0.173703 0.0108896 0.18792 0.265587 0.0440275 0.150226
0.577847 0.0808477 9.9982E-05 0.0185887 0.225151 9.9982E-05 0.0973665
0.0751647 0.134502 0.0142002 0.305447 0.312218 9.9991E-05 0.158368
0.233406 9.9991E-05 0.0419491 0.113364 0.422588 0.0352335 0.15336
0.491021 0.0378758 9.9982E-05 0.104621 0.25091 9.9982E-05 0.115372
0.341834 9.9973E-05 9.9973E-05 9.9973E-05 0.416886 0.0375236 0.203457
0.309494 9.9973E-05 0.0252066 9.9973E-05 0.502147 9.9973E-05 0.162853
0.609783 0.138057 0.00185586 9.9991E-05 0.185662 0.034782 0.02976
0.597884 0.0117993 0.0458138 0.0953072 0.124384 0.0657666 0.0590444
0.569094 9.9982E-05 9.9982E-05 0.0866454 0.166354 0.0621804 0.115526
0.118426 0.293884 0.0404104 0.115637 0.32553 9.9991E-05 0.106011
0.515863 0.0900661 0.0305818 9.9991E-05 0.128702 0.166864 0.0678227
0.559106 0.230181 0.0456452 0.00533279 0.0844163 0.00150221 0.0738163
9.9982E-05 0.401095 9.9982E-05 0.21494 0.115063 0.13201 0.136693
0.561935 0.0974358 9.9982E-05 0.167147 9.9982E-05 0.0894893 0.0837929
0.344526 0.183139 0.0199707 0.149981 9.9991E-05 0.106208 0.196075
0.55088 0.152869 9.9991E-05 0.140216 0.0451281 0.0906096 0.0201974
0.298303 0.384622 9.9991E-05 0.106917 0.0913582 0.0384335 0.0802656
0.191615 0.457275 9.9991E-05 0.0947663 0.13232 0.0576497 0.0662738
0.410879 0.203935 9.9982E-05 0.100394 0.155024 9.9982E-05 0.129567
0.491899 0.185563 0.0436927 0.0378477 0.0550173 0.163592 0.0223883
0.419119 0.14726 0.0549238 0.115896 9.9991E-05 0.0685523 0.194149
0.428935 0.121163 0.0859823 0.0229645 0.124548 0.0456048 0.170802
0.592575 0.181772 0.0199555 9.9991E-05 0.0215267 0.13574 0.0483297
9.9982E-05 0.426843 0.169713 0.0783115 0.0978717 9.9982E-05 0.22706
0.518149 0.0558492 0.0773429 0.138588 0.0441404 0.124582 0.0413496
0.470837 0.0834909 0.0713535 0.0589944 0.0689604 0.11358 0.132784
0.353081 0.36724 9.9982E-05 0.0145178 0.0746541 9.9982E-05 0.190307
0.504862 0.199573 0.0157836 0.11905 0.0512494 9.9991E-05 0.109382
0.564733 0.116393 0.103491 0.0379766 0.0876097 0.0433783 0.0464188
0.480048 0.000510663 0.175342 0.12757 0.0929172 0.0870797 0.0365318
0.178726 0.338616 0.2597 9.9982E-05 0.00457971 0.218179 9.9982E-05
9.9964E-05 0.35599 0.141744 9.9964E-05 9.9964E-05 0.501867 9.9964E-05
9.9964E-05 0.464608 0.124511 9.9964E-05 9.9964E-05 0.410481 9.9964E-05
0.0659414 0.263352 0.323625 9.9982E-05 0.0352664 0.311615 9.9982E-05
0.622713 0.223479 9.9973E-05 0.0348562 9.9973E-05 9.9973E-05 0.118652
0.484412 0.153184 0.132568 0.0287302 9.9991E-05 0.0185151 0.182492
0.280601 9.9973E-05 0.666447 9.9973E-05 0.0424539 0.0101986 9.9973E-05
0.347568 9.9982E-05 0.433748 9.9982E-05 0.111629 0.0232511 0.0836032
0.286427 0.0646334 0.414375 0.00725411 0.102028 0.0481305 0.077151
0.363955 0.3534 9.9982E-05 0.240777 0.037598 9.9982E-05 0.00407038
0.398194 0.150072 0.104564 9.9991E-05 0.143921 0.0472 0.155949
0.217567 0.566277 9.9982E-05 0.197491 0.0162215 9.9982E-05 0.00224419
0.642924 0.263871 9.9973E-05 0.081063 9.9973E-05 9.9973E-05 0.0118422
0.51393 0.237668 9.9991E-05 0.134774 0.0614748 0.00972236 0.0423303
0.554115 0.24663 0.0506926 0.0365113 0.0629718 9.9991E-05 0.048979
0.232235 0.476185 9.9982E-05 0.13295 0.0434927 9.9982E-05 0.114938
0.596275 0.115566 0.138756 9.9991E-05 0.030787 0.00122852 0.117287
0.624921 0.225546 0.0371375 0.0268376 9.9991E-05 0.049311 0.0361463
0.439948 9.9991E-05 0.250307 0.0697978 0.125643 0.100704 0.0135014
0.0421724 9.9973E-05 0.92396 0.00438134 9.9973E-05 9.9973E-05 0.0291861
0.11156 9.9973E-05 0.862215 0.0111568 9.9973E-05 9.9973E-05 0.0147681
0.231262 9.9982E-05 0.583533 9.9982E-05 0.138112 0.0054295 0.0414636
0.330717 9.9964E-05 0.666536 9.9964E-05 9.9964E-05 0.00234636 9.9964E-05
0.0770457 9.9973E-05 0.818951 9.9973E-05 9.9973E-05 0.00343815 0.100266
9.995E-05 9.995E-05 0.9994 9.995E-05 9.995E-05 9.995E-05 9.995E-05
9.9964E-05 9.9964E-05 0.942825 0.00312391 0.0536514 9.9964E-05 9.9964E-05
0.130157 9.9955E-05 0.869343 9.9955E-05 9.9955E-05 9.9955E-05 9.9955E-05
9.9964E-05 9.9964E-05 0.95693 9.9964E-05 0.0322227 9.9964E-05 0.0104476
9.995E-05 9.995E-05 0.9994 9.995E-05 9.995E-05 9.995E-05 9.995E-05
9.995E-05 9.995E-05 0.9994 9.995E-05 9.995E-05 9.995E-05 9.995E-05
0.202863 9.9973E-05 0.712842 9.9973E-05 0.053755 0.0302407 9.9973E-05
0.109085 9.9973E-05 0.775063 9.9973E-05 9.9973E-05 0.030885 0.0846671
9.9955E-05 9.9955E-05 0.972264 9.9955E-05 9.9955E-05 9.9955E-05 0.0272359
0.379113 9.9991E-05 0.401013 0.0415068 0.0959293 0.0539989 0.0283386
0.253011 0.0428516 0.618975 9.9982E-05 0.0741962 0.0107662 9.9982E-05
0.133384 0.0251921 0.757212 0.0310356 0.0191841 0.0307594 0.00323311
0.159631 9.9964E-05 0.814835 9.9964E-05 9.9964E-05 0.0251349 9.9964E-05
9.9955E-05 9.9955E-05 0.972693 9.9955E-05 9.9955E-05 0.0268071 9.9955E-05
9.9973E-05 9.9973E-05 0.909987 0.0234198 9.9973E-05 0.0170558 0.0492375
9.995E-05 9.995E-05 0.9994 9.995E-05 9.995E-05 9.995E-05 9.995E-05
0.244391 0.107144 0.627581 9.9973E-05 0.0205842 9.9973E-05 9.9973E-05
9.9955E-05 9.9955E-05 0.922149 9.9955E-05 9.9955E-05 9.9955E-05 0.077351
9.9973E-05 0.594556 0.0256173 0.0996449 9.9973E-05 0.279882 9.9973E-05
0.376117 0.31346 0.106904 0.0244601 0.0910853 0.087873 9.9991E-05
0.410396 0.216285 0.074577 0.00135948 9.9991E-05 0.221919 0.0753637
0.200303 0.472003 0.145744 0.0280446 0.0145821 0.139222 9.9991E-05
0.40404 0.147796 0.129174 0.109978 0.0173905 0.191521 9.9991E-05
0.192624 0.406318 0.116847 0.0381284 9.9991E-05 0.214586 0.0313969
0.49654 0.11634 0.0499789 0.108425 0.028998 0.199619 9.9991E-05
0.311614 0.368294 0.164248 9.9982E-05 9.9982E-05 0.12442 0.0312245
0.489851 0.261319 0.128377 0.00445767 9.9982E-05 0.115796 9.9982E-05
0.466376 0.272612 0.124127 9.9973E-05 9.9973E-05 0.136585 9.9973E-05
0.444122 0.0338299 0.125441 0.118273 0.0181495 0.106621 0.153564
0.447863 0.275546 0.110913 9.9982E-05 0.0368351 0.128642 9.9982E-05
0.038546 0.110968 9.9982E-05 0.0202536 0.00561849 0.824414 9.9982E-05
0.0240707 9.9973E-05 0.0215867 0.0365074 9.9973E-05 0.917535 9.9973E-05
0.0479781 0.000466588 9.9973E-05 9.9973E-05 0.0123518 0.938904 9.9973E-05
0.0332427 9.9964E-05 9.9964E-05 9.9964E-05 0.0256223 0.940735 9.9964E-05
0.0450764 0.00689939 9.9973E-05 9.9973E-05 0.0902439 0.85748 9.9973E-05
9.9964E-05 9.9964E-05 0.0475028 0.0550301 9.9964E-05 0.897067 9.9964E-05
0.0778372 9.9964E-05 0.0683608 9.9964E-05 9.9964E-05 0.853402 9.9964E-05
0.0151313 0.0799968 0.00267124 9.9991E-05 0.0140799 0.869054 0.0189665
0.0540852 9.9982E-05 0.00490528 0.00935835 9.9982E-05 0.897658 0.0337928
0.00532171 0.0336169 0.081481 9.9982E-05 0.0506088 0.828772 9.9982E-05
9.9982E-05 9.9982E-05 0.00882409 0.0642954 0.224166 0.571973 0.130542
9.9973E-05 9.9973E-05 0.0144983 9.9973E-05 0.321672 0.577168 0.0863622
9.9982E-05 0.10889 9.9982E-05 0.103755 0.250057 0.531645 0.00545237
9.9982E-05 0.0512292 9.9982E-05 0.0362959 0.344127 0.490524 0.0776234
0.549195 0.0322004 9.9991E-05 0.0372805 0.0899734 0.0624565 0.228794
0.533869 0.0434315 0.0289706 0.0854947 0.0124152 0.0245307 0.271288
0.491036 0.00720455 0.0571268 0.0389279 0.0911589 0.00285043 0.311695
0.629996 0.00808418 9.9982E-05 9.9982E-05 0.0633215 0.137083 0.161315
0.380568 0.113074 9.9982E-05 9.9982E-05 0.205712 0.0420977 0.258348
0.104853 9.9982E-05 0.0895657 0.0381665 0.597966 9.9982E-05 0.169249
0.624786 0.00155355 0.0168991 0.0711065 0.0475445 0.0309644 0.207146
0.501747 0.0548445 0.0598593 0.0485274 0.0604073 9.9991E-05 0.274514
0.503427 0.0805348 0.00180337 0.0544 0.0539956 0.0083114 0.297528
0.350576 0.0714327 0.0344766 9.9973E-05 9.9973E-05 9.9973E-05 0.543214
0.64007 9.9991E-05 0.0516742 0.138078 0.0972749 0.0182822 0.0545213
0.418618 9.9982E-05 9.9982E-05 0.044917 0.180293 0.0453573 0.310615
9.9973E-05 0.00720145 9.9973E-05 0.196932 0.0811383 9.9973E-05 0.714429
0.507098 0.0569351 9.9982E-05 9.9982E-05 0.138904 0.0647602 0.232103
0.246965 0.0588899 9.9982E-05 0.271783 0.00228978 9.9982E-05 0.419872
0.560139 0.0195112 0.0112633 0.0331489 9.9991E-05 0.00594856 0.369889
0.121255 9.9973E-05 9.9973E-05 9.9973E-05 0.189435 0.0430265 0.645984
0.00372659 0.14044 9.9973E-05 9.9973E-05 0.751495 0.104038 9.9973E-05
0.0540599 0.0958979 9.9982E-05 0.0416969 0.746053 0.0620922 9.9982E-05
9.9973E-05 0.00723638 9.9973E-05 0.129437 0.838656 0.024371 9.9973E-05
9.9982E-05 0.00275925 9.9982E-05 0.072255 0.799392 0.11143 0.013964
0.0245008 0.119396 0.0414002 0.0157907 0.798712 9.9982E-05 9.9982E-05
0.0802658 0.0381628 0.0140987 0.0285371 0.750718 0.0881177 9.9991E-05
0.0798565 9.9982E-05 0.0522769 0.00149423 9.9982E-05 0.848442 0.0177305
0.0429456 9.9973E-05 0.0638138 9.9973E-05 0.109551 0.78339 9.9973E-05
0.168527 9.9964E-05 0.0905289 9.9964E-05 9.9964E-05 0.740544 9.9964E-05
0.0333571 9.9973E-05 0.121947 9.9973E-05 0.130537 0.71386 9.9973E-05
0.0730941 0.0227144 0.0632255 9.9982E-05 0.0206347 0.820131 9.9982E-05
9.9964E-05 0.134023 9.9964E-05 9.9964E-05 0.488445 0.377133 9.9964E-05
9.9982E-05 0.086748 9.9982E-05 0.0204041 0.347957 0.490488 0.0542033
9.9964E-05 9.9964E-05 9.9964E-05 0.135527 0.443696 0.420377 9.9964E-05
0.163004 9.9964E-05 9.9964E-05 9.9964E-05 0.0213499 0.815246 9.9964E-05
9.9991E-05 0.0135222 0.0138956 0.0207409 0.43002 0.431579 0.0901419
0.27274 0.178071 0.344936 9.9973E-05 9.9973E-05 0.203953 9.9973E-05
0.604531 0.0572531 0.134051 9.9982E-05 0.0250577 0.178908 9.9982E-05
0.553592 9.9964E-05 0.281092 9.9964E-05 9.9964E-05 0.164915 9.9964E-05
0.383823 0.0924539 0.113458 9.9982E-05 9.9982E-05 0.297774 0.11229
0.418873 0.042022 0.211888 9.9991E-05 0.0859423 0.175007 0.066167
9.9964E-05 0.220979 0.331831 9.9964E-05 9.9964E-05 0.44679 9.9964E-05
0.437518 9.9982E-05 9.9982E-05 0.104325 0.333941 0.00918796 0.114828
0.36817 0.163987 9.9991E-05 0.125014 0.163973 0.000223764 0.178532
0.275967 9.9973E-05 9.9973E-05 9.9973E-05 0.590118 0.0582013 0.0754134
0.464083 0.0383637 0.0415614 0.179752 0.170729 9.9991E-05 0.105411
9.9973E-05 0.343449 9.9973E-05 0.342646 0.167383 9.9973E-05 0.146223
0.39863 0.0310727 0.096489 0.0986483 0.196151 0.102844 0.0761647
0.478981 0.0858734 9.9982E-05 0.243818 0.120663 9.9982E-05 0.0704655
0.307087 9.9982E-05 9.9982E-05 0.0954614 0.371818 0.0549443 0.170489
0.535131 0.0726935 0.0263358 9.9991E-05 0.175695 0.0599192 0.130125
0.154254 0.242057 9.9991E-05 0.116336 0.273915 0.00506014 0.208277
0.5068 0.15855 0.0147472 0.129882 0.123024 9.9991E-05 0.0668972
0.500382 9.9973E-05 9.9973E-05 0.0483293 0.310082 9.9973E-05 0.140906
0.390178 0.0553682 0.178871 0.0248911 0.0386026 0.141887 0.170202
0.369567 0.103701 0.0258319 0.130826 0.25273 9.9991E-05 0.117243
0.376627 0.00674046 0.0636441 0.163104 0.227717 0.0154704 0.146698
0.393986 0.0952962 0.147494 0.114991 0.0844048 9.9991E-05 0.163728
0.467367 0.098813 9.9991E-05 0.00369329 0.230934 0.00818715 0.190906
0.6381 0.0403348 0.0625706 0.0394468 0.147697 0.036265 0.0355859
0.514118 0.0153096 0.00857832 9.9991E-05 0.230578 0.104955 0.126361
0.494185 0.0624092 0.112487 0.0288743 0.107516 0.0156538 0.178874
0.110814 9.9964E-05 0.113679 9.9964E-05 9.9964E-05 0.775108 9.9964E-05
0.0698404 9.9982E-05 0.0483376 0.00534909 9.9982E-05 0.873323 0.00294994
0.0780805 0.0522491 9.9991E-05 0.0414789 0.0323496 0.762031 0.0337105
0.00956702 9.9982E-05 0.0321203 0.0865341 9.9982E-05 0.842375 0.0292039
0.101173 0.0239021 0.0210835 9.9973E-05 9.9973E-05 0.853542 9.9973E-05
0.15315 0.101418 0.0525662 0.0133296 0.592547 9.9991E-05 0.0868899
0.523867 0.107355 0.023512 0.077338 0.154163 0.000224268 0.11354
0.484671 0.0634269 0.166902 0.071123 9.9991E-05 0.171601 0.042176
0.715289 0.102095 0.0658459 0.0621325 0.0544378 9.9982E-05 9.9982E-05
0.535434 9.9982E-05 9.9982E-05 0.0396118 0.257809 0.080197 0.0867481
0.263738 0.240338 0.0739387 0.139821 0.281964 9.9982E-05 9.9982E-05
0.000932979 0.172209 9.9982E-05 9.9982E-05 0.545877 0.103038 0.177744
0.546156 9.9991E-05 0.0208941 0.0148044 0.309556 0.0200819 0.0884078
0.137424 9.9991E-05 0.0533077 0.151971 0.471987 0.0742124 0.110999
0.326509 0.105731 0.0997596 0.0269804 0.15128 0.0149448 0.274795
0.11112 9.9982E-05 9.9982E-05 0.147197 0.513859 0.142295 0.0853282
0.586722 9.9991E-05 0.0141161 0.045445 0.157424 0.139193 0.0570002
0.182127 0.0741306 0.00733869 0.0043239 0.523335 0.0198879 0.188857
0.480037 0.0184658 0.0998484 0.0983969 0.220051 0.070643 0.0125572
0.295914 0.119029 0.087288 0.0665554 0.28643 0.035778 0.109007
0.525537 0.161596 9.9982E-05 0.0847744 0.174453 9.9982E-05 0.0534392
0.315141 0.520506 9.9982E-05 0.0946539 0.0615763 9.9982E-05 0.0079233
0.500464 0.292412 9.9991E-05 0.0422214 0.0386096 0.0359413 0.0902519
0.642226 0.14362 9.9991E-05 0.012011 0.0332011 0.0808467 0.0879956
0.348901 0.473539 9.9982E-05 0.0577064 0.0637955 9.9982E-05 0.0558584
0.535793 0.126317 0.0246224 0.0608905 0.019274 0.178366 0.0547372
0.478025 0.195972 0.0128688 0.14839 0.113762 0.010406 0.0405764
0.50822 0.154847 9.9991E-05 0.0550987 0.0573096 0.0645392 0.159885
0.0895977 0.562986 9.9982E-05 0.136187 0.07364 9.9982E-05 0.137389
0.285847 0.545485 9.9982E-05 0.0426092 0.00853794 9.9982E-05 0.11732
0.47721 0.369015 9.9982E-05 0.0521027 0.0985897 9.9982E-05 0.00288251
0.171944 0.484148 9.9982E-05 0.0473144 0.110116 9.9982E-05 0.186278
0.443432 0.422136 9.9973E-05 9.9973E-05 0.088597 9.9973E-05 0.0455356
0.146525 0.0196615 9.9991E-05 0.061176 0.564223 0.0199829 0.188332
0.172688 0.00777884 0.0600837 0.277563 0.315947 9.9991E-05 0.165839
0.377072 9.9982E-05 0.0772229 0.121281 0.392703 9.9982E-05 0.0315214
0.643615 0.0268666 0.0565499 0.0551357 0.179722 0.0186002 0.0195105
0.205852 9.9982E-05 0.0506627 0.0214865 0.545893 9.9982E-05 0.175906
0.387041 0.107126 0.162214 0.108529 0.166529 9.9991E-05 0.0684606
0.522989 0.0361035 0.0434691 0.033218 0.205057 0.0887628 0.0704004
0.611239 0.00512628 0.0184076 0.0814761 0.25241 0.0175698 0.0137714
0.439195 0.0204472 0.110737 0.00613485 0.225619 0.0549347 0.142932
0.408743 9.9973E-05 0.0968277 9.9973E-05 0.30872 9.9973E-05 0.185409
0.20426 9.9973E-05 0.0958117 9.9973E-05 0.555025 9.9973E-05 0.144604
0.27742 0.00845317 0.116908 0.0301917 0.469162 9.9991E-05 0.0977644
0.617185 9.9982E-05 0.0123235 0.0508371 0.248285 9.9982E-05 0.0711692
0.57204 0.0650506 0.0319438 9.9991E-05 0.159557 0.0728141 0.0984943
0.438474 0.111005 9.9991E-05 0.201097 0.16116 0.0564892 0.0316753
0.506105 9.9982E-05 0.0954523 0.116733 0.237429 9.9982E-05 0.0440809
0.343386 0.150706 0.0656368 0.0436263 0.394374 0.0021714 9.9991E-05
0.556973 9.9982E-05 9.9982E-05 0.0783151 0.279937 0.0319345 0.0526412
0.499565 9.9991E-05 0.0701839 0.0504385 0.215503 0.046185 0.118025
0.535169 0.0511499 0.11522 0.0193093 0.116959 0.10944 0.0527536
0.390944 0.159899 0.120682 9.9982E-05 0.00319485 0.32508 9.9982E-05
0.355179 0.108538 0.238972 9.9991E-05 0.0118874 0.152969 0.132354
0.513133 0.0992055 0.141736 9.9982E-05 0.0789482 0.166777 9.9982E-05
0.559659 9.9991E-05 0.100118 0.0741047 0.00697724 0.0991407 0.1599
0.447637 0.00237601 0.155171 0.0603127 9.9991E-05 0.202435 0.131968
0.434517 0.135549 9.9982E-05 0.188617 0.201215 9.9982E-05 0.0399018
0.515866 9.9991E-05 0.13358 0.0326456 0.0271975 0.244358 0.0462533
0.00887224 0.418427 0.15399 9.9982E-05 9.9982E-05 0.221956 0.196555
0.579763 0.122845 0.14312 9.9982E-05 0.0881985 0.0658741 9.9982E-05
0.565163 0.0203815 0.159085 9.9991E-05 0.110189 0.135328 0.00975272
0.490433 9.9991E-05 0.247854 0.0641383 0.0955212 0.0581604 0.0437935
0.292291 0.204547 0.123842 0.0586668 0.0249633 0.191406 0.104284
0.52883 0.0180573 0.166466 0.0555461 0.0366959 0.175851 0.0185534
0.496938 0.127016 0.225471 0.016454 0.0646376 0.0693835 9.9991E-05
9.9973E-05 0.358808 0.176115 9.9973E-05 9.9973E-05 0.462143 0.00263434
0.440131 0.0328284 0.315708 0.0308566 9.9991E-05 0.108339 0.072037
0.480381 0.0420972 0.219901 0.0363453 9.9991E-05 0.164955 0.0562204
0.601118 0.139139 0.109458 0.00116066 0.0751243 0.0445727 0.0294265
0.546141 0.0246249 0.203846 9.9982E-05 0.0544885 0.170699 9.9982E-05
0.49132 0.102223 0.162455 9.9991E-05 0.0660962 0.151554 0.0262514
0.447918 0.0269723 0.0132076 0.39382 9.9991E-05 0.0502483 0.0677346
0.561619 0.00427516 0.0174472 0.210356 0.0795904 0.0996413 0.0270709
9.9973E-05 0.0412704 9.9973E-05 0.8095 0.0555404 9.9973E-05 0.093389
0.426132 9.9982E-05 0.131272 0.295061 0.0520479 0.0952863 9.9982E-05
0.570739 0.0414079 0.0458645 0.178461 9.9991E-05 0.0914684 0.0719586
9.9964E-05 0.0341888 9.9964E-05 0.942525 0.0228861 9.9964E-05 9.9964E-05
0.366446 9.9991E-05 0.0966604 0.381776 0.0090599 0.0250037 0.120954
0.390635 0.166394 0.336606 0.065162 9.9982E-05 0.0410024 9.9982E-05
0.262713 0.0338948 0.359025 0.242913 9.9982E-05 0.101254 9.9982E-05
0.143591 0.161891 0.299618 0.197379 0.0248322 0.172589 9.9991E-05
0.29065 9.9973E-05 0.257111 0.260661 9.9973E-05 0.191278 9.9973E-05
0.429338 0.0752617 0.186274 0.0338524 9.9991E-05 0.169567 0.105606
0.0216373 0.0492707 0.0708871 0.749342 9.9982E-05 0.108663 9.9982E-05
0.082256 9.9973E-05 0.0697174 0.728824 9.9973E-05 0.118903 9.9973E-05
0.511264 9.9973E-05 0.0678064 0.404991 9.9973E-05 0.0156379 9.9973E-05
0.351339 9.9973E-05 0.117504 0.518357 9.9973E-05 0.0125006 9.9973E-05
0.0655959 9.9973E-05 0.116447 0.809196 9.9973E-05 0.0084609 9.9973E-05
0.422463 0.0179694 0.0982098 0.377557 0.0428542 0.0408465 9.9991E-05
0.469774 9.9982E-05 0.127985 0.305188 0.0810812 9.9982E-05 0.0157722
0.271981 0.0125356 0.202594 0.127114 0.120839 0.103515 0.161422
0.30051 9.9982E-05 9.9982E-05 0.580625 0.0345005 0.00945666 0.0747086
0.367689 0.0159811 9.9982E-05 0.436459 0.106573 9.9982E-05 0.0730984
0.447216 0.0697476 0.0813712 0.294984 0.00454449 0.0429112 0.0592254
0.364191 0.0619763 0.0225843 0.379391 0.0363212 0.0712533 0.0642836
0.425082 0.020939 0.0514199 0.283783 0.0790393 0.10997 0.0297673
0.471799 0.117748 0.116947 0.166914 0.0608394 0.0656526 9.9991E-05
0.406233 0.0879632 9.9964E-05 0.505404 9.9964E-05 9.9964E-05 9.9964E-05
0.185998 9.9964E-05 9.9964E-05 0.71474 0.0988616 9.9964E-05 9.9964E-05
0.551779 0.0120037 9.9982E-05 0.308386 9.9982E-05 0.0642762 0.0633556
0.43766 0.0454284 0.0629955 0.251317 0.0228721 0.0987962 0.0809311
0.140734 9.9973E-05 9.9973E-05 0.684767 0.0873151 9.9973E-05 0.0868837
0.385129 9.9964E-05 9.9964E-05 0.590569 9.9964E-05 0.0239018 9.9964E-05
0.546739 9.9982E-05 0.0554096 0.203493 9.9982E-05 0.112485 0.0816736
0.437282 9.9982E-05 9.9982E-05 0.322627 0.0597415 0.0652544 0.114895
0.53904 0.139708 0.123604 0.0382967 0.0304124 0.128838 9.9991E-05
0.427879 0.116271 0.162459 0.0835924 0.0634361 0.123961 0.0224017
0.374182 0.159938 0.23363 0.118974 0.0258585 0.087317 9.9991E-05
0.4381 0.0438861 0.16104 0.135665 0.0282836 0.135281 0.0577453
0.38197 0.130753 0.223437 0.0475765 0.116329 0.0998341 9.9991E-05
0.504441 0.132126 0.114577 0.00182659 0.0105737 0.128254 0.108202
0.373995 0.0501233 0.166624 0.1728 0.0555467 0.155576 0.0253357
9.9973E-05 0.0964784 0.104203 0.582906 9.9973E-05 0.216113 9.9973E-05
0.585913 9.9973E-05 0.183651 0.148704 9.9973E-05 0.081432 9.9973E-05
9.9973E-05 0.212721 0.119619 0.328688 9.9973E-05 0.338672 9.9973E-05
0.444423 9.9973E-05 0.140789 0.334059 9.9973E-05 0.0804296 9.9973E-05
0.0158776 0.0792949 9.9973E-05 0.744284 9.9973E-05 9.9973E-05 0.160244
9.9964E-05 9.9964E-05 9.9964E-05 0.904539 9.9964E-05 0.00814734 0.0869139
0.446468 9.9964E-05 9.9964E-05 0.483064 9.9964E-05 9.9964E-05 0.0700679
0.586152 9.9955E-05 9.9955E-05 0.413348 9.9955E-05 9.9955E-05 9.9955E-05
0.369705 0.00884311 9.9973E-05 0.548346 9.9973E-05 9.9973E-05 0.0728054
0.430787 9.9973E-05 0.00846977 0.489449 9.9973E-05 9.9973E-05 0.0709942
0.475869 9.9982E-05 0.00945486 0.495252 9.9982E-05 0.00287521 0.0163492
0.0945112 9.9982E-05 0.0584598 0.0484195 9.9982E-05 0.787533 0.0108761
9.9973E-05 9.9973E-05 0.102892 0.0569106 0.133885 0.706013 9.9973E-05
9.9964E-05 9.9964E-05 0.0684954 9.9964E-05 0.0557986 0.875306 9.9964E-05
0.0551905 9.9964E-05 9.9964E-05 0.0273415 9.9964E-05 0.917068 9.9964E-05
0.498447 9.9964E-05 9.9964E-05 9.9964E-05 9.9964E-05 0.0635763 0.437577
0.436796 9.9973E-05 9.9973E-05 0.0720529 9.9973E-05 0.0991095 0.391742
0.463117 9.9964E-05 9.9964E-05 9.9964E-05 0.0122657 9.9964E-05 0.524218
0.610021 9.9982E-05 9.9982E-05 0.0506393 0.000973208 0.120563 0.217604
0.500387 0.155153 9.9982E-05 9.9982E-05 0.0532146 0.091987 0.199059
0.201702 9.9982E-05 9.9982E-05 0.0624139 0.119843 0.0569324 0.558909
0.609877 9.9973E-05 0.0195938 0.0725391 9.9973E-05 9.9973E-05 0.29769
0.345419 0.0843463 9.9973E-05 0.0625254 9.9973E-05 9.9973E-05 0.507409
0.483538 9.9982E-05 0.152185 0.0123849 0.125138 0.226554 9.9982E-05
0.384098 0.0145888 0.0762579 0.173181 9.9982E-05 9.9982E-05 0.351675
0.329733 9.9964E-05 9.9964E-05 9.9964E-05 0.15835 9.9964E-05 0.511517
0.544432 0.0491541 9.9982E-05 9.9982E-05 0.0965889 0.155267 0.154358
0.53421 9.9973E-05 9.9973E-05 0.0921681 0.0123337 9.9973E-05 0.360988
0.385466 9.9991E-05 0.0228598 0.0433334 0.0190815 0.0311949 0.497965
0.567374 0.0809065 9.9973E-05 0.0452458 9.9973E-05 9.9973E-05 0.306174
0.577302 9.9973E-05 9.9973E-05 9.9973E-05 0.00172984 0.108221 0.312448
0.0629884 9.9964E-05 9.9964E-05 0.0121483 9.9964E-05 9.9964E-05 0.924463
0.25469 0.131381 0.0325032 0.0343171 0.00226842 9.9991E-05 0.54474
0.312458 0.0496612 9.9973E-05 9.9973E-05 9.9973E-05 0.028113 0.609467
9.9955E-05 0.121894 9.9955E-05 9.9955E-05 9.9955E-05 9.9955E-05 0.877606
0.393243 0.0489143 0.219525 9.9991E-05 0.236479 0.0763954 0.0253426
0.376941 0.0601024 9.9982E-05 9.9982E-05 0.116326 0.0214505 0.42498
0.0503411 0.223692 0.045641 0.0375833 9.9982E-05 9.9982E-05 0.642543
9.9955E-05 0.178198 9.9955E-05 9.9955E-05 9.9955E-05 9.9955E-05 0.821302
0.508869 9.9991E-05 0.0101463 0.0321837 0.0735801 0.0741042 0.301017
0.158451 9.9982E-05 9.9982E-05 0.0535823 0.0698427 0.110683 0.607241
0.3937 0.0673961 0.0520069 9.9991E-05 0.130621 0.00782041 0.348356
0.533649 0.00966604 0.016289 0.0674248 9.9991E-05 0.148981 0.22389
0.553016 0.0582867 9.9973E-05 9.9973E-05 0.0587455 9.9973E-05 0.329652
0.388755 0.17784 9.9982E-05 0.173253 0.204741 9.9982E-05 0.0552099
0.596884 9.9982E-05 9.9982E-05 0.0221121 0.0189098 0.0454211 0.316473
0.412204 0.0740645 0.104379 9.9982E-05 0.056135 9.9982E-05 0.353018
0.294685 9.9973E-05 9.9973E-05 0.0248285 0.0196051 9.9973E-05 0.660581
0.404001 0.0414274 0.0400518 0.101235 0.0375518 0.11553 0.260204
9.9973E-05 0.112191 9.9973E-05 0.00353335 0.268992 0.614984 9.9973E-05
0.0257331 0.0109175 0.0436599 0.018265 0.14351 0.695183 0.0627308
9.9964E-05 0.104088 9.9964E-05 9.9964E-05 0.144227 0.751286 9.9964E-05
9.9973E-05 9.9973E-05 9.9973E-05 0.0256661 0.120836 0.821546 0.0316514
0.000740239 0.0598624 9.9973E-05 9.9973E-05 0.231757 0.70734 9.9973E-05
9.99771E-05 9.99771E-05 0.0915848 9.99771E-05 0.175491 0.0159367 0.716688
0.125942 0.0082124 9.9991E-05 0.0187021 0.123915 0.0574665 0.665662
0.119688 0.092664 0.00145203 0.0103129 9.9982E-05 9.9982E-05 0.775683
0.41002 9.9982E-05 0.0870213 9.9982E-05 0.0965032 0.0773254 0.32893
0.649631 0.0627812 0.0207606 0.0055489 9.9991E-05 0.0831555 0.178023
0.241155 0.0674106 0.0668248 9.9973E-05 9.9973E-05 9.9973E-05 0.62431
0.597099 0.0426973 0.0247471 0.00727988 9.9982E-05 9.9982E-05 0.327977
0.311896 0.0964297 0.0824514 9.9982E-05 9.9982E-05 0.0434928 0.46553
0.370836 0.0510771 0.141979 0.124582 0.101412 0.0697504 0.140363
0.489261 0.104546 0.080504 9.9991E-05 0.0732381 0.00431065 0.24804
0.669105 0.0790811 0.0209215 0.00751592 0.10234 9.9991E-05 0.120936
0.176952 0.0251954 0.0634567 9.9982E-05 0.122517 9.9982E-05 0.611679
0.358022 9.9973E-05 9.9973E-05 9.9973E-05 0.028833 0.0156324 0.597213
0.323663 0.00340891 9.9982E-05 9.9982E-05 0.168849 0.0103896 0.493489
0.579066 0.238593 0.0343363 9.9982E-05 0.0623693 0.0854354 9.9982E-05
0.434417 9.9964E-05 9.9964E-05 9.9964E-05 0.0744659 9.9964E-05 0.490717
0.429361 0.00303044 0.0104348 0.0572905 9.9991E-05 0.0688714 0.430912
0.368928 0.109743 0.458958 9.9991E-05 0.0471117 0.0142401 0.000919398
0.297614 0.0391511 0.398028 9.9982E-05 9.9982E-05 0.143074 0.121933
0.472598 0.0303731 0.401282 9.9973E-05 9.9973E-05 0.0954472 9.9973E-05
0.270517 0.114239 0.496784 9.9973E-05 9.9973E-05 0.118161 9.9973E-05
0.402253 0.0381003 0.350223 0.0852851 0.032644 0.0913947 9.9991E-05
0.420452 0.235195 0.0396426 9.9973E-05 9.9973E-05 9.9973E-05 0.304411
0.0487508 0.0994168 0.618959 9.9973E-05 9.9973E-05 0.232574 9.9973E-05
0.277649 9.9982E-05 0.482929 0.0512071 9.9982E-05 0.167687 0.0203288
0.488825 0.196149 0.100272 9.9982E-05 9.9982E-05 0.144266 0.0702882
0.606454 0.320978 9.9964E-05 9.9964E-05 9.9964E-05 0.0721684 9.9964E-05
0.405481 0.314705 9.9982E-05 9.9982E-05 0.14712 0.049282 0.0832128
0.541516 0.201601 9.9991E-05 0.0091693 0.128997 0.0999137 0.0187026
0.61814 0.221685 9.9991E-05 0.00638524 0.00885008 0.100873 0.0439655
0.308918 0.0301521 0.496951 9.9973E-05 9.9973E-05 0.163679 9.9973E-05
0.373673 0.0250639 0.354017 9.9991E-05 0.0553572 0.158448 0.0333407
0.455436 0.0186003 0.444471 9.9973E-05 9.9973E-05 0.0811931 9.9973E-05
0.436147 0.0435406 0.358231 0.0251833 0.0294388 0.0515967 0.0558629
0.266821 9.9982E-05 0.516545 9.9982E-05 0.0502519 0.136461 0.0297209
0.428284 9.9973E-05 0.286058 9.9973E-05 9.9973E-05 0.150712 0.134646
0.240203 9.9973E-05 0.543262 0.122213 9.9973E-05 0.0940227 9.9973E-05
0.344701 9.9991E-05 0.40952 0.0446852 0.105439 0.0306691 0.0648869
0.537543 0.25848 9.9991E-05 0.00590946 0.0358411 0.0925624 0.0695641
0.311691 0.0379021 0.364202 9.9991E-05 0.116374 0.152359 0.0173726
0.166377 0.0419941 0.632368 9.9973E-05 9.9973E-05 0.158961 9.9973E-05
0.437369 9.9991E-05 0.134062 0.0630184 0.0284876 0.20506 0.131903
0.428204 0.0125848 0.30162 0.0214529 0.13361 0.102428 9.9991E-05
0.22834 0.376633 9.9982E-05 9.9982E-05 0.176996 0.142489 0.075343
0.540393 0.348611 0.0795182 9.9982E-05 0.0206307 9.9982E-05 0.0106476
0.429586 9.9982E-05 0.292415 9.9982E-05 0.0775421 0.155626 0.0446308
0.608106 0.184424 0.0235023 9.9982E-05 0.0934324 0.0903356 9.9982E-05
0.465492 0.294067 9.9973E-05 9.9973E-05 9.9973E-05 0.190211 0.0499296
0.361452 0.0884796 0.202973 9.9991E-05 0.024083 0.246413 0.0764993
0.329309 0.00929298 0.277424 0.144458 0.0348142 0.204602 9.9991E-05
0.473578 0.119937 0.124855 0.00706729 0.0505374 0.122402 0.101623
0.382399 9.9991E-05 0.28165 0.0203652 0.0490936 0.175473 0.0909181
0.352861 0.016245 0.390489 9.9991E-05 0.0231497 0.122409 0.0947459
0.326244 0.0756222 0.4619 0.00822703 9.9982E-05 0.127807 9.9982E-05
0.11886 0.0283241 0.609647 0.0374782 9.9982E-05 0.205491 9.9982E-05
0.633318 0.187797 0.0337577 0.0614667 0.00933593 0.0742241 9.9991E-05
0.449091 0.388634 9.9982E-05 9.9982E-05 0.0121789 0.0671308 0.0827653
0.219274 0.734479 0.0133635 9.9973E-05 9.9973E-05 0.0325835 9.9973E-05
0.570344 0.221152 0.127413 9.9973E-05 9.9973E-05 0.0807902 9.9973E-05
0.297823 0.0336302 0.121616 0.04177 0.265294 0.0607684 0.179098
0.411808 0.111624 0.137632 9.9982E-05 9.9982E-05 0.240118 0.0986184
0.431856 0.114974 0.132205 0.0489225 0.182879 0.0890645 9.9991E-05
9.9973E-05 0.52624 0.216519 9.9973E-05 9.9973E-05 0.256064 0.000877757
9.9964E-05 0.689238 0.114061 9.9964E-05 9.9964E-05 0.196301 9.9964E-05
0.349884 0.358127 0.0828209 0.0439116 0.0250484 0.140108 9.9991E-05
0.0207472 0.435676 0.203124 9.9991E-05 0.00548016 0.288657 0.0462155
9.9964E-05 0.407359 0.199593 9.9964E-05 9.9964E-05 0.392648 9.9964E-05
0.371663 0.182742 0.106404 0.206497 9.9991E-05 0.121718 0.0108765
0.289685 0.140379 0.205866 0.112444 0.0299803 0.214294 0.00735207
0.116897 0.285017 0.196754 9.9991E-05 0.00230583 0.238098 0.160829
0.162962 0.509914 0.145449 9.9973E-05 9.9973E-05 0.181375 9.9973E-05
0.474904 0.186099 0.0883241 0.0626295 0.0792335 0.10871 9.9991E-05
0.213475 0.426169 0.104446 0.00214102 9.9991E-05 0.166303 0.0873656
9.9964E-05 0.549603 0.0302772 9.9964E-05 9.9964E-05 0.41972 9.9964E-05
0.49225 0.0926441 0.163536 0.0365481 0.0998746 0.101494 0.0136535
0.464459 0.212166 0.130251 9.9982E-05 0.0161227 0.176802 9.9982E-05
0.382688 0.0204993 0.127262 9.9991E-05 0.0829821 0.327112 0.0593558
0.505586 0.0510506 0.291214 9.9973E-05 9.9973E-05 0.15185 9.9973E-05
0.356676 0.060415 0.160958 0.000669428 0.0506639 0.237513 0.133104
0.541667 0.0306166 0.140934 0.00452115 0.047077 0.211847 0.0233376
0.502352 0.0865309 0.242725 9.9982E-05 9.9982E-05 0.141772 0.0264198
0.318447 0.0630827 0.222481 9.9982E-05 0.0602059 0.335583 9.9982E-05
0.569882 0.0142745 0.135848 9.9982E-05 0.0373215 0.242474 9.9982E-05
0.386541 0.0216423 0.316772 9.9991E-05 0.00491483 0.198734 0.0712963
0.425225 0.154939 0.142518 9.9991E-05 0.0166314 0.216636 0.0439506
0.21202 0.0309809 0.203936 9.9991E-05 0.178082 0.11746 0.257421
0.574457 0.0374363 0.0699989 9.9991E-05 0.0641593 0.197643 0.0562057
0.4676 0.0864139 0.130951 0.0498743 0.0667085 0.165487 0.0329652
0.596085 0.0285142 0.10639 0.0521798 0.00537551 0.0947761 0.11668
0.37342 0.0906358 0.250054 9.9973E-05 9.9973E-05 0.28559 9.9973E-05
0.513003 9.9973E-05 0.227481 9.9973E-05 0.0774516 0.181765 9.9973E-05
0.170815 0.264466 0.214992 9.9982E-05 9.9982E-05 0.340993 0.00853332
0.417945 9.9991E-05 0.247518 0.0809263 0.0285968 0.186229 0.0386856
0.178008 0.137941 0.329296 0.0346081 9.9991E-05 0.233867 0.0861809
9.9991E-05 0.054922 0.00488497 0.0212841 0.113954 0.775152 0.029703
0.11887 0.0193538 9.9982E-05 9.9982E-05 0.785144 0.057358 0.0190741
9.9955E-05 9.9955E-05 9.9955E-05 9.9955E-05 0.993519 0.00598137 9.9955E-05
9.9955E-05 9.9955E-05 9.9955E-05 9.9955E-05 0.965168 0.0343325 9.9955E-05
0.034838 9.9955E-05 9.9955E-05 9.9955E-05 0.964662 9.9955E-05 9.9955E-05
0.0210447 9.9964E-05 0.0273668 9.9964E-05 0.951189 9.9964E-05 9.9964E-05
0.115014 9.9955E-05 9.9955E-05 9.9955E-05 0.884486 9.9955E-05 9.9955E-05
9.9973E-05 0.0368818 9.9973E-05 0.00539234 0.936589 0.0208372 9.9973E-05
0.00132014 9.9964E-05 9.9964E-05 9.9964E-05 0.77606 0.22222 9.9964E-05
0.0693869 0.0292396 0.0243295 9.9982E-05 0.00627065 0.870573 9.9982E-05
0.0613986 9.9973E-05 9.9973E-05 9.9973E-05 0.0651707 0.845223 0.0279075
0.00127333 0.0217738 0.0679502 9.9982E-05 9.9982E-05 0.831045 0.0777582
0.0412525 0.0128312 9.9982E-05 0.0449787 0.091635 0.809103 9.9982E-05
9.9973E-05 9.9973E-05 0.0757309 9.9973E-05 0.0297774 0.860541 0.0336506
9.9964E-05 9.9964E-05 0.0290166 0.0733121 9.9964E-05 0.897271 9.9964E-05
0.0646182 0.00812707 0.155311 9.9982E-05 0.0545798 0.717164 9.9982E-05
9.9964E-05 9.9964E-05 0.120237 0.0518934 9.9964E-05 0.827469 9.9964E-05
0.0175378 0.0189677 0.107654 9.9991E-05 0.162396 0.676811 0.0165338
0.000889706 9.9973E-05 0.0865331 0.0180415 9.9973E-05 0.894236 9.9973E-05
9.9973E-05 9.9973E-05 9.9973E-05 0.00927422 0.0180688 0.966374 0.00598293
0.0413304 0.0394403 0.0543899 0.0223126 0.0184709 0.823956 9.9991E-05
9.9964E-05 0.0334171 0.0325691 9.9964E-05 9.9964E-05 0.933614 9.9964E-05
0.0814262 0.0366387 0.00289614 9.9973E-05 9.9973E-05 0.878739 9.9973E-05
0.0211487 9.9982E-05 0.0853824 9.9982E-05 0.0212246 0.839381 0.0326633
0.0670729 9.9964E-05 0.106703 9.9964E-05 9.9964E-05 0.825824 9.9964E-05
0.101259 9.9964E-05 0.170055 9.9964E-05 9.9964E-05 0.728286 9.9964E-05
