0.920323 0.0614837 0.0180936 9.9991E-05
0.957213 9.9982E-05 0.0425875 9.9982E-05
0.833904 0.0322671 9.9991E-05 0.133729
0.855484 0.063488 0.0264009 0.0546266
0.884138 0.0796474 9.9991E-05 0.036115
0.653062 0.0788467 0.146509 0.121583
0.84454 0.0244787 0.130881 9.9991E-05
0.767035 0.0339533 0.198912 9.9991E-05
0.850991 9.9982E-05 0.148809 9.9982E-05
0.723758 0.108501 0.074152 0.0935891
0.783461 9.9991E-05 0.178058 0.0383807
0.0587945 0.0275007 0.517661 0.396043
0.0170158 0.0925552 0.226878 0.663551
0.131042 0.066379 0.4362 0.366379
0.164741 0.134924 0.264361 0.435974
0.165259 0.0588256 0.229452 0.546463
0.0748473 0.134686 0.094797 0.69567
9.9991E-05 0.149437 0.356848 0.493615
0.200413 0.0167427 0.304315 0.478529
0.142709 0.0274267 0.692118 0.137746
0.0596871 0.0893273 0.307421 0.543564
0.0281071 0.103603 0.353605 0.514685
0.0926217 0.0522046 0.165422 0.689752
0.0497317 0.0690381 0.399232 0.481998
0.123651 0.0461048 0.0856992 0.744545
0.0764592 0.0726024 0.21715 0.633788
0.0815846 0.102609 0.510419 0.305387
0.100715 0.138907 0.462576 0.297803
0.054966 0.0498301 0.562965 0.332239
0.856607 0.0647366 9.9991E-05 0.0785566
0.841217 9.9982E-05 9.9982E-05 0.158583
0.811765 0.0475962 9.9991E-05 0.140539
0.752388 0.0702808 9.9991E-05 0.177231
0.0392123 9.9991E-05 0.222952 0.737735
0.126559 0.042983 0.188678 0.64178
0.00744065 0.00494204 0.246546 0.741071
0.19821 9.9991E-05 0.530369 0.271321
0.0136147 0.0382087 0.463677 0.4845
0.073807 0.029672 0.204314 0.692207
0.0339057 0.0610446 0.0985237 0.806526
0.13474 9.9991E-05 0.164391 0.700769
0.180722 9.9991E-05 0.10734 0.711838
0.0281948 9.9991E-05 0.580301 0.391404
0.0723671 0.106588 0.187898 0.633147
0.00986353 0.15027 0.253064 0.586802
0.163578 0.0926725 0.118312 0.625438
9.9982E-05 9.9982E-05 0.42716 0.57264
0.0416881 0.0317379 0.139472 0.787102
0.179826 9.9991E-05 0.168139 0.651935
0.103579 9.9991E-05 0.81017 0.0861515
0.0554772 9.9991E-05 0.599483 0.344939
0.0401383 0.0762828 0.720107 0.163472
0.0396583 0.147162 0.201063 0.612117
0.126336 0.0921182 0.16433 0.617216
0.0693779 0.158687 0.142458 0.629477
0.115635 9.9991E-05 0.546257 0.338007
0.056412 0.0782898 0.26141 0.603888
0.075962 0.106081 0.145789 0.672168
0.189532 9.9991E-05 0.35661 0.453758
0.242644 0.0549305 0.541666 0.16076
0.0935077 0.0554136 0.261129 0.58995
0.100711 0.0530156 0.333557 0.512717
0.107575 9.9991E-05 0.725183 0.167142
0.0422041 0.0204567 0.303616 0.633723
0.036179 0.0775103 0.165007 0.721304
0.170908 9.99996E-05 0.180505 0.648487
0.0453323 0.0939517 0.512412 0.348304
0.0176709 0.0800608 0.304438 0.597831
0.0682813 0.116207 0.168885 0.646627
0.074935 0.0137215 0.588152 0.323191
9.9982E-05 9.9982E-05 0.252962 0.746838
9.9982E-05 9.9982E-05 0.523969 0.475831
0.185777 0.00383805 0.0703687 0.740016
9.9982E-05 9.9982E-05 0.730419 0.269381
9.9982E-05 9.9982E-05 0.753471 0.246329
9.9982E-05 9.9982E-05 0.482927 0.516873
0.0131064 9.9991E-05 0.322607 0.664186
0.136333 0.0499843 0.177385 0.636298
0.00328431 0.048688 0.333088 0.614939
0.047266 9.9991E-05 0.495159 0.457475
0.0666395 9.9991E-05 0.453657 0.479604
0.0700764 0.0930603 0.216073 0.62079
0.0623128 0.012144 0.387586 0.537957
0.0365815 9.9991E-05 0.275564 0.687754
9.9982E-05 9.9982E-05 0.320489 0.679311
9.9991E-05 0.0629894 0.784086 0.152825
0.0180188 0.110317 0.204312 0.667353
0.861616 0.0203851 9.9991E-05 0.117899
0.941085 9.9982E-05 9.9982E-05 0.0587153
0.84292 0.08857 9.9991E-05 0.0684103
0.908532 0.0350914 9.9991E-05 0.0562762
0.882717 9.9982E-05 9.9982E-05 0.117083
0.889143 0.0614667 0.0219773 0.0274127
0.925237 0.0308504 9.9991E-05 0.043813
0.112684 0.150427 0.114309 0.62258
0.0502943 0.15146 0.130869 0.667377
9.9982E-05 9.9982E-05 0.663161 0.336639
0.122104 0.120193 0.17038 0.587323
0.0389617 9.9991E-05 0.312429 0.648509
0.0683158 0.0490373 0.136894 0.745753
0.0353088 0.022897 0.1879 0.753894
0.033521 0.0795515 0.264206 0.622722
0.0452135 9.9991E-05 0.751118 0.203569
0.187238 0.0791246 0.121727 0.61191
0.0938472 0.0401702 0.138964 0.727019
0.0937348 0.110242 0.220266 0.575757
9.9991E-05 0.0522006 0.441422 0.506277
9.9991E-05 0.00761009 0.288577 0.703713
0.0110491 9.9991E-05 0.36582 0.623031
9.9991E-05 0.0678197 0.375125 0.556955
0.0437386 9.9991E-05 0.244975 0.711186
0.161905 0.0207927 0.110358 0.706944
0.0900332 0.0613835 0.526455 0.322129
0.184751 0.042871 0.299824 0.472554
0.088068 0.0952086 0.262144 0.554579
0.129848 0.0526166 0.114394 0.703141
0.0955197 0.0166039 0.285026 0.60285
0.0131377 0.0914414 0.278293 0.617128
0.0861003 9.9991E-05 0.334808 0.578992
0.125706 9.9991E-05 0.191563 0.682631
0.0254663 0.113666 0.201492 0.659376
0.0724634 0.0251564 0.229699 0.672681
0.0480039 9.9991E-05 0.297496 0.654401
0.0775249 0.101615 0.226407 0.594454
0.163063 0.0550184 0.176011 0.605908
0.0144923 0.129634 0.272404 0.58347
0.07362 0.0414004 0.149634 0.735345
0.0922253 0.132857 0.205493 0.569424
0.150739 0.0608139 0.363921 0.424526
0.0289297 0.105062 0.144552 0.721457
9.9991E-05 0.123141 0.244601 0.632158
0.0561481 0.126661 0.509448 0.307742
0.0377894 0.148078 0.646171 0.167961
0.0590623 0.00673803 0.228247 0.705953
9.9991E-05 0.127834 0.708832 0.163235
0.106977 9.9991E-05 0.51706 0.375863
0.0526752 9.9991E-05 0.375386 0.571839
0.10499 9.9991E-05 0.378223 0.516687
0.0466525 9.9991E-05 0.525389 0.427858
0.117298 0.0236763 0.116108 0.742918
0.0556454 0.110305 0.227873 0.606177
0.0885826 0.0669753 0.256637 0.587805
9.9991E-05 0.172334 0.678447 0.149119
0.216767 0.162015 0.123572 0.497645
0.0488638 0.140725 0.335405 0.475006
0.226022 0.0221179 0.681425 0.0704354
0.147217 0.0819266 0.12526 0.645597
0.128746 0.0799949 0.385044 0.406215
0.0831208 0.151402 0.243702 0.521775
0.111645 0.0934209 0.510591 0.284343
0.145407 9.9991E-05 0.545432 0.309061
0.0458973 0.0303532 0.394274 0.529475
0.165304 0.104812 0.189904 0.53998
0.162373 0.129974 0.295849 0.411803
0.0629702 0.251649 0.665874 0.0195067
0.0548489 0.166404 0.266363 0.512384
9.9982E-05 9.9982E-05 0.529669 0.470131
0.0183454 0.0267056 0.344468 0.610481
0.114334 0.0946437 0.204131 0.586891
0.307087 0.370208 0.242627 0.0800776
0.574107 0.215064 0.210728 9.9991E-05
0.512505 0.198745 0.288651 9.9991E-05
0.410462 0.395299 0.124917 0.0693214
0.0380687 0.0171108 0.144323 0.800497
0.0841957 0.0503698 0.122788 0.742647
9.9982E-05 0.664113 9.9982E-05 0.335687
0.0721569 0.420859 0.0194117 0.487573
0.0749226 0.435728 0.101678 0.387671
9.9991E-05 0.106652 0.512403 0.380845
0.092251 0.0756794 0.292888 0.539182
0.0390115 0.0855202 0.556885 0.318584
0.0434888 0.0263244 0.222055 0.708131
0.0415644 0.0183811 0.348435 0.59162
0.00889202 0.113695 0.26144 0.615974
9.9991E-05 0.0797582 0.676015 0.244127
0.0929167 0.0940404 0.0961534 0.71689
0.0839569 0.0930971 0.238537 0.58441
9.998E-05 0.9997 9.998E-05 9.998E-05
9.9982E-05 0.909232 9.9982E-05 0.0905682
0.0668597 0.587879 9.9991E-05 0.345161
9.9982E-05 0.608497 9.9982E-05 0.391303
0.00448859 0.812316 9.9991E-05 0.183095
9.998E-05 0.9997 9.998E-05 9.998E-05
0.0229378 0.976862 9.9982E-05 9.9982E-05
9.9982E-05 0.891327 9.9982E-05 0.108473
9.9991E-05 0.954065 0.0184091 0.0274257
9.998E-05 0.9997 9.998E-05 9.998E-05
9.998E-05 0.9997 9.998E-05 9.998E-05
0.0392746 0.797876 0.011657 0.151192
0.0887913 0.785642 9.9991E-05 0.125467
9.9991E-05 0.989457 0.00843628 0.00200713
0.0558712 0.391231 0.179738 0.37316
0.0683828 0.712149 0.0463841 0.173084
0.0483718 0.765526 9.9991E-05 0.186002
0.0114481 0.924073 9.9991E-05 0.0643787
9.9982E-05 0.97835 9.9982E-05 0.02145
0.0700927 0.886278 9.9991E-05 0.0435291
9.998E-05 0.9997 9.998E-05 9.998E-05
0.102139 0.600067 0.00742396 0.29037
9.9991E-05 0.90319 0.0437086 0.0530016
0.374981 0.1196 0.505319 9.9991E-05
0.204178 0.114986 0.244165 0.436672
0.252628 0.126536 0.217525 0.403311
0.27457 0.160831 0.396134 0.168465
0.206619 0.0771413 0.185387 0.530852
0.314425 0.215848 0.272614 0.197113
0.163083 0.125144 0.184526 0.527248
0.149661 0.244265 0.262322 0.343752
0.171013 0.221153 0.181752 0.426083
0.161634 0.32439 0.217691 0.296284
0.140952 0.201727 0.245497 0.411824
0.875146 9.9991E-05 0.0525725 0.0721819
0.925652 0.0621846 0.0120631 9.9991E-05
0.959496 9.9991E-05 0.0349235 0.00548052
0.967799 9.9982E-05 9.9982E-05 0.0320009
0.907185 0.0651201 9.9991E-05 0.027595
0.891827 0.107973 9.9982E-05 9.9982E-05
0.891354 0.0694405 9.9991E-05 0.0391056
0.930868 9.9991E-05 0.0401737 0.0288581
0.959575 9.9982E-05 9.9982E-05 0.0402253
0.879183 0.120617 9.9982E-05 9.9982E-05
0.648862 9.9982E-05 0.350938 9.9982E-05
0.642759 0.0184964 0.307498 0.0312464
0.609101 9.9982E-05 0.390699 9.9982E-05
0.566227 9.9982E-05 0.433573 9.9982E-05
0.0871604 9.9991E-05 0.26775 0.64499
0.0273611 0.0419155 0.282747 0.647976
0.080811 9.9991E-05 0.230667 0.688422
0.0678097 9.9991E-05 0.404381 0.52771
0.0444077 9.9991E-05 0.630883 0.324609
0.0923128 0.0177183 0.0869578 0.803011
9.9991E-05 0.0367615 0.254615 0.708524
9.9991E-05 0.0223161 0.326965 0.650619
9.9991E-05 0.0549264 0.36197 0.583004
0.0615169 0.00192395 0.142192 0.794367
0.00177991 9.9991E-05 0.361092 0.637028
9.9982E-05 9.9982E-05 0.838392 0.161408
0.0865167 9.9991E-05 0.207382 0.706002
9.9991E-05 0.0169465 0.576697 0.406256
9.9991E-05 0.030057 0.298714 0.671129
0.0565831 9.9991E-05 0.607719 0.335598
0.250091 9.9991E-05 0.698083 0.0517267
0.235408 9.9991E-05 0.602456 0.162036
0.189492 9.9991E-05 0.740178 0.07023
0.23624 9.9991E-05 0.712335 0.0513243
0.140076 9.9991E-05 0.742276 0.117549
0.20669 9.9991E-05 0.576685 0.216525
0.859224 0.0905433 9.9991E-05 0.0501327
0.813357 0.067218 0.0269616 0.0924632
0.763117 0.120042 9.9991E-05 0.116741
0.804797 0.111528 0.0190176 0.064657
0.856079 0.0593931 9.9991E-05 0.0844283
0.476005 9.9982E-05 0.523795 9.9982E-05
0.538871 9.9982E-05 0.460929 9.9982E-05
0.53393 9.9991E-05 0.445768 0.020202
0.838368 0.0279009 9.9991E-05 0.133631
0.467596 9.9982E-05 0.532204 9.9982E-05
0.208876 0.433087 0.0891457 0.268892
0.180813 0.22382 9.9991E-05 0.595267
0.17631 0.286715 9.9991E-05 0.536876
0.193579 0.261855 0.114582 0.429984
0.112274 0.262477 0.0897396 0.53551
0.441801 0.357668 0.20043 9.9991E-05
0.0152029 0.0120647 0.446416 0.526317
0.0924281 0.0677211 0.430361 0.40949
0.186631 9.9991E-05 0.447411 0.365857
9.9991E-05 0.0723051 0.406854 0.520741
9.9982E-05 0.00828661 0.991513 9.9982E-05
0.0345675 0.0836623 0.22527 0.6565
0.0873453 0.0328032 0.33863 0.541222
0.115472 9.9991E-05 0.435412 0.449016
0.0947802 0.0794558 0.204613 0.621151
0.0205286 0.0529168 0.750384 0.176171
9.9991E-05 0.109921 0.377008 0.51297
0.0601506 0.0421327 0.3132 0.584517
0.162456 0.215143 0.204722 0.417678
9.9991E-05 0.0073865 0.4708 0.521713
0.0621465 0.00749624 0.361422 0.568935
0.00711434 0.113277 0.348971 0.530638
0.0305119 9.9991E-05 0.307722 0.661666
0.0298986 0.115933 0.21012 0.644049
0.115508 0.0980772 0.250231 0.536184
0.0422267 0.158519 0.206664 0.592591
0.77877 0.0868215 9.9991E-05 0.134308
0.842945 0.0564364 9.9991E-05 0.100518
0.794143 9.9991E-05 0.0920832 0.113674
0.855363 0.0275594 0.02555 0.0915272
0.839121 0.00203513 9.9991E-05 0.158744
0.0987393 0.0195861 0.575178 0.306497
0.0883831 0.11006 0.25259 0.548967
0.19135 0.224732 0.145567 0.438351
0.0838093 0.129213 0.0664383 0.720539
0.09086 9.9991E-05 0.242778 0.666262
0.054253 0.126442 0.507581 0.311724
0.218337 9.9991E-05 0.627777 0.153786
0.080615 0.0178489 0.225273 0.676263
0.135906 0.00772839 0.533216 0.323149
0.0457865 0.115547 0.351345 0.487321
0.225953 9.9991E-05 0.544718 0.229229
0.137091 0.131968 0.205824 0.525117
0.17989 0.00897281 0.531458 0.279679
0.0733153 0.0364923 0.395959 0.494233
0.135633 0.0792373 0.270692 0.514438
0.0758124 0.0113061 0.492309 0.420573
0.0734055 0.0370975 0.220517 0.668979
0.143585 0.01096 0.16737 0.678085
0.0315718 9.9991E-05 0.466383 0.501945
0.102881 0.187535 0.207356 0.502228
0.0971058 0.038511 0.233696 0.630687
9.9982E-05 9.9982E-05 0.757634 0.242166
0.0101258 0.0270005 0.598585 0.364289
0.0360827 0.0383968 0.382483 0.543037
0.0607515 9.9991E-05 0.627366 0.311783
0.0119487 0.0480229 0.415644 0.524384
0.112731 0.0261001 0.662489 0.19868
9.9991E-05 0.0841996 0.641913 0.273788
0.0903315 0.0745147 0.349774 0.48538
0.0637792 0.0736774 0.147695 0.714848
9.9991E-05 0.0162505 0.598054 0.385595
0.0889772 0.0998297 0.250431 0.560763
0.0681849 0.107405 0.226537 0.597873
0.00211071 0.162308 0.268162 0.567419
0.0575963 0.114889 0.333946 0.493569
0.0253249 0.105932 0.331765 0.536979
9.9991E-05 0.103204 0.556634 0.340062
0.00253889 0.111608 0.44444 0.441413
0.000340437 0.071397 0.186184 0.742079
0.0739824 0.0313712 0.215946 0.6787
0.0486629 0.0580987 0.415155 0.478083
9.9991E-05 0.163187 0.262684 0.574029
0.187204 0.0261599 0.346318 0.440318
0.0180162 0.0706945 0.267301 0.643988
0.122206 0.0602049 0.213332 0.604257
0.119289 0.0814755 0.207566 0.591669
0.345454 0.169784 0.0423631 0.442398
0.108663 0.301857 0.139621 0.449859
0.192395 0.103496 0.0407044 0.663404
0.110739 0.110966 0.124273 0.654022
0.23181 0.213601 0.0469245 0.507665
9.9991E-05 0.0819497 0.402568 0.515383
0.237703 0.152978 0.045841 0.563478
0.264655 0.234397 0.498293 0.00265417
0.118231 0.233274 0.164489 0.484007
0.123208 0.150691 0.122899 0.603202
0.113252 0.292655 0.173645 0.420448
0.184479 0.19434 0.256965 0.364216
0.131423 0.211539 0.121586 0.535451
0.163799 0.171396 0.121527 0.543278
0.497067 0.248821 0.254012 9.9991E-05
0.219333 0.17838 0.0310858 0.571202
0.212816 0.284182 0.0354186 0.467583
0.106173 0.143225 0.0957223 0.65488
0.222394 0.19868 0.00626724 0.572658
0.19014 0.162334 0.0793785 0.568148
9.9991E-05 0.132886 0.392141 0.474873
0.0405417 0.103833 0.172854 0.682771
9.9991E-05 0.0411659 0.806833 0.151902
9.9991E-05 0.0379755 0.800841 0.161084
0.095977 0.18186 0.234286 0.487877
0.10466 0.406648 0.142353 0.346338
0.099254 0.485853 0.135958 0.278935
0.210421 0.338798 0.248948 0.201833
0.192535 0.31003 0.129746 0.367689
0.0972292 0.17063 0.545627 0.186513
0.125637 0.157556 0.409191 0.307616
0.0496028 0.147912 0.151872 0.650614
0.0493975 0.126276 0.254045 0.570282
0.0538166 0.21565 0.450109 0.280424
0.112591 0.126469 0.212837 0.548103
0.0163719 0.231175 0.217073 0.535379
0.12937 0.104291 0.197188 0.56915
0.0219105 9.9991E-05 0.444187 0.533803
0.00674129 0.100782 0.505309 0.387167
0.105498 0.122379 0.217746 0.554378
0.060933 0.0793035 0.354372 0.505391
0.0459566 0.223086 0.331208 0.39975
0.0108425 9.9991E-05 0.364864 0.624194
9.9991E-05 0.0196044 0.623249 0.357047
0.0229847 0.0504692 0.230046 0.6965
9.9991E-05 0.0434933 0.608303 0.348103
9.9991E-05 0.0851411 0.425672 0.489087
0.0839307 0.0943164 0.166152 0.655601
0.0754094 0.0204998 0.252058 0.652033
0.216403 0.185718 0.0781165 0.519762
0.145027 0.18315 0.210186 0.461637
0.14711 0.334108 0.219669 0.299113
0.212481 0.255511 0.184918 0.347089
0.170714 0.278295 0.198424 0.352567
0.209923 0.161315 0.139094 0.489667
0.182778 0.241393 0.575729 9.9991E-05
0.134888 0.218912 0.0372141 0.608986
0.399506 0.234452 0.365942 9.9991E-05
0.0240841 0.260822 0.163928 0.551166
9.9991E-05 0.0217937 0.698699 0.279407
9.9991E-05 0.0757476 0.886339 0.0378138
9.9982E-05 9.9982E-05 0.36273 0.63707
9.9991E-05 0.0427225 0.21053 0.746648
9.9991E-05 0.0348362 0.45787 0.507194
9.9991E-05 0.0883079 0.306881 0.604712
9.9991E-05 0.0701113 0.334556 0.595233
0.820953 0.0611411 0.048871 0.0690346
0.785598 0.114144 0.0993074 0.00095007
0.923439 0.0763606 9.9982E-05 9.9982E-05
0.960768 9.9982E-05 9.9982E-05 0.039032
0.0446965 0.0724948 0.300994 0.581815
0.0992727 0.0158498 0.186386 0.698491
9.9982E-05 9.9982E-05 0.274206 0.725594
0.0859284 9.9991E-05 0.137371 0.7766
0.107427 0.0516772 0.213627 0.627268
0.017052 9.9991E-05 0.495353 0.487495
0.0299866 0.0357431 0.128287 0.805983
0.00774002 9.9991E-05 0.450549 0.541611
0.223815 0.229299 9.9991E-05 0.546786
9.9991E-05 0.0674299 0.387739 0.544731
9.9982E-05 9.9982E-05 0.458017 0.541783
9.9991E-05 0.0207901 0.229657 0.749453
0.0530446 9.9991E-05 0.348177 0.598678
9.9982E-05 9.9982E-05 0.190773 0.809027
0.0365389 9.9991E-05 0.142831 0.820531
9.9982E-05 9.9982E-05 0.660625 0.339175
0.00518131 0.00739672 0.493989 0.493433
9.9982E-05 9.9982E-05 0.436611 0.563189
9.9982E-05 9.9982E-05 0.818709 0.181091
0.0400304 9.9991E-05 0.298589 0.661281
9.9982E-05 9.9982E-05 0.664829 0.334971
9.9991E-05 0.0238182 0.862253 0.113829
0.0301442 0.0461112 0.182535 0.741209
0.0404178 9.9991E-05 0.486957 0.472525
9.9991E-05 0.0601773 0.341693 0.59803
0.0661801 0.120653 0.153661 0.659506
0.0103546 9.9991E-05 0.285936 0.70361
9.9991E-05 0.156459 0.474762 0.368679
9.9982E-05 9.9982E-05 0.234996 0.764804
0.0334167 0.0889794 0.28523 0.592374
9.9982E-05 9.9982E-05 0.443535 0.556265
0.162071 9.9991E-05 0.131347 0.706482
0.705497 9.9991E-05 0.291755 0.0026475
0.799531 0.00443861 0.143776 0.0522549
0.860197 9.9982E-05 0.139603 9.9982E-05
0.887337 9.9982E-05 0.112463 9.9982E-05
0.805704 9.9991E-05 0.143641 0.0505545
0.0247004 9.9991E-05 0.535402 0.439798
0.0613249 9.9991E-05 0.56974 0.368835
9.9982E-05 9.9982E-05 0.574585 0.425215
0.110941 0.0514284 0.137304 0.700327
0.161799 0.0145894 0.11131 0.712301
0.0286482 9.9991E-05 0.435644 0.535607
9.9991E-05 0.059095 0.231173 0.709632
0.0860804 9.9991E-05 0.312431 0.601389
0.0243863 0.0057603 0.167766 0.802087
0.0869787 0.029571 0.123554 0.759896
9.9991E-05 0.0402299 0.4768 0.48287
9.9982E-05 9.9982E-05 0.392726 0.607074
9.9982E-05 9.9982E-05 0.406037 0.593764
0.105668 0.00848314 0.191203 0.694645
0.0355517 9.9991E-05 0.292735 0.671613
9.9991E-05 0.0717377 0.338614 0.589549
0.133884 0.452487 0.022859 0.39077
0.0949519 0.567192 0.061905 0.275951
0.119105 0.530854 9.9991E-05 0.34994
0.183017 0.468427 0.00675587 0.341801
0.125816 0.324788 0.031295 0.518101
0.0609557 0.0196049 0.230017 0.689422
0.252619 0.740124 9.9991E-05 0.00715711
0.160922 0.514303 9.9991E-05 0.324675
0.150102 0.207007 0.138228 0.504662
0.177203 0.000443371 0.127655 0.694698
0.147878 0.0376272 0.302448 0.512047
0.115213 0.0678853 0.195368 0.621534
0.158526 9.9991E-05 0.152624 0.68875
0.143975 0.543926 9.9991E-05 0.311999
0.133781 0.483667 0.0746955 0.307857
0.0894291 0.485165 9.9991E-05 0.425305
0.151028 0.290947 0.071971 0.486054
0.0899928 0.588747 9.9991E-05 0.32116
0.175117 0.3558 0.0433958 0.425687
0.156121 0.607271 0.011617 0.224991
0.0890055 0.445193 0.074081 0.39172
0.0707165 0.0769918 0.232934 0.619357
0.138044 0.387667 0.027881 0.446408
0.181237 0.738079 9.9991E-05 0.080584
0.0420581 0.389824 0.0837684 0.484349
0.233507 9.9991E-05 0.479532 0.28686
0.0379918 0.171203 0.18361 0.607195
0.133978 0.310131 0.0980755 0.457816
0.17617 0.0575308 0.125114 0.641185
0.178627 0.0146994 0.198727 0.607946
0.162408 0.268513 0.212323 0.356756
0.222368 0.340602 0.0630493 0.373981
0.0835651 0.183628 0.16065 0.572157
0.096137 0.511019 0.0617773 0.331067
0.104092 0.447553 9.9991E-05 0.448254
0.234225 0.605641 0.00865786 0.151476
0.14199 0.152113 0.111417 0.594479
0.134907 9.9991E-05 0.262076 0.602918
0.138671 0.115988 0.503662 0.241679
0.173071 0.0735616 0.188644 0.564723
0.151264 0.0487041 0.329811 0.47022
0.130646 0.251047 0.117682 0.500625
0.129498 0.104761 0.227581 0.53816
0.361492 0.275354 0.363054 9.9991E-05
0.369612 0.219536 0.410752 9.9991E-05
0.171401 0.166867 0.382027 0.279705
0.362145 0.296923 0.340832 9.9991E-05
0.451143 0.315223 0.233534 9.9991E-05
0.161027 0.201371 0.236963 0.400639
0.204139 0.253165 0.267089 0.275606
0.228997 0.262691 0.29441 0.213902
0.305878 0.24295 0.356964 0.0942085
0.0977759 0.249584 0.16798 0.48466
0.261708 0.241431 0.375128 0.121733
0.500509 0.160829 0.338563 9.9991E-05
0.172427 0.224547 0.0422126 0.560813
0.208479 0.268797 0.155564 0.36716
0.293755 0.170988 0.00630802 0.528949
0.137277 0.328269 9.9991E-05 0.534354
0.187089 0.221099 9.9991E-05 0.591712
0.162485 0.244741 9.9991E-05 0.592674
0.352919 0.245138 0.01021 0.391734
0.266539 0.139986 0.0123106 0.581164
0.211506 0.345299 9.9991E-05 0.443095
0.281054 0.278228 0.118805 0.321912
0.223119 0.0925451 0.244104 0.440232
0.159255 0.144178 0.112365 0.584202
0.228674 0.194035 0.0826299 0.494661
0.163752 0.0516326 0.0502462 0.734369
0.318491 0.293582 0.0335723 0.354356
0.216764 0.21158 0.00348139 0.568175
0.414483 0.264563 0.191431 0.129523
0.163355 0.286219 0.0261092 0.524316
0.317487 0.375482 0.112864 0.194167
0.826795 9.9982E-05 0.173005 9.9982E-05
0.193104 9.9991E-05 0.681993 0.124802
0.185563 9.9991E-05 0.782292 0.032045
0.174222 9.9991E-05 0.723699 0.101979
0.132511 9.9991E-05 0.740945 0.126444
0.162607 9.9991E-05 0.68898 0.148313
0.127196 9.9991E-05 0.622869 0.249836
0.195122 9.9982E-05 0.804678 9.9982E-05
0.340071 9.9991E-05 0.558512 0.101317
0.897605 0.0862943 0.0160007 9.9991E-05
0.8316 9.9991E-05 0.0896461 0.078654
0.917442 0.0661507 0.016307 9.9991E-05
0.847975 0.00706195 0.138097 0.0068657
0.924815 0.0426238 9.9991E-05 0.0324612
0.898477 0.0384415 0.0629812 9.9991E-05
0.799262 0.12889 0.0648546 0.00699303
0.882255 0.117545 9.9982E-05 9.9982E-05
0.744455 0.0534047 0.131509 0.0706311
0.919213 0.0392021 9.9991E-05 0.0414851
0.970916 9.9982E-05 0.0288841 9.9982E-05
0.856973 0.0859147 0.036577 0.0205356
0.938197 0.038282 0.023421 9.9991E-05
0.901599 0.0283523 9.9991E-05 0.0699487
0.86562 0.0371872 9.9991E-05 0.0970926
0.845289 0.127888 9.9991E-05 0.0267222
0.780737 0.18344 9.9991E-05 0.0357228
0.766765 0.125394 9.9991E-05 0.107741
0.814993 0.0934339 9.9991E-05 0.0914732
0.173533 0.0389996 0.28371 0.503758
0.123144 9.9991E-05 0.0885712 0.788185
0.126049 0.08262 0.16201 0.629321
0.0721893 0.112217 0.678192 0.137401
0.216943 9.9991E-05 0.185024 0.597932
0.167444 0.134732 0.627199 0.0706239
0.0952641 0.0336744 0.129828 0.741234
0.128429 9.9991E-05 0.272496 0.598975
0.127105 0.0190549 0.257249 0.596591
0.0663409 0.0219857 0.22436 0.687313
0.144443 9.9991E-05 0.259018 0.596439
0.129539 0.0402041 0.133142 0.697115
0.198278 9.9991E-05 0.150314 0.651308
0.0599659 0.0950213 0.714053 0.13096
0.0890841 0.0348056 0.87601 9.9991E-05
0.108474 0.118231 0.573769 0.199526
0.136241 0.0489618 0.0951662 0.719631
0.150452 0.0381551 0.203094 0.608299
0.182864 0.013627 0.192956 0.610553
0.121564 0.0773597 0.147991 0.653085
0.196949 0.14527 0.0146994 0.643082
0.182674 0.213091 9.9991E-05 0.604135
0.424291 0.187813 0.209771 0.178126
0.205014 0.0312122 0.115048 0.648726
0.248119 0.150301 0.117206 0.484375
0.450317 0.218571 0.331012 9.9991E-05
0.315619 0.322728 0.0580215 0.303632
0.376149 0.225505 0.0789364 0.319409
0.342522 0.126095 0.0114032 0.51998
0.0851096 0.245603 0.141998 0.527289
0.237635 0.204671 0.0534639 0.50423
0.124086 0.173502 0.0196224 0.682789
0.147517 0.22151 0.161759 0.469215
0.472802 0.155734 0.0558639 0.3156
