9.9946E-05 9.9946E-05 0.106396 9.9946E-05 0.0562928 9.9946E-05 0.795212 9.9946E-05 9.9946E-05 0.0414991
0.033011 9.9937E-05 9.9937E-05 9.9937E-05 0.0535184 9.9937E-05 0.912771 9.9937E-05 9.9937E-05 9.9937E-05
9.9955E-05 9.9955E-05 0.0667477 9.9955E-05 0.0701574 9.9955E-05 0.701328 9.9955E-05 0.145477 0.0157899
9.9964E-05 9.9964E-05 9.9964E-05 0.00981123 0.0554269 9.9964E-05 0.737597 0.0547992 0.0652216 0.0767444
9.9964E-05 0.0357128 9.9964E-05 9.9964E-05 0.00195817 9.9964E-05 0.849053 0.0371661 0.0349004 0.0408092
9.9955E-05 9.9955E-05 9.9955E-05 9.9955E-05 0.0115191 0.350448 0.57041 0.060219 9.9955E-05 0.00690411
9.9955E-05 9.9955E-05 9.9955E-05 0.0165743 0.0368502 0.212367 0.722607 0.0111018 9.9955E-05 9.9955E-05
9.9964E-05 0.00138902 9.9964E-05 9.9964E-05 0.00241703 0.249355 0.706382 0.00813671 9.9964E-05 0.0319201
0.0496806 9.99549E-05 0.110558 9.99549E-05 0.00728023 9.99549E-05 0.756292 9.99549E-05 9.99549E-05 0.0756897
9.99526E-05 9.99526E-05 9.99526E-05 9.99526E-05 9.99526E-05 0.216085 0.667102 0.0837263 0.0324868 9.99526E-05
9.9937E-05 9.9937E-05 9.9937E-05 9.9937E-05 9.9937E-05 0.259239 0.714433 9.9937E-05 9.9937E-05 0.0256282
0.0605518 9.9964E-05 9.9964E-05 0.751468 9.9964E-05 0.00118282 0.0477738 0.0401774 0.0984463 9.9964E-05
9.9964E-05 9.9964E-05 9.9964E-05 0.355209 0.0143069 9.9964E-05 0.0470025 0.0170035 0.471044 0.0950341
9.9982E-05 0.0609456 0.0621109 0.667858 0.00338606 9.9982E-05 0.0275562 0.0387231 0.121731 0.0174896
9.9955E-05 9.9955E-05 0.0438604 0.648828 9.9955E-05 9.9955E-05 0.0266318 0.163411 0.116769 9.9955E-05
0.0282073 0.0356757 9.9991E-05 0.437935 0.053469 0.0566654 0.0506798 0.115779 0.217649 0.00383967
9.9964E-05 0.0692669 0.00967194 0.334498 0.0296049 9.9964E-05 9.9964E-05 0.157201 0.399357 9.9964E-05
0.00722997 0.00872907 0.0081444 0.484346 0.0124916 0.0962447 9.9982E-05 0.103344 0.279271 9.9982E-05
0.0148305 9.9955E-05 9.9955E-05 0.62809 9.9955E-05 9.9955E-05 0.10137 0.105811 0.149398 9.9955E-05
9.9964E-05 9.9964E-05 9.9964E-05 0.763109 0.0166445 0.109889 0.0152407 0.00994116 9.9964E-05 0.0847759
0.0471893 0.08667 0.0428114 0.429163 0.00663262 9.9982E-05 9.9982E-05 0.0433051 0.324953 0.0190755
0.0277996 9.9973E-05 0.0658714 0.287323 0.0521985 0.168232 9.9973E-05 0.0369821 0.361294 9.9973E-05
0.0866373 0.0537103 9.9982E-05 0.251473 9.9982E-05 0.0654663 0.0329713 0.0526684 0.431044 0.0258297
9.9946E-05 9.9946E-05 9.9946E-05 0.716096 9.9946E-05 0.0630334 9.9946E-05 0.0837095 0.136561 9.9946E-05
9.999E-05 0.0180336 0.033689 0.0810289 0.0343739 0.112515 0.0112915 0.126951 0.505445 0.0765732
0.0284179 0.0162852 9.9973E-05 0.403944 0.0239844 0.0125374 9.9973E-05 0.0683338 0.446197 9.9973E-05
9.9946E-05 9.9946E-05 9.9946E-05 0.877779 0.0529881 9.9946E-05 9.9946E-05 0.0614429 0.00719062 9.9946E-05
9.9928E-05 9.9928E-05 9.9928E-05 0.811072 9.9928E-05 9.9928E-05 9.9928E-05 0.188129 9.9928E-05 9.9928E-05
9.9955E-05 0.0019048 9.9955E-05 0.827132 9.9955E-05 0.0828886 0.0228217 9.9955E-05 0.0647531 9.9955E-05
9.99201E-05 9.99201E-05 9.99201E-05 9.99201E-05 0.999101 9.99201E-05 9.99201E-05 9.99201E-05 9.99201E-05 9.99201E-05
9.99201E-05 9.99201E-05 9.99201E-05 9.99201E-05 0.999101 9.99201E-05 9.99201E-05 9.99201E-05 9.99201E-05 9.99201E-05
9.9964E-05 9.9964E-05 0.0249539 0.00599423 0.392592 9.9964E-05 0.426414 0.0139458 0.135701 9.9964E-05
0.0413015 9.9973E-05 0.0474943 9.9973E-05 0.262822 9.9973E-05 0.488585 0.0185519 0.134631 0.00631365
0.232654 9.9964E-05 9.9964E-05 0.156132 0.00143431 0.0924999 0.0776171 9.9964E-05 0.439263 9.9964E-05
0.348156 0.0526157 9.9964E-05 9.9964E-05 0.0236576 9.9964E-05 0.106539 0.0606048 0.408027 9.9964E-05
0.407171 0.068863 9.9964E-05 9.9964E-05 0.029692 9.9964E-05 0.00878837 0.0283931 0.456692 9.9964E-05
0.0312995 9.9964E-05 9.9964E-05 0.560777 0.0230229 9.9964E-05 0.100364 9.9964E-05 0.0895777 0.194559
0.602113 0.0159278 9.9991E-05 0.0335813 0.00947225 0.0368057 0.033285 0.00650486 0.261616 0.000593827
0.150957 0.0365567 0.0340636 0.183773 9.9991E-05 0.00369917 0.0433439 0.0647395 0.431467 0.0513
0.281424 9.9973E-05 9.9973E-05 9.9973E-05 0.00336212 0.0045475 0.0197933 0.0294009 0.659507 0.00166576
0.0814851 9.9973E-05 9.9973E-05 9.9973E-05 0.00919878 0.353003 0.0211344 0.0706696 0.422292 0.0419175
0.119826 9.9982E-05 9.9982E-05 0.0191818 0.0703543 0.150873 0.0525194 0.0101296 0.516804 0.0601119
0.575195 9.9964E-05 0.0166997 0.226757 0.0429918 9.9964E-05 9.9964E-05 9.9964E-05 0.121825 0.0161314
0.0605826 9.9982E-05 0.0504153 0.0238355 0.0311757 0.288168 9.9982E-05 0.0011948 0.487771 0.0566577
0.330601 0.00378195 0.0489478 9.99664E-05 9.99664E-05 9.99664E-05 0.0705917 0.0792301 0.466447 9.99664E-05
0.132331 9.9991E-05 0.0917976 0.00177408 0.00382392 0.0431795 0.0732439 0.0525998 0.565867 0.0352832
0.649514 0.0149674 0.0600408 9.9955E-05 9.9955E-05 9.9955E-05 9.9955E-05 9.9955E-05 0.271715 0.0032638
0.291547 9.9964E-05 9.9964E-05 9.9964E-05 0.0284242 0.0285353 0.0529296 9.9964E-05 0.583579 0.0145853
0.137453 0.02738 0.100894 9.9973E-05 9.9973E-05 0.0834702 0.0274637 9.9973E-05 0.51659 0.10645
0.713264 0.0739749 0.1476 9.9964E-05 9.9964E-05 0.0531831 0.00998593 9.9964E-05 9.9964E-05 0.00159183
0.193355 0.0743853 0.0426167 0.268835 9.9973E-05 0.0559597 9.9973E-05 9.9973E-05 0.134109 0.23044
0.207745 0.100611 0.169991 0.372852 9.9964E-05 0.138936 9.9964E-05 0.00946604 9.9964E-05 9.9964E-05
0.0478108 0.102754 0.0879737 0.145504 0.0725057 0.00676794 9.9982E-05 0.0903596 0.446124 9.9982E-05
9.9973E-05 0.0605399 0.0153815 0.195389 0.0371708 0.0655238 0.0518932 9.9973E-05 0.573802 9.9973E-05
0.0030888 9.9991E-05 0.0878345 0.0345007 0.0138617 0.170039 0.0363354 0.0409811 0.568559 0.0446996
0.226402 0.0489922 0.0598017 0.272215 9.9982E-05 0.0762012 0.0827481 9.9982E-05 0.12217 0.11127
0.0247418 9.9973E-05 0.0600027 0.211065 0.00770745 0.0883298 9.9973E-05 9.9973E-05 0.487162 0.12069
9.9973E-05 9.9973E-05 0.0701685 0.105731 9.9973E-05 0.137568 0.00349684 0.0598631 0.514782 0.10809
0.162876 0.0329253 9.9982E-05 0.328967 0.0430451 0.0918917 0.100477 0.0172859 0.222333 9.9982E-05
0.0483083 9.9973E-05 0.16508 0.48758 9.9973E-05 0.0193812 0.168791 9.9973E-05 0.0544397 0.0561192
9.9991E-05 0.0659992 0.0498537 0.11261 0.0320323 0.103788 0.00596545 0.0516185 0.44296 0.135073
0.00134407 0.091247 0.122697 0.27284 9.9973E-05 9.9973E-05 0.0634248 9.9973E-05 0.361212 0.0869357
0.0961179 9.9964E-05 0.0246401 0.586566 0.0528155 0.0996434 9.9964E-05 9.9964E-05 9.9964E-05 0.139818
0.0787904 0.0560466 0.0773584 0.288877 9.9964E-05 9.9964E-05 9.9964E-05 9.9964E-05 0.477753 0.020775
0.0218933 0.13072 0.0618522 0.0377582 0.00570598 9.9991E-05 0.0261944 0.0104631 0.639196 0.0661168
9.9982E-05 0.00571661 0.0204754 0.203328 0.0477611 0.0517562 0.0405028 9.9982E-05 0.538738 0.091522
0.105826 0.00809337 0.0547508 0.445789 0.0172 0.0431375 0.0429382 0.0168861 0.204032 0.0613466
0.0646321 0.0408318 0.0635753 0.354762 0.029263 9.9973E-05 9.9973E-05 0.0315443 0.415092 9.9973E-05
0.13918 0.0244823 0.061244 9.9982E-05 0.037874 9.9982E-05 0.025239 0.0127684 0.539497 0.159515
9.9973E-05 0.103 0.0181372 0.570582 0.0362899 0.0802809 9.9973E-05 9.9973E-05 0.122882 0.0685289
0.368613 9.9955E-05 0.0333714 0.0839286 9.9955E-05 9.9955E-05 9.9955E-05 9.9955E-05 0.471593 0.0419943
0.578084 9.9955E-05 9.9955E-05 0.21597 9.9955E-05 0.0243373 0.0464379 9.9955E-05 0.134671 9.9955E-05
0.177946 0.0119288 0.0280792 9.9973E-05 0.0115803 9.9973E-05 0.030949 9.9973E-05 0.567718 0.171499
0.888381 9.9946E-05 0.0554629 9.9946E-05 0.000590627 0.0549662 9.9946E-05 9.9946E-05 9.9946E-05 9.9946E-05
0.7759 0.0603753 0.010728 0.138023 9.9955E-05 0.0144744 9.9955E-05 9.9955E-05 9.9955E-05 9.9955E-05
0.715104 9.9937E-05 9.9937E-05 9.9937E-05 9.9937E-05 9.9937E-05 9.9937E-05 9.9937E-05 0.228573 0.0556234
0.469638 9.9955E-05 9.9955E-05 0.0681264 9.9955E-05 9.9955E-05 0.0229618 9.9955E-05 0.403375 0.035399
0.161479 0.0480104 0.0524083 0.0632086 0.0304872 9.9982E-05 0.163854 0.00466597 0.475687 9.9982E-05
0.472146 9.9955E-05 0.0963599 0.0453822 9.9955E-05 9.9955E-05 9.9955E-05 9.9955E-05 0.376198 0.0094142
0.549496 9.9973E-05 9.9973E-05 0.107678 0.00110224 9.9973E-05 0.0401303 0.0187805 0.155618 0.126896
0.502854 9.9964E-05 9.9964E-05 0.0907462 0.0124649 9.9964E-05 0.0208633 9.9964E-05 0.190785 0.181887
0.158735 0.0196364 0.0636911 9.9982E-05 0.0379784 9.9982E-05 0.0171489 0.0407882 0.520928 0.140893
0.581189 9.9964E-05 9.9964E-05 0.173708 9.9964E-05 9.9964E-05 0.0423314 0.0133567 0.184899 0.00411657
0.398267 9.9964E-05 9.9964E-05 0.104318 0.0429182 0.0769517 0.00395505 9.9964E-05 0.373191 9.9964E-05
0.523619 9.9955E-05 0.0538486 9.9955E-05 0.0142875 0.0649043 9.9955E-05 9.9955E-05 0.342841 9.9955E-05
0.679412 0.0917143 0.108104 9.9964E-05 9.9964E-05 0.0625824 9.9964E-05 0.0194384 9.9964E-05 0.0383493
0.217383 9.9973E-05 0.0205209 0.000797253 9.9973E-05 0.0531171 0.0182345 9.9973E-05 0.617124 0.072523
9.9946E-05 9.9946E-05 9.9946E-05 0.0650728 0.0646452 9.9946E-05 0.765229 9.9946E-05 0.104454 9.9946E-05
9.9937E-05 9.9937E-05 9.9937E-05 9.9937E-05 0.0991622 9.9937E-05 0.800227 9.9937E-05 0.099911 9.9937E-05
9.9964E-05 9.9964E-05 0.0282474 0.00451965 0.095149 9.9964E-05 0.739395 0.0701108 0.0621781 9.9964E-05
9.9946E-05 9.9946E-05 0.135187 9.9946E-05 0.111289 9.9946E-05 0.722436 9.9946E-05 0.0304886 9.9946E-05
9.9955E-05 9.9955E-05 0.101426 9.9955E-05 0.0848853 9.9955E-05 0.728402 0.0213164 0.0634701 9.9955E-05
9.9946E-05 9.9946E-05 0.137937 9.9946E-05 0.0213039 9.9946E-05 0.793073 9.9946E-05 0.0470861 9.9946E-05
9.9955E-05 9.9955E-05 0.0487052 9.9955E-05 0.0500224 9.9955E-05 0.80856 0.0404342 0.0517782 9.9955E-05
0.200635 0.00441608 9.9991E-05 0.0775933 0.0242228 0.0129908 0.176859 0.00926325 0.452115 0.041805
0.144594 9.9973E-05 0.0294402 0.137564 0.00846859 9.9973E-05 0.0761137 9.9973E-05 0.552203 0.0513158
0.750607 0.0218827 9.9946E-05 0.158616 9.9946E-05 9.9946E-05 0.0682948 9.9946E-05 9.9946E-05 9.9946E-05
0.168059 9.9964E-05 9.9964E-05 0.103001 9.9964E-05 0.112365 0.0485059 0.153435 0.414233 9.9964E-05
0.336018 9.9973E-05 9.9973E-05 0.0836137 0.0118237 0.0780282 0.0299859 9.9973E-05 0.397612 0.0626183
0.231998 0.0287645 9.9982E-05 9.9982E-05 0.0118753 0.0473405 0.0719831 0.00770167 0.57723 0.0229068
0.303812 0.018232 0.00584165 0.0696513 0.0143816 9.9973E-05 0.0471615 9.9973E-05 0.54062 9.9973E-05
0.389076 0.0471939 9.9964E-05 9.9964E-05 0.0151426 9.9964E-05 0.0285163 0.0863854 0.433286 9.9964E-05
0.632383 9.9946E-05 9.9946E-05 0.197738 9.9946E-05 9.9946E-05 0.0672759 9.9946E-05 9.9946E-05 0.102003
0.233004 9.9973E-05 0.047173 0.0723293 0.0843438 9.9973E-05 0.107081 9.9973E-05 0.430666 0.0251037
0.173944 0.0225535 0.0367862 0.0396147 0.0130427 9.9991E-05 0.00600742 0.0315248 0.594727 0.0816994
0.188374 0.0270227 9.9991E-05 0.0249171 0.0297259 0.0376384 0.0067529 0.123132 0.484798 0.0775395
0.504212 0.0278333 0.0780842 0.0331691 0.0311795 0.0404534 9.9973E-05 9.9973E-05 0.284768 9.9973E-05
0.386191 0.0774539 0.0131323 9.9955E-05 9.9955E-05 0.00975447 9.9955E-05 9.9955E-05 0.512969 9.9955E-05
0.316383 0.0145021 0.00792858 0.152096 9.9973E-05 0.037616 9.9973E-05 9.9973E-05 0.440152 0.0310224
0.638886 0.00344004 9.9955E-05 9.9955E-05 0.0125893 9.9955E-05 9.9955E-05 0.114046 0.230539 9.9955E-05
0.376679 9.9946E-05 9.9946E-05 9.9946E-05 9.9946E-05 9.9946E-05 0.0731643 9.9946E-05 0.430483 0.119074
0.148269 9.9973E-05 0.0233989 0.108445 0.0231889 0.0256498 0.0979307 9.9973E-05 0.572818 9.9973E-05
0.0236592 0.183344 0.0915803 0.394925 0.016484 9.9973E-05 9.9973E-05 9.9973E-05 0.174637 0.115071
0.0139811 9.9982E-05 9.9982E-05 0.231273 0.0433837 0.0730525 0.0932454 0.0893172 0.345772 0.109775
9.9964E-05 0.064843 9.9964E-05 0.13297 9.9964E-05 0.024708 0.103992 9.9964E-05 0.553006 0.12008
0.10997 9.9964E-05 9.9964E-05 0.0730468 9.9964E-05 9.9964E-05 0.134166 0.0501349 0.576902 0.0553799
9.9964E-05 9.9964E-05 0.0416932 0.483939 0.0562689 0.000985353 9.9964E-05 9.9964E-05 0.354146 0.0625675
0.0041694 0.0389086 0.00795272 0.213418 9.9982E-05 0.0374599 9.9982E-05 0.0109272 0.57427 0.112694
9.9964E-05 0.115274 9.9964E-05 0.311803 9.9964E-05 9.9964E-05 0.00291096 0.0353598 0.356817 0.177435
0.122433 0.0398191 0.0592261 0.0539755 0.0217361 9.9982E-05 0.0825971 9.9982E-05 0.517923 0.10209
0.0438162 0.0016947 0.0308062 0.0562057 0.0318423 0.0404104 0.0749914 0.0237935 0.52472 0.171719
9.9955E-05 9.9955E-05 9.9955E-05 0.322784 9.9955E-05 0.0993967 0.0585878 9.9955E-05 0.491258 0.0274746
0.00769957 0.0304015 9.9973E-05 0.267517 0.026887 0.0158359 9.9973E-05 9.9973E-05 0.464169 0.18719
9.9982E-05 0.0405047 0.047335 0.012103 9.9982E-05 0.139195 0.0101193 0.0684915 0.558916 0.123135
9.9982E-05 0.0791533 0.0285953 0.0301213 9.9982E-05 0.0458855 0.100948 0.00889517 0.593026 0.113176
0.0635116 0.0784893 9.9964E-05 0.211682 0.00488019 9.9964E-05 9.9964E-05 9.9964E-05 0.569085 0.0719523
9.9991E-05 0.0955187 0.0665356 0.125622 0.0165841 0.045759 0.0213118 0.0238514 0.471103 0.133615
0.0443352 0.0165017 9.9982E-05 0.16539 0.0757878 0.0467241 9.9982E-05 0.0476542 0.51174 0.0916667
9.9982E-05 0.118873 0.0421844 0.29928 0.0536188 0.0814958 9.9982E-05 0.00158766 0.292706 0.110054
9.9973E-05 0.0304309 9.9973E-05 0.277029 0.0138962 0.017495 9.9973E-05 0.0828929 0.537741 0.0402148
9.9946E-05 0.10126 0.0561086 9.9946E-05 9.9946E-05 9.9946E-05 9.9946E-05 9.9946E-05 0.739014 0.103018
0.104841 0.0854157 9.9973E-05 0.319755 9.9973E-05 9.9973E-05 0.0399173 0.0631344 0.164262 0.222375
0.0683437 0.158156 0.147676 0.268309 9.9991E-05 0.122953 0.000721185 0.0176636 0.0991958 0.116882
0.0448039 9.9973E-05 0.0582026 0.152601 9.9973E-05 0.0618219 0.037114 9.9973E-05 0.546071 0.099086
0.209536 0.191896 0.0893717 0.087513 9.9982E-05 0.095749 9.9982E-05 0.093941 0.0310117 0.200781
0.069566 0.0752942 9.9973E-05 0.411444 9.9973E-05 0.0589481 0.026437 9.9973E-05 0.20835 0.149661
0.0898792 0.0874888 9.9964E-05 0.303963 9.9964E-05 9.9964E-05 0.0326163 9.9964E-05 0.367867 0.117786
0.0686651 0.0305729 9.9973E-05 0.335004 0.0534469 9.9973E-05 0.00360785 9.9973E-05 0.311498 0.196905
0.0157482 9.9964E-05 9.9964E-05 0.495817 9.9964E-05 0.0556387 9.9964E-05 0.0201037 0.237325 0.174967
9.9973E-05 0.0594545 9.9973E-05 0.214169 0.0248745 0.0877131 9.9973E-05 0.0190882 0.543005 0.0513953
0.0454957 0.0825862 0.014035 0.0901274 9.9991E-05 0.051594 0.0475175 0.0857061 0.460751 0.122087
0.112327 9.9955E-05 0.0327405 0.16143 9.9955E-05 9.9955E-05 9.9955E-05 9.9955E-05 0.556482 0.136521
0.165261 0.0786975 0.111235 0.312581 9.9982E-05 0.0868564 9.9982E-05 0.0386736 0.0717574 0.134739
0.199225 0.026214 0.0608778 0.0225588 0.0590004 0.034017 0.0984884 9.9991E-05 0.459311 0.0402073
0.0254741 0.0450277 0.0559477 0.0941589 0.0197155 0.251307 9.9991E-05 0.0718173 0.424461 0.0119906
0.0383358 0.196073 0.102264 0.102731 0.01448 0.431955 0.0707323 9.9982E-05 9.9982E-05 0.0432289
0.136711 0.0101204 9.9973E-05 9.9973E-05 0.0455373 0.1107 0.0731298 0.0163772 0.607125 9.9973E-05
0.196834 0.0615229 0.198113 0.029508 9.9973E-05 0.134425 9.9973E-05 9.9973E-05 0.355715 0.0235825
0.0569911 0.101009 0.136535 0.0140878 9.9982E-05 0.0181493 0.0727024 9.9982E-05 0.531382 0.068943
0.0235989 0.0189188 0.221759 0.120431 0.0120899 0.313135 9.9982E-05 9.9982E-05 0.206395 0.0834721
0.0372504 0.174888 9.9982E-05 0.136802 0.0160132 0.444348 0.0679717 9.9982E-05 0.12118 0.00134781
0.0994502 0.150404 0.0798525 0.00934925 9.9982E-05 0.112684 0.0212297 9.9982E-05 0.368345 0.158486
9.9982E-05 0.0355682 0.0333314 0.0350327 9.9982E-05 0.117117 0.127036 0.0224055 0.53593 0.0933789
9.9982E-05 0.106115 0.0375412 0.164497 0.026438 0.133683 0.0820688 0.0269477 0.42251 9.9982E-05
0.24611 0.0851201 0.158302 0.164298 0.0299701 0.218012 9.9982E-05 0.0902329 9.9982E-05 0.00775457
0.0730713 0.0902562 0.0737963 0.0622964 0.0290414 0.074682 9.9991E-05 0.0398334 0.500079 0.0568446
0.180562 0.088237 0.0525936 0.191389 9.9964E-05 0.23486 9.9964E-05 9.9964E-05 0.251958 9.9964E-05
0.206555 0.0188295 0.0606299 0.212318 9.9973E-05 0.161937 9.9973E-05 9.9973E-05 0.335746 0.00368464
0.130123 0.119422 0.0423117 9.9991E-05 0.0232506 0.0827879 0.0204214 0.0433182 0.512448 0.0258175
9.9982E-05 9.9982E-05 0.137696 0.0177179 0.0801678 0.230504 0.199845 0.22997 0.102527 0.00137162
9.9955E-05 9.9955E-05 0.372628 9.9955E-05 0.0229663 0.171887 0.340391 0.0916274 9.9955E-05 9.9955E-05
9.9964E-05 0.0606398 0.415508 9.9964E-05 0.0337621 0.148704 0.274069 0.0669163 9.9964E-05 9.9964E-05
9.9973E-05 9.9973E-05 0.256269 9.9973E-05 0.0085348 0.0997432 0.278213 0.223839 0.125103 0.00799731
9.9937E-05 0.0314236 9.9937E-05 9.9937E-05 9.9937E-05 0.379089 9.9937E-05 9.9937E-05 0.588788 9.9937E-05
0.0899577 0.0150604 9.9982E-05 0.0888227 0.054885 0.168476 0.00683186 0.0764298 0.499337 9.9982E-05
0.0406868 9.9946E-05 9.9946E-05 9.9946E-05 0.0301394 9.9946E-05 9.9946E-05 0.644104 0.284471 9.9946E-05
0.054446 9.9973E-05 0.0239742 0.0661102 0.0159062 9.9973E-05 9.9973E-05 0.444612 0.360841 0.0338107
0.0864649 0.0124901 9.9982E-05 0.0877412 0.0306361 0.0914471 0.049974 0.334393 0.306654 9.9982E-05
0.116537 0.148475 9.9973E-05 0.00920879 0.00137893 0.528315 9.9973E-05 0.0495454 0.146239 9.9973E-05
0.0917903 0.045334 0.0200848 0.0396585 0.00171095 0.236005 0.0762712 0.110881 0.378164 9.9991E-05
0.0265127 0.223528 0.0100119 9.9964E-05 9.9964E-05 0.65805 9.9964E-05 0.000824964 0.0806723 9.9964E-05
0.0616922 0.0389883 0.00839735 0.0564648 9.9982E-05 0.339668 0.000267919 0.00442666 0.489895 9.9982E-05
0.138258 0.165995 0.0823229 0.00679602 9.9964E-05 0.138711 9.9964E-05 9.9964E-05 0.467518 9.9964E-05
0.0817921 0.0801824 0.03137 9.9964E-05 9.9964E-05 0.245961 9.9964E-05 0.0395173 0.520778 9.9964E-05
0.0763782 0.152727 0.0123776 0.179545 9.9964E-05 0.480682 9.9964E-05 9.9964E-05 0.0978897 9.9964E-05
0.134573 9.9964E-05 0.121186 0.0228255 9.9964E-05 0.0765481 9.9964E-05 0.0908048 0.553663 9.9964E-05
0.247931 0.0427385 0.0657027 9.9982E-05 9.9982E-05 0.0235276 0.062549 0.0648304 0.426119 0.0664021
0.0395888 0.0141268 9.9946E-05 9.9946E-05 9.9946E-05 9.9946E-05 9.9946E-05 0.918406 0.0272788 9.9946E-05
0.00767415 9.9946E-05 9.9946E-05 0.0385526 9.9946E-05 9.9946E-05 9.9946E-05 0.902182 0.0509916 9.9946E-05
0.0285173 9.9982E-05 9.9982E-05 0.0869766 0.0413498 0.0242369 0.0353632 0.582827 0.162448 0.038081
9.9964E-05 0.0125266 9.9964E-05 9.9964E-05 0.00120945 9.9964E-05 0.0190073 0.626365 0.298194 0.042297
9.9955E-05 9.9955E-05 9.9955E-05 0.0452075 9.9955E-05 0.0406643 9.9955E-05 0.840498 0.0492206 0.0239094
9.9928E-05 9.9928E-05 9.9928E-05 9.9928E-05 0.0140121 9.9928E-05 9.9928E-05 0.985188 9.9928E-05 9.9928E-05
9.99429E-05 9.99429E-05 9.99429E-05 9.99429E-05 0.00675908 9.99429E-05 9.99429E-05 0.963201 9.99429E-05 0.0293405
9.9946E-05 0.0514308 9.9946E-05 0.00682554 9.9946E-05 9.9946E-05 9.9946E-05 0.753484 0.18766 9.9946E-05
9.9937E-05 9.9937E-05 9.9937E-05 0.0237093 9.9937E-05 9.9937E-05 9.9937E-05 0.948609 9.9937E-05 0.0269824
9.99201E-05 9.99201E-05 9.99201E-05 9.99201E-05 9.99201E-05 9.99201E-05 9.99201E-05 0.999101 9.99201E-05 9.99201E-05
9.9928E-05 9.9928E-05 9.9928E-05 9.9928E-05 0.00115675 9.9928E-05 9.9928E-05 0.998044 9.9928E-05 9.9928E-05
9.9973E-05 0.0295983 9.9973E-05 0.00133757 0.0383408 0.0165818 0.0066194 0.779738 0.127484 9.9973E-05
9.9964E-05 9.9964E-05 0.0541332 9.9964E-05 0.0076365 9.9964E-05 0.0714793 0.739959 0.0763923 0.0499997
0.0549254 9.9928E-05 9.9928E-05 9.9928E-05 9.9928E-05 9.9928E-05 9.9928E-05 0.944275 9.9928E-05 9.9928E-05
0.0559392 0.0543739 9.9991E-05 0.110824 0.0187098 0.00737989 0.0850929 0.324144 0.290399 0.053037
9.9955E-05 9.9955E-05 9.9955E-05 9.9955E-05 9.9955E-05 0.0398087 0.0819888 0.647802 0.201954 0.0279469
9.9964E-05 9.9964E-05 0.0051467 0.0701312 0.0459066 9.9964E-05 9.9964E-05 0.726719 0.151429 0.000268107
9.9946E-05 9.9946E-05 9.9946E-05 0.0289761 9.9946E-05 9.9946E-05 0.0351122 0.837153 0.0981595 9.9946E-05
9.9928E-05 9.9928E-05 9.9928E-05 9.9928E-05 9.9928E-05 9.9928E-05 0.00397732 0.995223 9.9928E-05 9.9928E-05
9.9946E-05 9.9946E-05 0.0684961 9.9946E-05 9.9946E-05 9.9946E-05 0.00856738 0.88571 0.0366267 9.9946E-05
9.99201E-05 9.99201E-05 9.99201E-05 9.99201E-05 9.99201E-05 9.99201E-05 9.99201E-05 0.999101 9.99201E-05 9.99201E-05
0.0401999 9.9964E-05 9.9964E-05 0.00689947 9.9964E-05 9.9964E-05 0.0564595 0.573109 0.242588 0.0803436
0.00244562 9.9955E-05 9.9955E-05 0.0794858 0.008869 9.9955E-05 0.0327576 0.875942 9.9955E-05 9.9955E-05
9.9946E-05 0.0739493 0.22914 9.9946E-05 9.9946E-05 0.441316 0.254995 9.9946E-05 9.9946E-05 9.9946E-05
9.9982E-05 9.9982E-05 0.0345981 0.0364707 0.073963 0.285118 0.0659522 0.102353 0.291872 0.109473
9.9982E-05 0.0289079 0.0278729 9.9982E-05 0.0257561 0.246313 0.197534 0.0690996 0.35852 0.0457967
9.9982E-05 0.0610018 0.21837 9.9982E-05 0.0554143 0.381774 0.0608554 0.0922729 0.117446 0.0126662
9.9982E-05 0.0833603 0.0434095 0.200686 0.0440361 0.138835 0.0528345 0.106196 0.330442 9.9982E-05
0.0356824 9.9982E-05 0.230161 0.0850422 0.0493209 0.310387 0.111415 0.0903102 0.0874819 9.9982E-05
0.0679895 0.0434553 9.9982E-05 0.0571834 9.9982E-05 0.15374 0.225691 0.04156 0.388062 0.0221183
0.0381541 9.9973E-05 0.110922 0.0197376 9.9973E-05 0.346473 0.077186 0.168955 0.238273 9.9973E-05
9.9991E-05 0.0384537 0.100398 0.0404384 0.0818112 0.222009 0.02297 0.142652 0.347708 0.00345993
0.0234778 9.9973E-05 0.175619 9.9973E-05 0.0546136 0.276435 0.0557859 0.120471 0.293297 9.9973E-05
0.1221 9.9964E-05 9.9964E-05 0.0693834 9.9964E-05 0.134932 0.19973 0.0586412 0.414814 9.9964E-05
0.00606531 0.0202427 9.9964E-05 9.9964E-05 9.9964E-05 0.0707179 0.842336 9.9964E-05 0.0254606 0.0347773
9.9964E-05 0.046588 0.000602007 9.9964E-05 0.0618877 0.00777819 0.838052 0.0446928 9.9964E-05 9.9964E-05
9.9955E-05 9.9955E-05 0.0612202 9.9955E-05 0.0418357 9.9955E-05 0.86704 9.9955E-05 0.020327 0.00907686
0.00405904 9.9955E-05 0.0150334 9.9955E-05 0.0306962 9.9955E-05 0.934714 9.9955E-05 9.9955E-05 0.0149972
9.9955E-05 9.9955E-05 0.0748266 9.9955E-05 0.139296 9.9955E-05 0.709106 0.0133957 9.9955E-05 0.0628756
9.9955E-05 0.0208423 0.0616547 9.9955E-05 0.0418358 9.9955E-05 0.809871 0.065296 9.9955E-05 9.9955E-05
9.9955E-05 9.9955E-05 0.0253439 9.9955E-05 0.0608538 9.9955E-05 0.819616 0.0417155 0.0519714 9.9955E-05
9.9955E-05 0.014478 0.133987 9.9955E-05 0.0151568 9.9955E-05 0.790552 9.9955E-05 0.0453272 9.9955E-05
9.9955E-05 9.9955E-05 0.10761 9.9955E-05 0.023804 9.9955E-05 0.813238 0.0225962 0.0322526 9.9955E-05
9.9955E-05 9.9955E-05 0.129822 0.00363988 9.9955E-05 9.9955E-05 0.763267 0.0652003 0.037571 9.9955E-05
0.0522628 0.0463187 9.9964E-05 0.146638 0.034822 9.9964E-05 0.583209 9.9964E-05 9.9964E-05 0.13635
0.0305798 9.9964E-05 9.9964E-05 0.152886 0.0194492 9.9964E-05 0.563738 0.021391 9.9964E-05 0.211556
0.00469765 0.0454672 0.0934463 0.223367 9.9973E-05 0.00423374 0.500096 9.9973E-05 9.9973E-05 0.128393
0.0257783 9.9955E-05 9.9955E-05 0.267388 9.9955E-05 0.0703077 0.48822 9.9955E-05 9.9955E-05 0.147806
0.297489 9.9964E-05 9.9964E-05 0.118353 0.0174181 9.9964E-05 0.0483409 9.9964E-05 0.421934 0.0960658
0.240561 0.0914766 9.9964E-05 0.0912004 9.9964E-05 0.0429091 0.0581655 9.9964E-05 0.475288 9.9964E-05
0.156638 0.0269512 9.9973E-05 0.0831363 9.9973E-05 0.0317426 9.9973E-05 0.0318049 0.536243 0.133185
0.145055 0.103281 0.0102806 0.287134 9.9973E-05 9.9973E-05 0.0771132 9.9973E-05 0.335228 0.0416092
0.0585286 0.0103513 9.9955E-05 0.44277 9.9955E-05 9.9955E-05 9.9955E-05 9.9955E-05 0.147246 0.340604
0.143153 0.0919023 9.9991E-05 0.0360068 0.00715513 0.0525965 0.00454454 0.00764295 0.651292 0.00560682
0.22397 0.0517898 0.0121988 0.113029 9.9973E-05 9.9973E-05 9.9973E-05 0.0168564 0.549065 0.0327907
0.349762 9.9973E-05 0.007347 0.112459 9.9973E-05 0.058709 9.9973E-05 0.00904101 0.450324 0.0120579
0.582703 0.00508751 9.9955E-05 9.9955E-05 9.9955E-05 0.0092088 9.9955E-05 0.0889955 0.313506 9.9955E-05
0.154245 9.9973E-05 9.9973E-05 0.0139802 0.00633787 0.108599 9.9973E-05 0.0691737 0.554308 0.0930562
0.368406 0.00775873 0.0178285 0.0553404 9.9973E-05 0.020395 9.9973E-05 9.9973E-05 0.430093 0.0998782
0.656173 0.226552 9.9964E-05 0.0373535 0.00128509 0.0164623 9.9964E-05 9.9964E-05 9.9964E-05 0.0617743
0.104674 0.023049 9.9982E-05 0.0299918 0.0503088 0.0819279 0.036658 9.9982E-05 0.554828 0.118362
0.529926 0.0343078 0.122461 0.0901724 9.9964E-05 0.0550249 9.9964E-05 9.9964E-05 0.167708 9.9964E-05
0.325901 0.0639075 9.9973E-05 0.0978073 0.0238626 0.0593898 9.9973E-05 0.00643853 0.422394 9.9973E-05
0.595489 9.9955E-05 9.9955E-05 0.110153 9.9955E-05 9.9955E-05 0.0592009 9.9955E-05 0.10293 0.131727
9.9964E-05 9.9964E-05 0.076421 9.9964E-05 9.9964E-05 0.093911 0.0474934 0.00429448 0.00266224 0.774818
9.9946E-05 9.9946E-05 9.9946E-05 9.9946E-05 9.9946E-05 0.155047 0.0536145 9.9946E-05 0.0426738 0.748065
9.9937E-05 9.9937E-05 9.9937E-05 9.9937E-05 9.9937E-05 0.0858907 9.9937E-05 0.00250362 9.9937E-05 0.910906
0.0655789 0.0074798 9.9955E-05 9.9955E-05 9.9955E-05 0.076752 0.0922687 9.9955E-05 9.9955E-05 0.757421
9.9946E-05 9.9946E-05 9.9946E-05 9.9946E-05 9.9946E-05 0.121688 9.9946E-05 0.0569441 0.0240666 0.796702
9.9964E-05 0.00031921 0.00225883 9.9964E-05 9.9964E-05 0.00908959 9.9964E-05 0.0647171 0.0645015 0.858714
0.0310578 0.00323458 9.9955E-05 9.9955E-05 0.0512839 9.9955E-05 0.81029 9.9955E-05 0.103634 9.9955E-05
9.9982E-05 0.0397008 0.057782 0.0110437 0.0148187 9.9982E-05 0.733458 0.0572906 0.0554216 0.0302853
9.9955E-05 9.9955E-05 0.0168517 9.9955E-05 0.0503494 9.9955E-05 0.720641 0.0736284 0.13803 9.9955E-05
9.9955E-05 9.9955E-05 9.9955E-05 0.0853054 0.0437248 9.9955E-05 0.732706 0.0913753 0.0463886 9.9955E-05
9.9964E-05 9.9964E-05 9.9964E-05 0.0207675 9.9964E-05 0.00698304 0.807192 0.0989861 0.0626527 0.00301847
0.0202773 9.9955E-05 9.9955E-05 0.0276821 9.9955E-05 0.0584492 0.419313 9.9955E-05 9.9955E-05 0.473779
0.040912 0.058269 0.00632512 9.9964E-05 9.9964E-05 0.0521206 0.458689 9.9964E-05 9.9964E-05 0.383284
0.054407 0.0635799 9.9955E-05 9.9955E-05 0.000871652 9.9955E-05 0.420282 9.9955E-05 9.9955E-05 0.46036
9.99279E-05 9.99279E-05 9.99279E-05 9.99279E-05 0.990574 9.99279E-05 9.99279E-05 9.99279E-05 9.99279E-05 0.00862704
0.077956 0.0477472 9.9973E-05 0.0041869 0.0148543 0.00619908 0.360148 9.9973E-05 9.9973E-05 0.488608
9.9964E-05 0.0656023 0.216222 9.9964E-05 9.9964E-05 9.9964E-05 0.141742 0.28326 0.286879 0.00589414
9.9973E-05 9.9973E-05 0.0535951 0.0555069 9.9973E-05 0.0915343 0.123001 0.0791464 0.587132 0.00978421
9.9946E-05 9.9946E-05 0.0392172 9.9946E-05 9.9946E-05 9.9946E-05 0.142213 0.305748 0.512222 9.9946E-05
0.0554894 9.9973E-05 0.162979 9.9973E-05 9.9973E-05 0.0752697 0.179631 0.221302 0.245105 0.0599244
0.0547321 9.9973E-05 9.9973E-05 0.0533348 9.9973E-05 0.110497 0.179241 0.188181 0.359057 0.0546578
9.9964E-05 0.0223349 0.26364 0.0226902 9.9964E-05 0.102788 0.334703 0.253444 9.9964E-05 9.9964E-05
0.00978987 9.9964E-05 0.008953 0.343745 9.9964E-05 0.0582263 9.9964E-05 9.9964E-05 0.355951 0.222935
0.0547779 0.198011 0.0936568 0.201091 9.9973E-05 0.0245803 9.9973E-05 9.9973E-05 0.358275 0.0693089
9.9964E-05 0.00294933 9.9964E-05 0.635697 0.0326879 9.9964E-05 0.0662128 9.9964E-05 0.149912 0.112141
0.060361 0.233706 0.0442876 0.121491 9.9964E-05 9.9964E-05 9.9964E-05 9.9964E-05 0.440579 0.099175
0.147856 0.411888 0.151375 0.218275 9.9955E-05 9.9955E-05 9.9955E-05 9.9955E-05 9.9955E-05 0.070105
0.0677741 0.0333929 0.0826126 0.195385 0.055617 0.022009 9.9982E-05 9.9982E-05 0.51134 0.0316701
0.0291189 0.180866 0.0233243 0.192251 0.0175457 0.0252229 0.00380072 9.9991E-05 0.416224 0.111547
0.0308578 0.0280723 9.9973E-05 0.479416 9.9973E-05 0.0287962 0.0210232 9.9973E-05 0.256982 0.154553
0.142805 9.9982E-05 0.115538 0.0715726 0.0146904 9.9982E-05 0.0601012 0.0484975 0.47519 0.071405
0.116594 0.108494 0.151249 0.514919 9.9964E-05 0.0980035 9.9964E-05 9.9964E-05 0.0103413 9.9964E-05
0.083387 0.126919 0.0315434 0.0794626 9.9982E-05 0.0651475 9.9982E-05 0.00531133 0.425259 0.18277
0.0258452 9.9973E-05 0.0135442 0.131812 0.00914831 0.0777164 9.9973E-05 9.9973E-05 0.531008 0.210626
0.0909002 0.0200359 0.127148 0.162374 9.9991E-05 0.013875 0.0250749 0.178534 0.335985 0.0459735
9.9964E-05 0.215272 0.0274308 0.235823 9.9964E-05 0.0184464 9.9964E-05 9.9964E-05 0.376151 0.126477
0.0502585 0.0949191 0.0178887 0.168238 9.9973E-05 9.9973E-05 9.9973E-05 0.0929406 0.378845 0.19661
0.0950243 0.118092 9.9955E-05 0.280435 9.9955E-05 9.9955E-05 9.9955E-05 0.0308876 0.475061 9.9955E-05
0.0444672 0.0791916 0.0587904 0.0759026 9.9982E-05 0.0695801 0.0459039 9.9982E-05 0.498012 0.127952
0.039924 0.100271 0.0306503 0.00589024 9.9982E-05 0.0732921 9.9982E-05 0.0974574 0.544285 0.10803
0.0710349 0.0847916 0.137749 0.0116836 0.000376108 9.9982E-05 0.038961 9.9982E-05 0.588157 0.0670468
9.9973E-05 0.0234295 0.112841 0.170217 0.0121915 0.0666125 9.9973E-05 9.9973E-05 0.565545 0.0488633
9.9937E-05 9.9937E-05 9.9937E-05 9.9937E-05 9.9937E-05 9.9937E-05 0.786125 0.0872071 0.125969 9.9937E-05
0.000708793 0.0733039 9.9964E-05 9.9964E-05 0.0129542 9.9964E-05 0.811639 0.0391394 0.0618544 9.9964E-05
9.9964E-05 0.0296184 0.073136 9.9964E-05 9.9964E-05 9.9964E-05 0.729985 0.00187319 0.0996274 0.06536
0.00313295 0.0371098 9.9973E-05 9.9973E-05 0.020816 9.9973E-05 0.809026 0.030521 0.0500866 0.049008
9.9946E-05 0.00312794 9.9946E-05 9.9946E-05 0.0578064 9.9946E-05 0.791839 9.9946E-05 0.146627 9.9946E-05
0.0328005 0.00357366 0.0715593 0.564503 9.9973E-05 9.9973E-05 9.9973E-05 0.0642699 0.0900417 0.172952
0.0844768 0.106962 0.0186838 0.177484 0.0321691 0.125194 0.0338157 0.112668 0.294664 0.0138825
9.9982E-05 0.0866383 9.9982E-05 0.0488733 0.0164809 0.138192 0.157609 0.159462 0.379659 0.012885
0.014867 9.9973E-05 0.0894835 0.139575 0.0274044 0.0211211 9.9973E-05 9.9973E-05 0.647638 0.0596112
0.0431988 0.0380796 9.9973E-05 0.331926 9.9973E-05 9.9973E-05 0.0804099 0.0463069 0.424443 0.0353351
9.9982E-05 0.120309 0.144507 0.331798 0.00626218 0.0161465 9.9982E-05 0.00691269 0.214081 0.159784
9.9973E-05 0.0074685 0.118154 0.556544 0.031238 0.0352431 0.0430801 9.9973E-05 9.9973E-05 0.207973
0.069094 9.99659E-05 9.99659E-05 0.187295 0.0343983 9.99659E-05 9.99659E-05 0.0259182 0.435676 0.247218
0.0315573 0.156058 9.9982E-05 0.328359 0.0441328 9.9982E-05 0.0308385 0.0570256 0.0612481 0.290581
0.0714271 0.0783401 0.072029 0.1772 9.9991E-05 0.0834648 0.0703654 0.0385058 0.3918 0.0167681
9.9964E-05 0.139131 0.0365598 0.454259 9.9964E-05 9.9964E-05 0.14503 9.9964E-05 0.0497002 0.17492
0.027967 0.0200572 0.0121187 0.0503837 0.0359765 0.0399151 0.0663845 0.0884104 0.512783 0.146004
9.9982E-05 0.0586935 0.00210302 0.506655 0.0393015 9.9982E-05 0.0574214 0.0106871 0.0860196 0.238919
0.106468 0.118439 9.9991E-05 0.313915 0.00829976 0.134065 0.00935401 0.0836871 0.181456 0.0442161
0.00231362 0.0290861 0.0805234 0.143587 0.0222835 0.177034 0.0166997 0.0233954 0.504977 9.9991E-05
9.9964E-05 0.137114 9.9964E-05 0.01018 9.9964E-05 0.522215 0.0340785 9.9964E-05 0.203844 0.0921684
9.9955E-05 9.9955E-05 9.9955E-05 0.0238239 0.00845509 0.430944 0.0551893 9.9955E-05 0.481088 9.9955E-05
0.0258874 9.9982E-05 0.0338906 0.128475 0.0210961 0.230946 0.0526673 9.9982E-05 0.484467 0.02237
0.0641248 0.0173466 0.0336224 0.0138264 9.9973E-05 0.541366 9.9973E-05 9.9973E-05 0.258955 0.0704592
0.0633029 9.9973E-05 0.0511272 9.9973E-05 0.0414881 0.209355 0.0821122 9.9973E-05 0.527857 0.0244583
0.0590715 0.0321002 0.0894608 9.9973E-05 0.0157208 0.27097 9.9973E-05 9.9973E-05 0.487498 0.0448786
0.0941103 0.174998 9.99478E-05 0.0174873 9.99478E-05 0.712804 9.99478E-05 9.99478E-05 9.99478E-05 9.99478E-05
0.0796369 0.0544352 0.0879537 9.9955E-05 9.9955E-05 0.643658 9.9955E-05 9.9955E-05 0.133816 9.9955E-05
9.9964E-05 0.0600129 0.00206915 0.0272363 9.9964E-05 0.458931 9.9964E-05 9.9964E-05 0.407265 0.0440855
0.191618 0.0737263 9.9955E-05 0.0744376 0.0137006 0.646018 9.9955E-05 9.9955E-05 9.9955E-05 9.9955E-05
9.9955E-05 9.9955E-05 0.00981323 0.260479 9.9955E-05 0.372566 0.00585114 9.9955E-05 0.350791 9.9955E-05
0.088305 9.9973E-05 0.0949246 0.496829 0.00537581 9.9973E-05 9.9973E-05 0.0255202 0.0156273 0.273118
0.0624312 0.305832 0.00561073 0.228617 9.9973E-05 9.9973E-05 9.9973E-05 0.0132789 0.20103 0.1829
0.0190509 0.110428 0.0154273 0.249482 0.0231709 9.9982E-05 9.9982E-05 0.0348268 0.317256 0.230158
9.9955E-05 9.9955E-05 0.0578495 0.191611 9.9955E-05 9.9955E-05 9.9955E-05 0.0899048 0.543887 0.116248
0.107407 0.00476294 9.9964E-05 0.456692 9.9964E-05 0.00985659 9.9964E-05 9.9964E-05 0.189122 0.23176
9.9982E-05 0.136755 0.0444906 9.9982E-05 0.0293806 0.0626224 0.0327712 0.017787 0.524683 0.15131
0.106021 9.9964E-05 0.0669897 0.153587 0.0817381 9.9964E-05 9.9964E-05 9.9964E-05 0.540487 0.0507778
9.9955E-05 0.016743 0.0614772 0.340059 9.9955E-05 9.9955E-05 9.9955E-05 9.9955E-05 0.486372 0.0948486
0.0394499 0.0953624 0.0532296 0.168547 9.9973E-05 9.9973E-05 9.9973E-05 0.0731582 0.428758 0.141195
0.0753527 9.9973E-05 0.0238664 0.196158 0.0266318 0.035728 9.9973E-05 9.9973E-05 0.390445 0.251518
0.144456 9.9955E-05 9.9955E-05 0.494731 9.9955E-05 9.9955E-05 9.9955E-05 0.0295367 0.177511 0.153266
0.0926887 0.0648142 9.9964E-05 0.116192 9.9964E-05 9.9964E-05 9.9964E-05 0.0718092 0.315171 0.338925
0.0305569 0.0810494 0.00331148 0.194156 9.9982E-05 0.0253317 9.9982E-05 0.0122277 0.590554 0.0626139
9.9982E-05 0.130749 0.107248 0.180561 9.9982E-05 0.0735808 0.0152948 0.00913775 0.443433 0.0397961
0.0260612 0.12295 0.102242 0.0657565 0.0417239 9.9973E-05 9.9973E-05 9.9973E-05 0.413735 0.227233
9.9964E-05 0.0199936 0.0628429 0.13554 9.9964E-05 9.9964E-05 9.9964E-05 0.0849782 0.503665 0.19258
9.9964E-05 9.9964E-05 0.107422 0.208535 0.0341669 0.0319362 9.9964E-05 9.9964E-05 0.403352 0.214189
0.103497 0.0569064 9.9973E-05 0.0612127 9.9973E-05 9.9973E-05 0.00691678 0.0190993 0.570257 0.181811
0.105193 0.00130822 9.9982E-05 0.122232 0.0354936 0.0348505 0.0571267 9.9982E-05 0.492716 0.15088
9.9982E-05 0.137881 9.9982E-05 0.17175 0.0717223 0.00704635 0.0531413 0.0757864 0.429124 0.0533491
9.9973E-05 9.9973E-05 0.0333329 0.123448 0.0460614 9.9973E-05 0.316507 0.101106 0.364973 0.0142713
0.0989371 0.0662028 0.0871165 9.9982E-05 0.0493055 0.0493056 0.0596027 0.192826 0.396503 9.9982E-05
0.069215 0.0107426 0.0272604 0.133089 0.016809 0.0921052 0.0890074 0.12595 0.41169 0.0241311
9.9982E-05 0.0431114 0.02221 0.0975692 0.0717694 0.131908 0.0258192 0.095417 0.511996 9.9982E-05
9.9955E-05 9.9955E-05 0.0813695 0.153741 9.9955E-05 9.9955E-05 0.185386 0.145948 0.433055 9.9955E-05
9.9973E-05 0.177728 9.9973E-05 0.362144 0.00539704 0.0286178 9.9973E-05 0.0599717 0.331038 0.0348041
0.0247661 0.0644453 0.117532 0.112818 0.0414201 9.9982E-05 0.0606393 0.00903593 0.569142 9.9982E-05
0.0888374 9.9964E-05 0.407075 0.135903 9.9964E-05 0.187139 0.103095 0.0775514 9.9964E-05 9.9964E-05
0.0771417 9.9982E-05 0.101468 0.144665 0.0481025 0.0344101 0.0192958 0.16296 0.411756 9.9982E-05
9.9982E-05 0.0290915 0.139835 0.00845695 0.0197923 9.9982E-05 0.0864714 0.0917852 0.537165 0.0872027
0.015086 0.0539419 0.0220735 0.160321 9.9991E-05 0.0691681 0.0573721 0.162173 0.448625 0.0111391
0.0356299 0.0239854 0.215706 0.211455 0.0467537 0.0589409 0.0513725 0.0675843 0.288472 9.9991E-05
0.0790437 0.0945054 0.0111196 9.9982E-05 0.046143 0.0862518 0.147356 0.0750295 0.460351 9.9982E-05
9.9982E-05 0.0913224 0.0426339 0.0256321 0.0612103 0.0340747 0.0731669 0.109948 0.561812 9.9982E-05
0.0535142 0.0144383 0.490691 9.9973E-05 0.039242 0.00419732 0.275319 0.122297 9.9973E-05 9.9973E-05
0.0359072 9.9973E-05 0.08298 9.9973E-05 0.0657578 9.9973E-05 0.0470089 0.230256 0.456681 0.0811094
9.9973E-05 9.9973E-05 0.0356427 9.9973E-05 0.0361528 0.121969 0.088453 0.109406 0.565987 0.0420888
0.0477703 0.0333027 9.9991E-05 0.0525136 0.00303332 0.035455 0.160666 0.0831859 0.564043 0.0199301
9.9973E-05 9.9973E-05 0.148278 0.0126211 0.0127241 9.9973E-05 0.130992 0.148271 0.536484 0.0103295
0.00224672 0.0794887 9.9991E-05 0.0162543 0.0387635 0.0565516 0.196498 0.109135 0.436125 0.0648367
0.0400752 0.387485 9.9973E-05 9.9973E-05 0.0169678 0.00344709 9.9973E-05 0.0402477 0.414154 0.0973236
9.9991E-05 0.213339 0.0174139 0.0812469 0.021991 0.0732407 0.00519209 0.0439931 0.469594 0.0738897
0.0918218 0.778435 9.9937E-05 0.129044 9.9937E-05 9.9937E-05 9.9937E-05 9.9937E-05 9.9937E-05 9.9937E-05
9.9955E-05 0.93461 9.9955E-05 0.0260363 9.9955E-05 0.00862468 0.0245538 9.9955E-05 9.9955E-05 0.00567513
9.9973E-05 0.387871 9.9973E-05 0.0920563 0.0229251 0.0119095 0.00123155 0.108811 0.374895 9.9973E-05
9.9964E-05 0.0515427 0.203387 0.0329019 9.9964E-05 9.9964E-05 0.0652674 0.229159 0.417342 9.9964E-05
9.9964E-05 0.199548 0.104043 9.9964E-05 0.0124252 9.9964E-05 0.0472459 0.365008 0.27133 9.9964E-05
9.9973E-05 0.184081 0.236418 0.0979035 0.0322033 9.9973E-05 0.0954843 0.272312 0.081298 9.9973E-05
9.9964E-05 0.208531 0.082872 9.9964E-05 0.0358303 9.9964E-05 0.131095 0.262275 0.278997 9.9964E-05
9.9955E-05 0.664837 0.17059 9.9955E-05 9.9955E-05 0.0541096 9.9955E-05 0.043037 0.0669274 9.9955E-05
9.9964E-05 0.617475 0.115741 9.9964E-05 0.0665311 9.9964E-05 0.00319619 0.0336092 0.163047 9.9964E-05
9.9964E-05 0.319099 0.0880547 9.9964E-05 9.9964E-05 9.9964E-05 0.00644421 0.0666552 0.508665 0.0106822
9.9946E-05 0.430888 9.9946E-05 9.9946E-05 9.9946E-05 9.9946E-05 0.0492865 0.132979 0.386247 9.9946E-05
9.9955E-05 0.646257 0.0310082 9.9955E-05 0.062857 9.9955E-05 9.9955E-05 0.0681212 0.191256 9.9955E-05
9.9964E-05 0.305508 0.0336954 9.9964E-05 0.034286 9.9964E-05 0.0350124 0.0509279 0.540171 9.9964E-05
9.9955E-05 0.29315 0.0925586 9.9955E-05 9.9955E-05 9.9955E-05 9.9955E-05 0.0395368 0.537808 0.0364467
9.9973E-05 0.236021 0.0549534 9.9973E-05 0.00815456 9.9973E-05 0.0161365 0.172537 0.409448 0.10245
0.0641053 0.584974 9.9955E-05 0.0500863 9.9955E-05 9.9955E-05 0.0531949 9.9955E-05 0.24714 9.9955E-05
0.0619486 0.479561 9.9973E-05 0.0422658 0.0454009 0.0711036 9.9973E-05 0.0137381 0.285682 9.9973E-05
9.9973E-05 0.273355 0.00753103 0.0278437 0.0396124 0.0697272 9.9973E-05 9.9973E-05 0.554305 0.0273258
0.0820842 0.375835 9.9991E-05 0.0392888 0.0334205 0.00303399 0.0750727 0.00525349 0.301109 0.084803
9.9982E-05 0.227474 0.038692 0.199196 0.00587372 0.0426501 0.0466139 0.0771243 0.362176 9.9982E-05
9.9964E-05 0.418836 9.9964E-05 0.0802743 0.010414 0.0538032 9.9964E-05 9.9964E-05 0.399645 0.036628
9.9946E-05 0.682927 9.9946E-05 9.9946E-05 9.9946E-05 0.0960169 9.9946E-05 9.9946E-05 0.211773 0.00868403
0.0686567 0.333205 0.0633508 9.9955E-05 9.9955E-05 9.9955E-05 0.00944598 9.9955E-05 0.524842 9.9955E-05
0.0807911 0.643006 9.9955E-05 0.04573 9.9955E-05 9.9955E-05 9.9955E-05 9.9955E-05 0.19659 0.0333826
9.9937E-05 0.534913 9.9937E-05 9.9937E-05 9.9937E-05 0.0785443 9.9937E-05 9.9937E-05 0.385843 9.9937E-05
0.0908243 0.170801 0.0293499 9.9982E-05 0.0501708 0.00944539 9.9982E-05 0.00995674 0.547885 0.091367
0.142098 0.322148 9.9982E-05 0.0367536 0.0361241 0.0171747 9.9982E-05 0.0364828 0.389292 0.0197264
0.0165195 9.9973E-05 9.9973E-05 0.0550579 0.0329784 0.213129 0.100241 0.219565 0.362208 9.9973E-05
9.9991E-05 0.105237 0.0184094 0.12342 0.0759449 0.0957941 0.0836156 0.173432 0.269098 0.0549485
0.0425108 0.0268191 0.146498 0.000230371 0.0164917 0.13144 0.018594 0.26728 0.302777 0.0473588
9.9991E-05 0.0538911 0.0265805 0.0337468 0.038209 0.163681 0.101285 0.181522 0.291885 0.1091
0.0343715 9.9982E-05 0.0322213 0.0618622 9.9982E-05 0.0897129 0.139567 0.081974 0.480273 0.0798183
0.0269001 0.20215 0.0622889 9.9982E-05 0.0328483 0.0446868 0.0620907 0.165734 0.403101 9.9982E-05
9.9973E-05 0.549712 0.125134 9.9973E-05 0.0185061 0.0355488 0.128197 0.106393 9.9973E-05 0.0362078
9.9955E-05 0.104856 9.9955E-05 9.9955E-05 9.9955E-05 9.9955E-05 0.104704 0.190738 0.552915 0.0462868
9.9955E-05 0.414872 0.204613 9.9955E-05 0.00506028 9.9955E-05 0.302299 0.0726557 9.9955E-05 9.9955E-05
9.9955E-05 0.265237 9.9955E-05 0.0202681 9.9955E-05 9.9955E-05 0.0407062 0.141321 0.531967 9.9955E-05
0.162505 0.787756 9.9937E-05 9.9937E-05 9.9937E-05 9.9937E-05 9.9937E-05 9.9937E-05 0.0490402 9.9937E-05
0.0356343 0.901353 9.9937E-05 0.0623135 9.9937E-05 9.9937E-05 9.9937E-05 9.9937E-05 9.9937E-05 9.9937E-05
0.130171 0.423453 9.9946E-05 0.0507064 9.9946E-05 9.9946E-05 9.9946E-05 9.9946E-05 0.395069 9.9946E-05
