9.9973E-05 0.858332 0.0873814 0.0539862 9.9973E-05 9.9973E-05
0.0304257 0.930899 0.0339416 9.9982E-05 9.9982E-05 0.00453388
0.0153138 0.835331 9.9982E-05 0.0305016 0.118654 9.9982E-05
9.9982E-05 0.791977 0.102949 0.0564022 0.0484721 9.9982E-05
9.9973E-05 0.866731 9.9973E-05 0.0572868 0.0756825 9.9973E-05
0.0474329 0.605579 0.0991758 0.0837169 0.0507689 0.113326
9.9973E-05 0.827863 9.9973E-05 9.9973E-05 0.00237241 0.169465
9.9982E-05 0.742735 0.113246 0.0114292 9.9982E-05 0.13239
0.0214112 0.808019 0.089733 9.9982E-05 9.9982E-05 0.0806369
9.999E-05 0.698668 0.00699515 0.0618185 0.142743 0.0896757
9.9982E-05 0.748291 0.0713363 9.9982E-05 0.0368353 0.143338
0.14246 9.9991E-05 0.496702 0.0465835 0.280633 0.0335208
0.0795992 0.0296619 0.273146 0.0529527 0.541612 0.0230291
0.103229 0.0325745 0.41017 0.0702034 0.261492 0.122331
0.0301979 0.0271532 0.420288 0.190238 0.320389 0.0117335
0.128095 0.17709 0.105064 0.07185 0.392364 0.125537
0.0904584 9.9991E-05 0.0978066 0.136312 0.563246 0.112077
0.0494299 0.00425764 0.234291 0.101575 0.516715 0.0937312
0.103798 0.104196 0.341117 0.116212 0.334577 9.9991E-05
0.0916377 0.0305607 0.607112 0.0887328 9.9991E-05 0.181857
0.236675 0.0313065 0.22325 0.0635947 0.396717 0.0484565
0.0406668 9.9991E-05 0.218973 0.0535476 0.420896 0.265817
0.139528 9.9982E-05 0.193793 9.9982E-05 0.583907 0.0825714
0.0666382 0.0185019 0.374634 0.127463 0.295493 0.11727
0.0968302 0.194587 0.0659963 0.0429124 0.598267 0.00140732
0.0867552 0.00826863 0.215006 0.143382 0.517289 0.0292991
0.108697 0.0270614 0.465226 0.128589 0.216671 0.0537552
0.111155 0.0351128 0.358118 0.148644 0.263899 0.0830709
0.0443053 0.0107072 0.442346 9.9991E-05 0.299048 0.203493
9.9973E-05 0.823133 9.9973E-05 0.0959163 0.0806509 9.9973E-05
9.9964E-05 0.82716 9.9964E-05 9.9964E-05 0.17244 9.9964E-05
0.0231086 0.782876 0.00423078 0.0118543 0.17783 9.9991E-05
0.0415336 0.743288 9.9991E-05 0.109999 0.0939745 0.0111056
0.235902 0.0516772 0.168395 9.9991E-05 0.51436 0.0295651
0.28255 0.0613409 0.0898776 0.0379086 0.528223 9.9991E-05
0.301138 0.022422 9.9982E-05 9.9982E-05 0.665409 0.0108308
0.0928776 0.147561 0.529679 9.9991E-05 0.228676 0.0011071
0.593872 0.0502624 9.9991E-05 0.0595664 0.252955 0.0432445
0.183472 0.0556289 0.167955 0.0395258 0.553318 9.9991E-05
0.224481 0.0384813 0.00224233 0.0566362 0.67025 0.00790954
0.0998973 0.107258 0.0835913 9.9991E-05 0.642199 0.0669545
0.0963041 0.0871969 0.123493 0.0258963 0.622918 0.0441917
0.672437 0.0583313 0.162322 9.9982E-05 0.10671 9.9982E-05
0.15214 0.0256726 0.0260611 0.0643768 0.593921 0.137829
0.309483 0.0327183 0.0356096 0.121959 0.50013 9.9991E-05
0.0647498 0.124742 0.104482 0.0802217 0.625705 9.9991E-05
0.649258 9.9964E-05 9.9964E-05 9.9964E-05 0.350342 9.9964E-05
0.307706 0.0603832 9.9982E-05 0.0762002 0.55551 9.9982E-05
0.198802 0.0574443 0.0238163 0.085098 0.602947 0.031893
0.634646 0.0766194 9.9973E-05 9.9973E-05 9.9973E-05 0.288434
0.322481 9.9982E-05 0.414602 9.9982E-05 0.175307 0.0874091
0.16046 9.9982E-05 0.21899 9.9982E-05 0.133415 0.486935
0.103458 0.032276 0.214453 0.125622 0.524092 9.9991E-05
0.0554974 0.0770048 0.0143632 0.0874446 0.614057 0.151633
0.082331 0.0124326 0.0574467 0.132021 0.556638 0.159131
0.241458 0.103023 0.398391 0.000827609 0.174098 0.0822014
0.0262636 9.9982E-05 0.185915 9.9982E-05 0.652042 0.13558
0.0151687 0.0762653 0.12151 0.132291 0.567377 0.0873877
0.131768 0.073558 0.18415 0.0578016 0.330866 0.221856
0.0511428 0.219925 0.341205 0.033541 0.0969376 0.257249
0.140606 0.0481841 0.202836 0.0642514 0.454482 0.0896414
0.0736485 0.047581 0.273075 0.0619572 0.417895 0.125844
0.271499 0.0623508 0.468258 9.9991E-05 0.0471882 0.150604
0.147468 9.9991E-05 0.230362 0.0342695 0.471694 0.116106
0.0450174 9.9991E-05 0.0178923 0.147492 0.628522 0.160977
0.0833297 0.0229737 0.150869 9.9991E-05 0.585403 0.157325
0.17897 0.0405123 0.241717 0.0828848 0.312673 0.143242
0.0605538 9.9991E-05 0.137763 0.0595487 0.558955 0.183079
0.151937 0.0274453 0.0965257 0.0360827 0.602838 0.0851719
0.117187 0.002643 0.465512 0.00181092 0.252239 0.160608
0.412622 9.9973E-05 0.0617048 9.9973E-05 0.525374 9.9973E-05
0.740721 9.9973E-05 0.120158 9.9973E-05 0.138821 9.9973E-05
0.0626229 0.076411 0.028697 0.0671014 0.647259 0.117908
0.847184 9.9964E-05 9.9964E-05 9.9964E-05 9.9964E-05 0.152416
0.821885 9.9964E-05 9.9964E-05 9.9964E-05 9.9964E-05 0.177715
0.762023 9.9964E-05 9.9964E-05 9.9964E-05 0.237577 9.9964E-05
0.454091 0.0481418 9.9973E-05 9.9973E-05 0.497467 9.9973E-05
0.166446 0.108037 9.9991E-05 0.0437034 0.624105 0.0576087
0.431521 0.0534828 0.0930499 0.0686689 0.353178 9.9991E-05
0.648102 0.0171977 0.182981 0.0963578 0.0552613 9.9991E-05
0.49709 0.0280733 0.220709 0.00973441 0.244293 9.9991E-05
0.217696 0.140511 0.0504764 0.0390127 0.552204 9.9991E-05
0.596597 0.0343623 0.0508608 0.0212207 0.296859 9.9991E-05
0.425349 0.0992655 0.0542511 9.9982E-05 0.420934 9.9982E-05
0.617438 0.0373977 9.9973E-05 9.9973E-05 0.344864 9.9973E-05
0.666131 0.00911036 0.0320012 0.0308997 9.9991E-05 0.261757
0.243685 0.0960583 0.00271926 0.0187084 0.638729 9.9991E-05
9.9982E-05 0.827398 0.0449154 0.0467407 0.0807462 9.9982E-05
9.9964E-05 0.920138 9.9964E-05 9.9964E-05 0.0794621 9.9964E-05
9.9973E-05 0.863643 9.9973E-05 0.0415698 0.0944874 9.9973E-05
0.000211597 0.927559 9.9991E-05 0.0273388 0.0343441 0.0104468
9.9964E-05 0.895945 9.9964E-05 9.9964E-05 0.103655 9.9964E-05
0.063137 0.868921 9.9991E-05 0.0226533 0.0310371 0.0141513
9.9964E-05 0.92325 9.9964E-05 9.9964E-05 0.0763506 9.9964E-05
0.332877 0.131558 0.0827655 0.0609729 0.391727 9.9991E-05
0.176439 0.0747586 0.0794266 0.108268 0.561007 9.9991E-05
0.833494 0.0308653 0.0741803 9.9991E-05 0.0153093 0.0460513
0.256463 0.112161 9.9991E-05 0.0771836 0.427115 0.126978
0.470137 0.0179287 0.0717409 0.011788 0.428306 9.9991E-05
0.320266 0.0689477 9.9982E-05 9.9982E-05 0.567299 0.0432865
0.264865 0.0757197 0.0230384 0.0477514 0.519812 0.0688127
0.430441 9.9973E-05 9.9973E-05 0.0661568 0.503102 9.9973E-05
0.722738 0.0312654 0.206613 9.9982E-05 9.9982E-05 0.0391831
0.183296 0.13012 0.0280646 0.0662524 0.506378 0.085889
0.189528 0.098347 0.0110926 0.0286281 0.631186 0.0412183
0.204129 0.102577 0.0294939 0.0689855 0.594715 9.9991E-05
0.492982 0.0222367 9.9982E-05 9.9982E-05 0.282518 0.202063
0.403241 0.0478736 9.9973E-05 9.9973E-05 0.548586 9.9973E-05
0.345673 0.0385667 0.0690216 9.9991E-05 0.523215 0.023424
0.635835 9.9973E-05 9.9973E-05 0.0892138 0.274652 9.9973E-05
0.388461 0.130599 0.0207054 9.9982E-05 0.460035 9.9982E-05
0.225814 0.112375 0.0950318 0.0946671 0.411327 0.0607853
0.088378 0.0235623 0.343876 0.0340065 0.252639 0.257538
0.0836745 0.130669 0.306021 0.0990279 0.322364 0.0582435
0.0942879 0.105379 0.183452 0.0569721 0.479995 0.0799139
0.0566917 0.0624451 0.0528192 0.0489961 0.662633 0.116414
0.0212693 0.052814 0.406793 9.9991E-05 0.489789 0.029234
9.9991E-05 0.0489686 0.212337 0.0739721 0.597944 0.0666777
0.0535492 0.00100862 0.322899 9.9991E-05 0.545521 0.0769229
0.0893234 0.0764651 0.123163 0.0378651 0.553889 0.119295
0.0896616 0.05467 0.125508 0.117045 0.565711 0.0474037
0.0736403 0.0300557 0.166978 9.9991E-05 0.594297 0.134929
0.0260547 9.9982E-05 0.316781 9.9982E-05 0.615302 0.0416623
9.9991E-05 0.0365877 0.107373 0.139801 0.608567 0.107571
0.0548828 9.9991E-05 0.0968699 0.0628302 0.6055 0.179818
0.00156952 0.0115383 0.278016 0.0687329 0.640043 9.9991E-05
0.000866994 0.0783557 0.145106 9.9991E-05 0.639151 0.13642
0.0100883 9.9991E-05 0.213766 0.0969472 0.593401 0.0856971
9.9991E-05 0.0799744 0.327744 0.0180929 0.422627 0.151461
0.0419132 0.0249594 0.199288 0.204163 0.529577 9.9991E-05
9.9982E-05 0.00614815 0.138797 9.9982E-05 0.730399 0.124456
0.145555 0.00746873 0.38517 0.115959 0.216789 0.129058
0.0778957 0.0191182 0.244871 0.0267134 0.219349 0.412053
0.0362409 0.0851495 0.226493 9.9991E-05 0.596313 0.0557036
0.198309 9.9991E-05 0.316181 0.0145798 0.125898 0.344931
0.164704 0.0461849 0.43147 0.00742353 0.292033 0.0581847
0.1474 0.000930686 0.325575 0.011025 0.442004 0.0730649
0.204582 0.0664395 0.411128 9.9982E-05 0.31765 9.9982E-05
0.22947 0.0087251 0.473331 9.9991E-05 0.266999 0.0213751
0.0878681 0.0406826 0.143521 0.0424841 0.572867 0.112578
0.032819 0.12623 0.143628 0.0491437 0.614173 0.0340065
0.131635 9.9991E-05 0.202437 0.0331367 0.584866 0.0478252
0.102844 9.9991E-05 0.377801 0.0649198 0.131796 0.32254
0.185095 0.166835 0.0436474 9.9991E-05 0.477299 0.127023
0.0898565 0.0538088 0.00248017 0.0729745 0.526459 0.254421
0.229377 0.174353 0.0773545 9.9991E-05 0.00476309 0.514053
0.0290691 0.138051 0.0320921 0.089903 0.556083 0.154803
0.0784017 0.132578 0.107735 0.0105455 0.377502 0.293238
0.0685201 0.144238 9.9991E-05 0.112198 0.517913 0.157031
0.00205952 0.118715 0.0190232 9.9991E-05 0.332471 0.527632
0.0480531 0.0558145 0.214102 9.9991E-05 0.241954 0.439976
0.0343239 0.009814 0.13892 9.9991E-05 0.491805 0.325037
0.0516512 0.0634659 0.117351 0.0721035 0.465436 0.229992
0.069912 0.18322 0.106404 0.0293679 0.459138 0.151957
0.16021 0.0446816 0.139652 0.188405 9.9991E-05 0.466952
9.9991E-05 0.105066 0.0969943 0.0129108 0.611563 0.173366
0.154912 9.9982E-05 0.121629 9.9982E-05 0.372224 0.351036
0.156159 9.9982E-05 0.149207 9.9982E-05 0.455073 0.239361
9.9982E-05 0.0686887 0.0666078 9.9982E-05 0.687392 0.177111
9.9982E-05 0.331083 9.9982E-05 0.255675 0.15268 0.260362
9.9973E-05 0.535047 9.9973E-05 0.111543 9.9973E-05 0.35311
9.9973E-05 0.432304 9.9973E-05 0.129026 9.9973E-05 0.43837
9.9991E-05 0.394409 0.0201376 0.316239 0.0906073 0.178507
0.0540013 9.9973E-05 9.9973E-05 9.9973E-05 0.740286 0.205413
0.0817935 0.132139 0.0173233 9.9991E-05 0.656523 0.112121
0.0169448 9.9973E-05 9.9973E-05 0.652964 0.329792 9.9973E-05
0.00341135 9.9991E-05 0.130601 0.40861 0.40215 0.0551278
9.9991E-05 0.0544193 0.0784342 0.422493 0.328595 0.115958
0.0543489 9.9982E-05 0.0257022 9.9982E-05 0.410701 0.509048
0.158314 0.101209 0.0423489 9.9991E-05 0.491749 0.206279
0.0127085 9.9973E-05 9.9973E-05 9.9973E-05 0.334464 0.652528
0.0921342 9.9991E-05 0.0385488 0.0436103 0.621463 0.204143
0.0571506 0.0318512 0.0943023 9.9991E-05 0.495376 0.32122
0.0689817 9.9991E-05 0.0285997 0.0719241 0.581086 0.249308
0.110795 9.9982E-05 0.116339 9.9982E-05 0.224144 0.548521
0.126638 0.087593 0.0153468 0.126021 0.542515 0.101886
0.0179275 0.0389303 9.9991E-05 0.070055 0.6296 0.243387
0.0280686 9.9973E-05 9.9973E-05 0.960434 0.0111975 9.9973E-05
0.0129209 9.9982E-05 0.0276366 0.917589 0.0416539 9.9982E-05
0.167111 0.102464 9.9982E-05 0.480742 0.249483 9.9982E-05
9.9982E-05 0.0100827 0.0302004 0.681012 0.278505 9.9982E-05
0.0321353 0.0511779 9.9982E-05 0.799636 0.116851 9.9982E-05
9.996E-05 9.996E-05 9.996E-05 0.9995 9.996E-05 9.996E-05
9.9964E-05 9.9964E-05 0.0331164 0.966484 9.9964E-05 9.9964E-05
9.9964E-05 9.9964E-05 9.9964E-05 0.818256 0.181345 9.9964E-05
9.9964E-05 9.9964E-05 0.0224439 0.977156 9.9964E-05 9.9964E-05
9.996E-05 9.996E-05 9.996E-05 0.9995 9.996E-05 9.996E-05
9.996E-05 9.996E-05 9.996E-05 0.9995 9.996E-05 9.996E-05
9.9982E-05 0.0321802 9.9982E-05 0.76745 0.194502 0.00566723
9.9973E-05 0.0754282 9.9973E-05 0.759175 0.165097 9.9973E-05
0.0375822 9.9964E-05 9.9964E-05 0.962018 9.9964E-05 9.9964E-05
9.9991E-05 0.0268476 0.0351781 0.444625 0.382802 0.110448
0.00834913 0.00223919 0.117506 0.740126 0.131679 9.9991E-05
9.9991E-05 0.0252795 0.0152966 0.759197 0.184072 0.0160555
9.9973E-05 9.9973E-05 0.0237968 0.89764 0.078263 9.9973E-05
9.996E-05 9.996E-05 9.996E-05 0.9995 9.996E-05 9.996E-05
9.9973E-05 0.0596515 9.9973E-05 0.881712 0.0583368 9.9973E-05
9.996E-05 9.996E-05 9.996E-05 0.9995 9.996E-05 9.996E-05
0.0869083 0.0496072 0.017423 0.571998 0.273964 9.9991E-05
0.0682676 9.9973E-05 0.00960766 0.921825 9.9973E-05 9.9973E-05
9.9973E-05 0.339828 9.9973E-05 0.0239354 9.9973E-05 0.635937
0.0607849 0.177761 0.0967055 0.00399285 0.470352 0.190404
0.0746142 0.26547 0.0123212 0.0566718 0.407919 0.183004
9.9991E-05 0.206106 0.0129181 0.0590105 0.276632 0.445233
0.0454204 0.134374 0.077791 0.136327 0.440672 0.165416
9.9982E-05 0.232726 9.9982E-05 0.0710581 0.278158 0.417857
0.0674261 0.192486 0.0323948 0.11251 0.474687 0.120495
9.9982E-05 0.134878 9.9982E-05 0.0973387 0.441099 0.326484
9.9991E-05 0.0700413 0.0955871 0.185544 0.404602 0.244126
9.9982E-05 0.187031 9.9982E-05 0.169856 0.340624 0.302289
0.0737203 0.202062 9.9991E-05 0.0660884 0.524822 0.133208
9.9982E-05 0.843614 0.0351253 9.9982E-05 0.0487018 0.0723591
0.0208308 0.894203 0.00210617 0.0614826 9.9991E-05 0.0212772
0.0123101 0.916229 0.0675281 9.9982E-05 0.00373235 9.9982E-05
9.9973E-05 0.938515 0.036155 9.9973E-05 0.0250305 9.9973E-05
9.9973E-05 0.885668 0.0673302 0.0467019 9.9973E-05 9.9973E-05
9.9973E-05 0.888323 9.9973E-05 0.092156 9.9973E-05 0.0192206
9.9973E-05 0.87847 9.9973E-05 0.0470387 0.0741912 9.9973E-05
0.0661501 0.899257 9.9973E-05 9.9973E-05 9.9973E-05 0.0342929
0.0510039 0.917001 9.9973E-05 0.0316957 9.9973E-05 9.9973E-05
9.9991E-05 0.871226 0.00439136 0.102205 0.0113512 0.0107269
0.166035 0.590756 0.239972 9.9982E-05 9.9982E-05 0.00303723
0.0871821 0.578652 0.316054 0.0179127 9.9982E-05 9.9982E-05
0.0764666 0.551383 0.24216 9.9982E-05 9.9982E-05 0.12979
0.059014 0.472734 0.316588 9.9982E-05 9.9982E-05 0.151464
0.252264 0.045703 0.158162 0.00428786 0.539484 9.9991E-05
0.339931 0.00390038 0.0975277 0.0994991 0.432633 0.0265081
0.192797 0.000123224 0.169548 0.0228858 0.614546 9.9991E-05
0.268978 0.0748228 0.241926 9.9991E-05 0.41396 0.000213441
0.16736 9.9991E-05 0.614664 0.016564 0.165726 0.0355857
0.25585 0.0554776 0.0544485 0.0977607 0.536363 9.9991E-05
0.246741 0.0103148 0.0426799 0.0177415 0.640383 0.0421405
0.262161 9.9982E-05 0.0660612 9.9982E-05 0.533907 0.137671
0.642944 9.9982E-05 0.0165969 0.0606598 0.279599 9.9982E-05
0.109039 0.0370264 0.123465 0.0539122 0.652574 0.0239829
0.455238 0.0218224 0.0901948 9.9991E-05 0.374342 0.0583025
0.755093 9.9973E-05 0.0466139 9.9973E-05 9.9973E-05 0.197994
0.296917 0.062672 0.0547028 0.0315084 0.499349 0.0548514
0.528184 0.0253499 0.0134658 9.9991E-05 0.251662 0.181239
0.366811 0.0327301 9.9982E-05 9.9982E-05 0.549357 0.0509013
0.675832 0.0532066 0.18484 9.9982E-05 0.0859214 9.9982E-05
9.9982E-05 0.144556 0.755586 9.9982E-05 0.0161802 0.083478
9.9982E-05 0.0992303 0.720769 9.9982E-05 0.0909681 0.0888323
0.00571841 0.0227898 0.828788 9.9991E-05 0.0515189 0.091085
0.081745 0.131558 0.786397 9.9973E-05 9.9973E-05 9.9973E-05
9.9973E-05 9.9973E-05 0.835503 9.9973E-05 0.0864994 0.0776973
9.9991E-05 0.0590987 0.784006 0.0157435 0.125101 0.01595
0.0277887 0.879122 9.9982E-05 0.0288413 0.064048 9.9982E-05
9.9982E-05 0.79786 0.107137 0.0493742 0.0454285 9.9982E-05
9.9973E-05 0.766946 9.9973E-05 0.114606 0.118148 9.9973E-05
9.9982E-05 0.783506 0.0654969 0.0996034 0.0511943 9.9982E-05
9.9982E-05 0.800152 0.0112973 0.100842 0.0875087 9.9982E-05
0.0469304 0.412526 0.540243 9.9973E-05 9.9973E-05 9.9973E-05
0.0184276 0.468686 0.406935 9.9982E-05 9.9982E-05 0.105752
0.0731779 0.440245 0.486277 9.9973E-05 9.9973E-05 9.9973E-05
9.9982E-05 0.828657 0.00417035 0.0252146 0.141758 9.9982E-05
0.0312107 0.369564 0.546029 9.9982E-05 9.9982E-05 0.0529966
9.9982E-05 0.226225 9.9982E-05 0.332779 0.32643 0.114366
9.9991E-05 0.1234 0.12041 0.16581 0.553378 0.0369025
9.9973E-05 0.175472 9.9973E-05 0.224511 0.599717 9.9973E-05
0.0814144 0.291058 9.9991E-05 0.200881 0.344459 0.0820872
0.115315 0.161273 0.0871282 0.19884 0.437344 9.9991E-05
9.9973E-05 0.444516 9.9973E-05 0.301971 9.9973E-05 0.253213
0.108894 0.00791266 0.309916 9.9991E-05 0.460603 0.112574
0.110081 0.015748 0.202557 0.0108284 0.372936 0.28785
0.0642589 0.106392 0.483996 9.9991E-05 0.339694 0.00555891
0.0785551 9.9982E-05 0.161789 9.9982E-05 0.538215 0.221241
0.226606 9.9973E-05 0.149299 9.9973E-05 9.9973E-05 0.623795
0.190087 0.121173 0.0932962 0.0208646 0.535632 0.0389473
0.126763 0.0222974 0.201051 0.0167342 0.499361 0.133794
0.0920166 0.0699488 0.455404 9.9991E-05 0.312437 0.0700934
0.135416 0.105583 0.189575 0.0193178 0.550008 9.9991E-05
0.163513 9.9982E-05 0.24994 9.9982E-05 0.165605 0.420742
0.148134 9.9991E-05 0.130133 0.0727786 0.432611 0.216243
0.1402 9.9991E-05 0.253312 0.00415665 0.564549 0.0376829
0.209618 0.144303 0.0324495 0.170028 0.401238 0.0423645
0.0775903 9.9982E-05 0.293599 9.9982E-05 0.43465 0.19396
0.108661 0.0428439 0.251008 9.9991E-05 0.486364 0.111024
0.12627 9.9991E-05 0.108955 0.136976 0.435401 0.192298
0.147208 0.0288446 0.195518 9.9991E-05 0.548691 0.0796393
0.0726735 9.9991E-05 0.102221 0.0590813 0.658471 0.107453
0.100715 0.113369 0.0970043 0.120763 0.488009 0.0801396
0.0489447 0.0350928 0.242771 0.0616988 0.511801 0.0996922
0.0156139 0.803769 9.9982E-05 0.0976684 0.0827489 9.9982E-05
0.0336664 0.830661 9.9982E-05 0.04743 0.0880427 9.9982E-05
0.0766202 0.777942 0.0353041 9.9991E-05 0.0879636 0.02207
0.113663 0.799231 0.0388884 0.0462499 0.00186774 9.9991E-05
0.0371643 0.858351 0.0272211 0.00697715 0.0701863 9.9991E-05
0.099202 0.00269736 0.642235 0.0769804 0.178786 9.9991E-05
0.0468697 0.0484076 0.126395 0.117956 0.509968 0.150404
0.0823586 0.255219 9.9991E-05 0.204493 0.368573 0.0892561
0.0275705 0.0340993 0.138442 0.0841887 0.680504 0.0351957
0.0546172 0.00345686 0.270467 0.0234918 0.576505 0.0714624
9.9991E-05 0.00931893 0.295477 0.0409609 0.323803 0.330339
0.0977415 0.1635 0.556948 9.9991E-05 0.0475487 0.134162
0.0527963 0.0126309 0.304307 9.9991E-05 0.622361 0.00780445
0.12273 0.0498019 0.494545 0.070945 0.193976 0.0680019
0.183228 0.0442084 0.0961977 0.0592889 0.427504 0.189572
0.0504487 0.125326 0.539094 9.9991E-05 0.165308 0.119723
9.9982E-05 0.089102 0.22473 0.0806547 0.605313 9.9982E-05
0.0792636 0.0831554 0.502278 0.00592304 0.238997 0.090383
0.0649485 0.0804239 0.299976 0.00243023 0.441196 0.111026
0.0112168 0.0551582 0.122671 0.0216006 0.583595 0.205759
0.00812068 0.0127007 0.0475848 9.9991E-05 0.380241 0.551253
0.0340784 0.103061 0.0244067 9.9991E-05 0.594834 0.24352
0.103761 0.0986745 0.0567318 9.9991E-05 0.570607 0.170125
0.0581185 9.9982E-05 0.0577951 9.9982E-05 0.426637 0.45725
0.0608643 0.0497371 0.0916393 9.9991E-05 0.560133 0.237526
0.0741066 0.0539798 9.9982E-05 9.9982E-05 0.620673 0.251041
0.0793641 9.9982E-05 0.0912392 9.9982E-05 0.129291 0.699906
9.9964E-05 9.9964E-05 9.9964E-05 9.9964E-05 0.33987 0.65973
9.9982E-05 0.011691 0.116965 9.9982E-05 0.538153 0.332992
0.192122 9.9982E-05 0.128703 9.9982E-05 0.196263 0.482712
0.0839927 9.9982E-05 0.0644573 9.9982E-05 0.552265 0.299085
0.204244 0.00423793 0.567537 0.0158652 0.150267 0.0578492
0.105597 9.9982E-05 0.317789 9.9982E-05 0.316648 0.259767
0.110468 0.0402788 0.378911 0.00740808 0.462835 9.9991E-05
0.0318864 9.9991E-05 0.167094 0.0974258 0.662336 0.0411584
0.196514 9.9982E-05 0.430697 9.9982E-05 0.27525 0.097338
0.103264 9.9991E-05 0.121171 0.148748 0.454619 0.172098
9.9991E-05 0.0425422 0.2775 0.0403972 0.630413 0.00904773
0.0798506 0.0372243 0.245805 0.162907 0.412602 0.0616107
0.152272 9.9991E-05 0.268714 0.19284 0.309459 0.076615
0.174185 9.9982E-05 0.347394 0.056989 0.421232 9.9982E-05
0.219458 9.9991E-05 0.462398 0.0893807 0.22197 0.00669319
0.0500688 9.9991E-05 0.417467 0.101664 0.37389 0.0568098
0.0656285 9.9991E-05 0.196436 0.0340315 0.67572 0.0280846
0.0322611 0.057549 0.166074 0.0220404 0.653932 0.0681436
0.104779 0.0875425 0.211611 9.9991E-05 0.423307 0.172661
0.0538914 9.9991E-05 0.234293 0.0420317 0.580789 0.0888954
0.00663129 0.094916 0.333723 9.9991E-05 0.462092 0.102537
0.106008 0.0692079 0.142608 0.082221 0.599855 9.9991E-05
0.08121 0.0444608 0.284377 0.0703245 0.500449 0.0191785
9.9991E-05 0.0490336 0.246856 0.160322 0.402347 0.141341
0.00223878 0.374211 9.9991E-05 0.137792 0.446288 0.0393698
0.0748166 0.121176 9.9991E-05 0.253014 0.462582 0.0883115
0.0503198 0.156456 0.0684711 0.146782 0.49253 0.0854411
0.0810813 0.109541 0.00789138 0.1245 0.590393 0.0865936
0.128654 0.22975 9.9982E-05 0.153313 0.488082 9.9982E-05
0.0394837 9.9991E-05 0.23306 0.00896756 0.494827 0.223561
0.109942 0.159026 0.0170191 0.185573 0.485985 0.0424557
0.11487 0.241247 9.9982E-05 0.184 9.9982E-05 0.459683
0.0960932 0.127027 0.0527125 0.136236 0.44529 0.14264
0.0419591 0.0871363 0.0514276 0.195502 0.51246 0.111515
0.123407 0.0465711 0.116477 0.258044 0.451799 0.00370204
0.147697 0.168441 9.9991E-05 0.184712 0.253831 0.24522
0.0251909 0.173196 0.0319609 0.174113 0.539543 0.0559957
9.9982E-05 0.170657 9.9982E-05 0.139327 0.579394 0.110422
9.9973E-05 0.45139 9.9973E-05 0.193259 9.9973E-05 0.355051
0.00411154 0.20593 0.00240398 0.247352 0.528603 0.0115987
9.9991E-05 0.191931 0.0923884 0.185575 0.52132 0.00868545
9.9991E-05 0.184289 0.0640727 0.0769638 0.559708 0.114866
9.9982E-05 0.16629 9.9982E-05 0.147341 0.587864 0.0983045
0.0902739 0.189727 0.0696858 0.107051 0.51922 0.0240426
0.209736 9.9991E-05 0.0701065 0.0629344 0.45413 0.202993
0.149632 0.0766562 0.104384 0.0658858 0.532891 0.0705514
0.29245 9.9982E-05 0.101237 9.9982E-05 0.0587797 0.547333
0.192169 9.9982E-05 0.0779098 9.9982E-05 0.0756387 0.654082
0.0496856 9.9991E-05 0.098985 0.137656 0.501652 0.211922
9.9982E-05 0.0932629 9.9982E-05 0.26401 0.485178 0.157349
9.9982E-05 0.128229 9.9982E-05 0.326578 0.377538 0.167455
0.0561999 0.209335 9.9991E-05 0.296132 0.179474 0.258759
9.9991E-05 0.155116 0.0279435 0.27851 0.375695 0.162636
0.0495364 0.0933292 0.00395348 0.037207 0.209586 0.606388
0.0214113 0.0349479 9.9991E-05 0.0692585 0.286361 0.587921
0.137015 9.9991E-05 0.0300211 0.157269 0.562289 0.113306
0.145292 0.0658168 9.9991E-05 0.0378532 0.567002 0.183937
0.139326 0.0458585 9.9991E-05 0.12673 0.26431 0.423675
0.121378 0.0777273 0.0811286 0.099508 0.483292 0.136966
9.9991E-05 0.0111295 0.0536532 0.0981055 0.592438 0.244574
9.9991E-05 0.116486 0.024503 0.160412 0.526273 0.172226
0.273671 0.00660549 0.0688178 9.9991E-05 0.354923 0.295883
0.225706 9.9982E-05 0.12552 9.9982E-05 0.414414 0.23416
0.138754 9.9991E-05 0.0795158 0.00715455 0.557479 0.216997
0.112101 0.0161272 0.141778 0.0930986 0.378503 0.258392
0.177094 0.0460148 0.045967 0.130526 0.3764 0.223999
9.9973E-05 9.9973E-05 0.0552149 9.9973E-05 0.532338 0.412147
0.0824884 9.9982E-05 0.100502 9.9982E-05 0.318093 0.498717
0.172955 0.0179885 9.9982E-05 9.9982E-05 0.604554 0.204303
0.219502 9.9982E-05 0.0701989 9.9982E-05 0.251244 0.458855
0.108405 9.9973E-05 9.9973E-05 9.9973E-05 0.505724 0.385571
0.152918 0.089805 0.0968239 9.9991E-05 0.605136 0.0552179
0.222243 9.9991E-05 0.00292978 0.0626698 0.523854 0.188203
9.9991E-05 0.123666 0.0279876 0.227555 0.516147 0.104544
0.0112147 0.089416 0.120131 0.0951417 0.462794 0.221303
0.0743399 0.141803 0.0192476 0.25518 0.385685 0.123745
9.9991E-05 0.104734 0.119926 0.23344 0.346181 0.195619
0.0887523 0.185 9.9991E-05 0.177097 0.493838 0.0552123
0.059391 0.122777 0.0104637 0.151305 0.485528 0.170536
0.123043 0.166878 0.00723815 0.149228 9.9991E-05 0.553513
9.9991E-05 0.0886961 0.00794771 0.189598 0.628164 0.0854942
9.9973E-05 0.36264 9.9973E-05 0.140002 9.9973E-05 0.497058
0.112104 0.0253944 9.9991E-05 0.186734 0.518563 0.157106
0.295592 9.9973E-05 9.9973E-05 9.9973E-05 0.15907 0.545038
0.356085 9.9973E-05 0.0411462 9.9973E-05 9.9973E-05 0.602469
0.174475 9.9982E-05 0.0141839 9.9982E-05 0.503495 0.307646
0.155132 9.9982E-05 9.9982E-05 0.0138761 0.650374 0.180418
0.127728 9.9973E-05 9.9973E-05 9.9973E-05 0.503062 0.36891
0.29838 9.9991E-05 0.0222499 0.0238611 0.519143 0.136265
0.102446 9.9982E-05 9.9982E-05 0.0252478 0.591283 0.280824
9.9991E-05 0.79789 0.0320628 0.0644583 0.0628514 0.0426379
0.0513168 0.72077 0.119393 0.0861524 9.9991E-05 0.0222678
9.9973E-05 0.894614 0.0397808 0.0653051 9.9973E-05 9.9973E-05
9.9964E-05 0.957877 9.9964E-05 9.9964E-05 0.0417234 9.9964E-05
0.451794 0.0469726 0.0563976 0.0604432 0.384293 9.9991E-05
0.412093 0.0548763 9.9982E-05 0.0769799 0.455851 9.9982E-05
0.459898 9.9973E-05 0.0681924 9.9973E-05 0.471609 9.9973E-05
0.299677 0.0959397 0.0172123 0.100124 0.486946 9.9991E-05
0.125303 0.11821 0.102414 9.9991E-05 0.594226 0.0597469
0.581563 0.0259816 0.120207 0.0334913 0.204943 0.0338144
0.389511 9.9973E-05 9.9973E-05 0.0430584 0.567131 9.9973E-05
0.49754 9.9973E-05 9.9973E-05 9.9973E-05 0.36619 0.135969
9.9991E-05 0.217742 0.0370336 0.176054 0.519114 0.0499561
0.389423 9.9991E-05 0.0338691 0.0406251 0.420275 0.115707
0.599644 0.00789986 0.0876269 9.9982E-05 0.304629 9.9982E-05
0.335265 9.9964E-05 9.9964E-05 9.9964E-05 0.664336 9.9964E-05
0.409536 9.9973E-05 0.107081 9.9973E-05 0.483084 9.9973E-05
0.404994 9.9982E-05 9.9982E-05 0.0294407 0.564181 0.00118443
0.313143 0.11805 9.9973E-05 9.9973E-05 0.568507 9.9973E-05
0.851109 9.9973E-05 9.9973E-05 9.9973E-05 0.0461454 0.102446
0.587056 9.9991E-05 0.0662898 0.105508 0.149612 0.0914347
0.516093 0.023159 9.9982E-05 9.9982E-05 0.348554 0.111994
0.697995 9.9964E-05 9.9964E-05 9.9964E-05 9.9964E-05 0.301605
0.476668 0.0914195 0.0609503 9.9982E-05 0.370762 9.9982E-05
0.614003 9.9973E-05 9.9973E-05 9.9973E-05 0.066282 0.319415
0.727624 9.9973E-05 0.00208009 9.9973E-05 9.9973E-05 0.269996
0.33711 0.0249634 0.0186518 0.0381528 0.581022 9.99929E-05
0.629588 0.0346776 0.091929 0.042372 0.201333 9.9991E-05
0.423729 9.9982E-05 0.0929479 0.193245 0.289878 9.9982E-05
0.217469 0.0797744 0.0425754 0.091853 0.5646 0.00372887
0.334028 9.9982E-05 0.0973709 0.00446237 0.563938 9.9982E-05
9.9982E-05 9.9982E-05 0.312254 0.0172985 0.424042 0.246206
0.355164 0.0598396 0.00601963 0.0215623 0.557315 9.9991E-05
0.420327 0.0666721 0.0698847 9.9991E-05 0.433699 0.00931725
0.595004 9.9982E-05 0.0102574 9.9982E-05 0.33184 0.0626986
0.261497 0.0324182 0.05722 0.116631 0.532134 9.9991E-05
9.9973E-05 0.677096 0.284725 9.9973E-05 9.9973E-05 0.0378796
0.0740912 0.775812 0.105856 9.9991E-05 0.0333962 0.010744
9.9973E-05 0.817866 0.127408 9.9973E-05 9.9973E-05 0.0544256
0.0103438 0.826749 0.155726 9.9982E-05 9.9982E-05 0.00698189
9.9982E-05 0.714509 0.22012 9.9982E-05 0.0108844 0.0542867
0.711009 0.0421961 0.121615 0.0819138 0.0431662 9.9991E-05
0.648296 0.0496471 0.128083 9.9991E-05 0.106284 0.0675893
0.844094 9.9982E-05 9.9982E-05 0.0301877 0.0691727 0.0563452
0.18783 0.120427 9.9991E-05 0.0885125 0.52153 0.0816012
0.280865 0.126437 0.0549489 0.0261534 0.511496 9.9999E-05
0.605236 0.0526583 9.9991E-05 0.0328303 0.269132 0.0400429
0.285777 0.00579888 0.00953411 0.0907956 0.555572 0.0525226
0.437209 0.0809669 9.9991E-05 0.0349999 0.361997 0.084727
0.205836 0.0153088 0.0044441 9.9991E-05 0.62628 0.148031
0.225605 0.00904891 9.9991E-05 0.0806398 0.644788 0.0398177
0.594663 9.9991E-05 0.130827 0.106286 0.160087 0.00803758
0.568991 9.9982E-05 0.0661753 0.018541 0.346092 9.9982E-05
0.527869 9.9973E-05 0.117177 9.9973E-05 0.354654 9.9973E-05
9.9982E-05 0.121242 0.0322746 9.9982E-05 0.645859 0.200424
0.582947 0.0301227 0.0134705 9.9982E-05 0.37326 9.9982E-05
0.436265 0.0771455 0.0682529 9.9982E-05 0.418137 9.9982E-05
0.0669356 0.115937 0.0235485 0.414111 0.379368 9.9991E-05
9.9991E-05 0.11509 0.0172195 0.472526 0.334995 0.0600694
9.9991E-05 0.130401 0.0187674 0.441674 0.371857 0.0371997
9.9982E-05 0.153122 9.9982E-05 0.468497 0.310663 0.0675171
9.9982E-05 0.131697 9.9982E-05 0.309805 0.385363 0.172936
0.279742 0.0386756 9.9991E-05 0.04218 0.48155 0.157753
9.9982E-05 0.274005 9.9982E-05 0.660903 0.0306289 0.0342626
9.9973E-05 0.28178 9.9973E-05 0.355747 0.362173 9.9973E-05
0.0736698 0.0979671 9.9991E-05 0.188179 0.437124 0.20296
9.9982E-05 0.19544 0.0371047 9.9982E-05 0.593059 0.174196
0.0264364 0.114005 0.0989896 0.0342346 0.445344 0.28099
9.9982E-05 0.121445 0.0922245 9.9982E-05 0.66905 0.117081
0.13795 0.0266605 0.103717 0.0341131 0.592586 0.104973
9.9982E-05 0.212491 9.9982E-05 0.37106 0.408492 0.00775758
9.9991E-05 0.115734 0.0650108 0.323349 0.468461 0.0273459
9.9982E-05 0.0826263 9.9982E-05 0.502169 0.409451 0.00555439
0.108759 0.0615534 0.00722239 0.353687 0.436278 0.0325005
0.011471 0.0963015 9.9991E-05 0.512424 0.338844 0.0408587
0.0795669 0.144064 0.0168563 0.363902 0.39551 9.9991E-05
9.9991E-05 0.129744 0.0428125 0.635137 0.132677 0.0595305
9.9991E-05 0.102566 0.0285823 0.379024 0.422063 0.0676656
0.0674701 0.0708715 0.058842 0.000547759 0.533068 0.269201
0.0169441 0.260584 0.00352588 0.244876 0.457713 0.0163573
9.9982E-05 0.12264 9.9982E-05 0.642023 0.17449 0.0606476
0.133819 0.118324 0.0781658 0.415433 0.254158 9.9991E-05
0.110371 0.180837 0.236713 9.9991E-05 0.243942 0.228036
9.9982E-05 9.9982E-05 0.0478275 0.0769785 0.65456 0.220434
0.102263 0.16462 0.105546 0.294202 0.333269 9.9991E-05
0.000302565 0.120199 0.0712307 9.9991E-05 0.684857 0.12331
0.075846 0.217745 0.100036 9.9991E-05 0.53326 0.0730124
0.0991186 0.250417 0.0458501 0.197885 0.306629 0.100101
0.021485 0.258365 9.9991E-05 0.257007 0.351168 0.111876
0.153172 0.0652616 0.0595965 0.187349 0.456459 0.0781619
0.0451233 0.111076 0.00984766 0.345326 0.488527 9.9991E-05
0.0662769 0.0460911 9.9991E-05 0.527907 0.341084 0.0185411
9.9982E-05 0.194506 9.9982E-05 0.590571 0.205436 0.00928718
9.9991E-05 0.122048 0.0555907 0.0667829 0.62376 0.131718
9.9982E-05 0.115557 0.11177 9.9982E-05 0.550319 0.222154
0.0323701 0.131176 9.9991E-05 0.000703927 0.233157 0.602493
9.9991E-05 0.190832 0.00594459 0.0296856 0.655831 0.117607
0.0115616 0.0723098 0.261372 0.0364158 0.455157 0.163183
0.0053447 0.230215 9.9991E-05 0.178977 0.485673 0.0996907
0.0709258 0.103088 0.12913 0.0495966 0.542734 0.104525
9.9973E-05 0.28603 9.9973E-05 0.199376 9.9973E-05 0.514294
9.9973E-05 0.293292 9.9973E-05 0.111681 9.9973E-05 0.594727
9.9991E-05 0.141951 0.0663971 0.10785 0.335957 0.347745
9.9982E-05 0.327417 9.9982E-05 0.180717 0.0639554 0.427711
9.9973E-05 0.388782 9.9973E-05 0.234436 9.9973E-05 0.376482
0.0238571 0.149881 9.9991E-05 0.105536 0.394023 0.326603
9.9991E-05 0.207752 0.00615437 0.107759 0.447864 0.230371
9.9982E-05 0.306322 9.9982E-05 0.133857 0.226036 0.333585
9.9982E-05 0.21789 9.9982E-05 0.158365 0.13107 0.492474
9.9991E-05 0.0978298 0.0975909 0.114528 0.503137 0.186815
0.0588692 0.209978 9.9991E-05 0.104206 0.195235 0.431613
9.9973E-05 0.433377 9.9973E-05 0.0505328 9.9973E-05 0.51579
9.9991E-05 0.155817 0.113458 0.11747 0.491718 0.121437
9.9982E-05 0.171287 9.9982E-05 0.20803 0.386673 0.23381
0.147009 0.31188 9.9982E-05 0.118498 0.422414 9.9982E-05
0.0578306 0.196559 9.9982E-05 0.243143 0.502267 9.9982E-05
0.0414346 0.177168 0.0855957 0.196622 0.476477 0.022703
9.9991E-05 0.105943 0.0394628 0.278318 0.500679 0.0754974
9.9991E-05 0.338933 0.0265486 0.224633 0.368334 0.0414518
9.9982E-05 0.291544 9.9982E-05 0.0553134 0.607256 0.0456872
0.0113632 0.241115 0.0467049 0.267966 0.42462 0.00823076
9.9982E-05 0.276247 9.9982E-05 0.179193 0.435983 0.108377
0.20454 0.195141 0.13 0.121689 0.332199 0.0164323
0.137883 0.150344 0.0654778 0.0908184 0.514014 0.0414634
9.9991E-05 0.157259 0.0887071 0.0814606 0.585223 0.0872502
0.167729 0.104371 9.9982E-05 0.163812 0.563888 9.9982E-05
9.9991E-05 0.327811 0.00639706 0.246375 0.391885 0.0274321
0.102639 0.237895 9.9991E-05 0.226062 0.426267 0.00703802
9.9982E-05 0.40333 9.9982E-05 0.144452 0.212685 0.239333
0.0384236 0.137751 0.0635505 0.28661 0.447789 0.0258759
0.035527 0.265496 9.9991E-05 0.282091 0.240269 0.176518
0.0314548 0.794901 0.0904334 9.9982E-05 9.9982E-05 0.0830109
0.060128 0.0873507 0.747887 9.9991E-05 0.0396959 0.0648387
9.9964E-05 0.0133115 0.986289 9.9964E-05 9.9964E-05 9.9964E-05
9.9964E-05 0.020396 0.979204 9.9964E-05 9.9964E-05 9.9964E-05
9.9973E-05 9.9973E-05 0.967697 0.00392979 0.0280738 9.9973E-05
9.9964E-05 9.9964E-05 0.951792 0.0478082 9.9964E-05 9.9964E-05
9.9964E-05 9.9964E-05 0.942065 9.9964E-05 0.0575352 9.9964E-05
9.9964E-05 0.0153906 0.98421 9.9964E-05 9.9964E-05 9.9964E-05
9.9964E-05 0.226104 0.773496 9.9964E-05 9.9964E-05 9.9964E-05
0.0330776 0.882392 0.00424748 0.040721 9.9991E-05 0.0394621
9.9973E-05 0.779678 0.132151 9.9973E-05 0.0878708 9.9973E-05
0.0337856 0.921496 9.9973E-05 0.044419 9.9973E-05 9.9973E-05
9.9982E-05 0.804113 0.0843495 9.9982E-05 0.0828058 0.0285315
0.0185756 0.858221 0.0363467 0.0707432 0.0160132 9.9991E-05
9.9982E-05 0.892795 0.0636431 0.0194278 9.9982E-05 0.0239339
9.9991E-05 0.723291 0.0636869 0.157119 0.00625257 0.0495503
9.9982E-05 0.862801 9.9982E-05 0.0704711 0.0418476 0.0246804
0.094596 0.749864 0.0719602 0.0667281 0.0167516 9.9991E-05
0.0292578 0.901383 9.9973E-05 0.0690596 9.9973E-05 9.9973E-05
9.9964E-05 0.930905 0.0686949 9.9964E-05 9.9964E-05 9.9964E-05
0.0198431 0.841148 0.0474948 0.0529572 0.0359848 0.0025724
9.9973E-05 0.909393 0.0662082 0.0240992 9.9973E-05 9.9973E-05
9.9982E-05 0.893034 9.9982E-05 0.0829724 0.013966 0.00982751
9.9982E-05 0.859709 0.0104743 0.0616426 0.067974 9.9982E-05
9.9973E-05 0.845538 9.9973E-05 0.0404071 0.113755 9.9973E-05
9.9973E-05 0.754761 9.9973E-05 0.126716 0.118223 9.9973E-05
9.9973E-05 0.760662 9.9973E-05 0.106026 0.133012 9.9973E-05
9.9973E-05 0.820098 9.9973E-05 0.0803498 0.0992522 9.9973E-05
0.0605909 0.107085 0.122308 0.00336097 0.460242 0.246412
0.00509529 0.0849186 0.0238704 9.9991E-05 0.691928 0.194088
0.117146 0.1796 0.108053 0.0340728 0.561028 9.9991E-05
9.9982E-05 0.0317229 0.026777 9.9982E-05 0.184648 0.756653
0.0222307 0.149839 0.127572 9.9991E-05 0.556381 0.143878
9.9973E-05 0.132752 9.9973E-05 9.9973E-05 0.173155 0.693794
9.9991E-05 0.121655 0.00984302 0.0165392 0.680197 0.171665
0.143455 0.0378183 0.125509 9.9991E-05 0.463562 0.229556
0.106893 0.0951714 0.0240661 9.9991E-05 0.565139 0.20863
0.38467 0.0527479 0.0843328 0.0323063 0.445843 9.9991E-05
0.0330068 0.120322 0.0911709 9.9991E-05 0.525033 0.230367
0.10022 0.106162 0.0734265 9.9991E-05 0.63301 0.0870814
0.0415022 0.0946961 0.127015 9.9991E-05 0.615607 0.12108
0.149887 9.9991E-05 0.467178 0.0728889 0.0973079 0.212638
0.00505946 9.9973E-05 0.14681 9.9973E-05 9.9973E-05 0.847831
9.9982E-05 0.0372853 0.0422099 9.9982E-05 0.250735 0.669569
9.9982E-05 0.131106 0.045544 9.9982E-05 0.677108 0.146042
9.9982E-05 0.13697 0.059269 9.9982E-05 0.569085 0.234476
0.000961672 0.146358 9.9982E-05 9.9982E-05 0.525026 0.327454
0.130328 0.111819 9.9991E-05 0.0605708 0.604659 0.0925226
9.9982E-05 0.167725 9.9982E-05 0.182754 0.498463 0.150858
9.9982E-05 0.170134 0.0796686 0.174917 0.57508 9.9982E-05
0.0352538 0.407144 0.137259 0.153463 0.182209 0.0846702
0.0235796 0.147849 0.130985 9.9991E-05 0.649938 0.047548
0.0738943 0.246665 0.0525648 0.0747154 0.468621 0.0835389
9.9973E-05 0.42416 9.9973E-05 0.174354 9.9973E-05 0.401186
0.0349056 0.258545 9.9991E-05 0.170976 0.34333 0.192144
0.0748099 0.349646 0.0669198 0.195185 0.285925 0.0275147
9.9991E-05 0.384079 0.0925382 0.0278454 0.487669 0.00776777
0.0612821 0.136894 0.0892274 0.191111 0.487736 0.0337485
0.0467655 0.208511 0.0337954 0.0870249 0.538667 0.0852358
0.0458663 0.127422 0.00210747 0.138992 0.626874 0.0587383
9.9982E-05 0.145457 9.9982E-05 0.134688 0.482077 0.237578
0.0804052 0.492724 9.9991E-05 0.110946 0.280585 0.0352401
