0.0436869 0.00259224 0.0716637 0.00044903 9.9982E-05 9.9982E-05 0.00221417 0.879194
0.00876174 0.0328521 9.9964E-05 0.0204663 9.9964E-05 9.9964E-05 9.9964E-05 0.93752
0.00609881 9.9964E-05 9.9964E-05 9.9964E-05 9.9964E-05 0.157098 0.0249046 0.811499
0.0829043 9.9964E-05 9.9964E-05 9.9964E-05 0.0501399 0.0641842 9.9964E-05 0.802372
0.0320138 0.0393805 9.9973E-05 9.9973E-05 0.0320974 0.0487379 9.9973E-05 0.84747
0.0968747 9.9982E-05 9.9982E-05 0.0342239 0.0267175 0.0807173 0.154271 0.606996
0.0251621 9.9964E-05 0.0656576 9.9964E-05 9.9964E-05 9.9964E-05 0.131311 0.777469
0.0826712 0.0107134 0.0733937 9.9982E-05 0.0295803 9.9982E-05 0.115803 0.687638
0.0634729 0.0167841 9.99729E-05 0.0603928 9.99729E-05 9.99729E-05 0.0453957 0.813655
0.037456 9.9973E-05 9.9973E-05 9.9973E-05 0.040714 0.0828642 0.143385 0.695281
0.134779 9.9964E-05 9.9964E-05 9.9964E-05 9.9964E-05 0.0155245 0.165354 0.683942
9.9973E-05 9.9973E-05 0.772648 0.0574025 0.0159602 0.137589 0.0161009 9.9973E-05
0.0116107 9.9973E-05 0.392395 9.9973E-05 0.00814641 0.529856 0.0576922 9.9973E-05
9.9973E-05 0.0616969 0.690005 9.9973E-05 0.0142083 0.125647 9.9973E-05 0.108143
9.9964E-05 9.9964E-05 0.682716 9.9964E-05 0.0840217 0.158699 9.9964E-05 0.0741642
9.999E-05 0.0213484 0.301162 0.0146291 0.118224 0.319011 0.126069 0.0994576
9.9982E-05 0.0597654 0.277913 9.9982E-05 0.0553564 0.468843 0.103073 0.0348498
9.9973E-05 9.9973E-05 0.423328 0.0852951 0.0235735 0.40381 0.0636933 9.9973E-05
9.9973E-05 9.9973E-05 0.6252 0.0326304 0.0814568 0.152154 9.9973E-05 0.108258
9.9955E-05 9.9955E-05 0.884538 9.9955E-05 9.9955E-05 9.9955E-05 0.0619463 0.0530156
0.0468283 0.0607019 0.316984 0.0135996 0.114294 0.363226 0.0842663 9.9991E-05
0.0532837 0.0565227 0.217994 0.0298667 0.00213191 0.393332 0.246769 9.9991E-05
0.0163219 0.0690372 0.298625 0.114216 0.061816 0.425884 9.9991E-05 0.0139995
9.9973E-05 9.9973E-05 0.745419 0.0486407 0.118807 0.0853777 9.9973E-05 0.00145499
0.0137118 0.0341542 0.153115 0.100433 0.0962159 0.51574 9.9991E-05 0.0865291
9.9973E-05 9.9973E-05 0.364853 9.9973E-05 0.0853548 0.469789 0.0691388 0.0105646
9.9964E-05 9.9964E-05 0.843733 0.0296859 0.119181 9.9964E-05 9.9964E-05 0.00700027
9.9955E-05 9.9955E-05 0.79035 9.9955E-05 0.195296 9.9955E-05 9.9955E-05 0.0138546
9.9982E-05 0.00689464 0.765753 9.9982E-05 0.00268015 0.110201 0.0904562 0.023815
9.9955E-05 9.9955E-05 9.9955E-05 9.9955E-05 0.0802607 0.112922 9.9955E-05 0.806317
9.9964E-05 9.9964E-05 0.0102174 9.9964E-05 0.0166333 0.143375 9.9964E-05 0.829375
9.9964E-05 9.9964E-05 0.0117017 9.9964E-05 0.0153031 0.171744 9.9964E-05 0.800852
9.9964E-05 9.9964E-05 9.9964E-05 0.0729605 0.0328821 0.151022 9.9964E-05 0.742735
0.0321458 0.0145903 0.076987 0.234236 0.0138356 0.574405 0.0179751 0.0358253
9.9973E-05 9.9973E-05 0.0108403 0.333084 0.131389 0.421993 9.9973E-05 0.102394
9.9973E-05 0.00988216 9.9973E-05 0.46794 0.0204135 0.49402 9.9973E-05 0.00744438
0.143413 9.9973E-05 0.595919 0.060084 9.9973E-05 0.0969485 9.9973E-05 0.103335
0.025222 9.9964E-05 9.9964E-05 0.67192 0.0968919 0.205566 9.9964E-05 9.9964E-05
0.0467002 9.9973E-05 0.155599 0.21954 9.9973E-05 0.472513 9.9973E-05 0.105348
0.0688996 9.9973E-05 9.9973E-05 0.154587 0.0283833 0.710602 0.0372279 9.9973E-05
0.0278794 9.9973E-05 9.9973E-05 0.221143 9.9973E-05 0.544306 0.104365 0.102008
0.00629807 9.9991E-05 0.0453408 0.0856718 0.00668706 0.666956 0.0641534 0.124793
0.0368793 9.9991E-05 0.148168 0.68296 0.0173841 0.0547421 0.0332598 0.0265064
0.00195379 9.9982E-05 0.0936511 0.0521757 9.9982E-05 0.600703 0.194976 0.0563403
9.9982E-05 9.9982E-05 0.023203 0.269508 0.142844 0.485825 0.0154543 0.062966
9.9982E-05 9.9982E-05 0.0685617 0.188462 0.0804482 0.513862 0.0261221 0.122345
0.0248068 9.9955E-05 9.9955E-05 0.694295 9.9955E-05 0.280399 9.9955E-05 9.9955E-05
9.9973E-05 9.9973E-05 9.9973E-05 0.268883 0.0245903 0.643234 0.0135834 0.0494087
0.0119569 0.0575816 9.9991E-05 0.179592 0.102837 0.519075 0.0462025 0.0826538
0.000577777 9.9964E-05 9.9964E-05 0.719819 9.9964E-05 9.9964E-05 0.19689 0.0823129
0.15168 0.0553618 0.377467 0.172265 9.9982E-05 0.146595 0.0964307 9.9982E-05
9.9982E-05 0.139238 0.309955 0.160372 0.0279972 9.9982E-05 0.361024 0.00121416
0.0336713 9.9982E-05 0.208226 0.0702445 0.103805 0.496622 9.9982E-05 0.0872314
9.9982E-05 0.0575963 0.0864085 9.9982E-05 0.117538 0.563407 0.14452 0.0303305
0.118224 0.0340994 0.00793773 0.160871 0.117504 0.518919 0.0319945 0.0104498
0.157526 0.00649269 0.303592 0.242784 9.9991E-05 0.109463 0.0507487 0.129293
0.0888905 0.016172 0.146453 0.146848 0.0375044 0.526958 0.0328963 0.00427773
0.0186549 0.00403874 0.25053 0.0470234 0.0890474 0.417616 0.110777 0.0623117
0.0654134 0.0610282 0.226304 0.161801 0.0424598 0.281929 0.0688268 0.0922387
0.0799124 0.00762894 0.474081 0.0930401 0.0252077 0.00740638 0.131115 0.181608
0.025326 0.0307682 0.0846527 0.0266626 9.9991E-05 0.620406 0.120761 0.0913231
0.118544 0.0186339 0.245348 0.0373011 0.0583256 0.39183 0.0775181 0.0524993
0.0996984 9.9973E-05 0.596851 0.115935 9.9973E-05 9.9973E-05 0.132548 0.0546683
0.00114995 0.0615027 0.458872 0.0141883 0.0103167 0.442147 0.0117234 9.9991E-05
9.9991E-05 0.149156 0.0287278 0.0063089 0.100547 0.621153 0.0543203 0.0396869
0.0478878 9.9982E-05 0.227055 9.9982E-05 0.0197104 0.61764 0.0445865 0.0429205
0.0238238 0.0944096 0.442913 0.130025 0.0571099 0.186481 0.0184146 0.0468236
9.9982E-05 0.059604 0.333871 0.0777251 0.052685 0.359017 0.116898 9.9982E-05
0.0650515 0.086207 0.172814 0.0363156 0.120396 0.476319 0.0427963 9.9991E-05
0.0850285 0.138439 0.488903 0.0742727 9.9991E-05 0.114799 0.089652 0.00880575
9.9955E-05 9.9955E-05 0.0971233 0.438396 9.9955E-05 0.463981 9.9955E-05 9.9955E-05
9.9964E-05 9.9964E-05 0.167956 0.607998 9.9964E-05 0.178577 9.9964E-05 0.0450689
0.0348467 0.0897459 0.114367 0.138305 0.022386 0.498685 0.00398392 0.0976803
9.9946E-05 9.9946E-05 9.9946E-05 0.903506 9.9946E-05 9.9946E-05 0.0958944 9.9946E-05
9.9964E-05 0.0795383 0.0930117 0.763345 9.9964E-05 9.9964E-05 0.0637054 9.9964E-05
9.9964E-05 9.9964E-05 0.0311287 0.715776 9.9964E-05 0.24414 0.0085548 9.9964E-05
0.0204828 0.0235903 0.0642625 0.452938 9.9991E-05 0.395201 0.0298372 0.0135882
0.0518494 0.102934 9.9991E-05 0.104585 0.0655083 0.52036 0.000966768 0.153697
0.0130993 9.9982E-05 0.0666004 0.446487 0.0486732 0.398894 9.9982E-05 0.0260467
0.117186 9.9982E-05 0.13294 0.552046 0.0447131 0.122292 9.9982E-05 0.0306232
0.199295 9.9982E-05 0.0959174 0.46477 0.0152889 0.2028 9.9982E-05 0.0217294
0.0639629 0.0875394 0.0476476 0.247931 0.0642303 0.433903 0.0208909 0.0338951
9.9973E-05 9.9973E-05 0.162537 0.521346 0.0732798 0.237606 9.9973E-05 0.00493157
0.0420854 9.9982E-05 0.0745292 0.401599 9.9982E-05 0.406205 0.0262415 0.0491393
9.9973E-05 0.0621547 9.9973E-05 0.433521 9.9973E-05 0.431888 0.0716647 0.00047137
0.0135505 0.0656154 0.0117192 0.676385 0.0200813 9.9982E-05 0.212449 9.9982E-05
9.9955E-05 9.9955E-05 9.9955E-05 0.212851 9.9955E-05 0.675003 0.111646 9.9955E-05
0.00365806 9.9982E-05 0.0583624 0.025391 0.0320851 0.0662734 9.9982E-05 0.81403
9.9946E-05 9.9946E-05 9.9946E-05 9.9946E-05 9.9946E-05 0.11467 9.9946E-05 0.884731
0.013839 9.9964E-05 9.9964E-05 9.9964E-05 0.0192441 0.119084 9.9964E-05 0.847434
9.9964E-05 9.9964E-05 9.9964E-05 0.0175501 9.9964E-05 0.0711943 0.00788387 0.902972
9.9973E-05 0.0246296 9.9973E-05 0.0497458 0.0611592 0.0386994 9.9973E-05 0.825466
9.9973E-05 0.0230609 9.9973E-05 9.9973E-05 0.0471129 0.0290954 0.0664281 0.834003
9.99551E-05 9.99551E-05 9.99551E-05 9.99551E-05 9.99551E-05 0.0907612 0.00811969 0.900619
0.0606446 0.0204522 0.0727808 0.283865 0.156506 0.354046 9.9991E-05 0.051606
9.9991E-05 0.0286311 0.121421 0.231577 0.088444 0.383374 0.0813511 0.0651031
9.9964E-05 0.0488352 0.216691 0.724666 9.9964E-05 9.9964E-05 9.9964E-05 0.0094081
9.9982E-05 0.042946 0.092781 0.210577 0.106501 0.461423 9.9982E-05 0.0855725
0.0258344 9.9973E-05 0.117266 0.424847 9.9973E-05 0.397807 9.9973E-05 0.0339458
9.9964E-05 0.113464 9.9964E-05 0.192157 9.9964E-05 0.593286 9.9964E-05 0.100694
9.9991E-05 0.16141 0.0553209 0.222963 0.0199698 0.516178 0.0215161 0.00254203
9.9964E-05 9.9964E-05 9.9964E-05 0.489331 0.083441 0.403927 9.9964E-05 0.0229008
0.0588166 0.037302 0.174352 0.676247 9.9973E-05 9.9973E-05 9.9973E-05 0.0529823
9.9982E-05 0.03435 0.101858 0.262149 0.112786 0.360322 9.9982E-05 0.128335
0.00991378 0.063495 9.9991E-05 0.136011 0.032927 0.585229 0.0996867 0.0726375
0.0730286 9.9991E-05 0.0829717 0.0952069 0.113831 0.572002 0.000323466 0.0625366
9.9982E-05 0.018995 0.0244162 0.500623 0.00695878 0.258788 0.190019 9.9982E-05
9.9964E-05 0.0507141 9.9964E-05 0.383899 9.9964E-05 0.517906 9.9964E-05 0.0470815
9.9982E-05 9.9982E-05 0.138446 0.41931 0.00381784 0.4005 0.017194 0.0205327
9.9955E-05 9.9955E-05 9.9955E-05 0.587005 0.0738834 0.338612 9.9955E-05 9.9955E-05
0.0828315 9.9973E-05 0.0110291 0.396181 9.9973E-05 0.447891 9.9973E-05 0.0617674
0.016911 0.0409702 0.0533676 0.126159 0.0695107 0.495371 0.120007 0.0777035
9.9982E-05 0.179716 0.511103 0.0196888 9.9982E-05 0.177707 0.0625616 0.0490236
0.113298 9.9991E-05 0.249499 0.0310832 0.0918543 0.317525 0.106216 0.0904232
0.120328 0.00887456 0.136543 0.0954202 0.126015 0.49135 9.9991E-05 0.0213699
0.0255381 0.0877426 0.0406287 0.150515 9.9991E-05 0.537781 0.0167881 0.140907
0.0305528 0.0083602 0.518753 9.9973E-05 9.9973E-05 0.390119 9.9973E-05 0.0519159
0.0636885 0.0156402 0.318446 0.00259291 9.9982E-05 0.569405 9.9982E-05 0.0300272
0.0975189 0.0273337 0.425547 9.9973E-05 9.9973E-05 0.413703 9.9973E-05 0.0355974
0.0728611 0.143772 0.0706065 0.116792 0.0374671 0.412007 0.0334149 0.113078
0.0938275 9.9991E-05 0.158856 0.0544179 0.0995172 0.522612 0.0561293 0.0145392
9.9982E-05 0.00449226 0.289825 0.0795678 9.9982E-05 0.514637 0.00461111 0.106666
0.173411 0.0223302 0.344621 9.9964E-05 9.9964E-05 0.459238 9.9964E-05 9.9964E-05
0.0952968 0.021262 0.113409 0.113994 0.0587441 0.560784 0.0364099 9.9991E-05
0.104627 0.0525063 9.9982E-05 9.9982E-05 0.108569 0.611247 0.0887533 0.0340967
0.0719352 0.0188558 0.263271 9.9973E-05 9.9973E-05 0.604814 9.9973E-05 0.0408236
0.0268766 9.9982E-05 0.188198 9.9982E-05 0.0815425 0.574785 0.0333927 0.0950048
0.0199274 9.9982E-05 0.272035 0.0643304 0.0862342 0.515818 9.9982E-05 0.0414558
9.9964E-05 9.9964E-05 0.421224 9.9964E-05 9.9964E-05 0.316199 0.105419 0.156758
0.0582551 0.0114718 0.178929 0.0414774 0.0191451 0.62094 0.0535832 0.0161983
0.00533499 0.0530579 0.155248 9.9991E-05 0.0152468 0.619002 0.122396 0.0296146
0.135971 0.0568762 0.419986 0.1297 0.0288028 0.154004 0.0191832 0.0554767
0.0818216 0.21285 0.358914 0.00850281 9.9991E-05 0.118168 0.200454 0.0191893
0.198092 0.0352152 0.125384 0.0915807 9.9991E-05 0.529001 0.0115312 0.00909525
0.170209 0.224512 0.193733 0.108753 0.0265491 0.0729512 0.203193 9.9991E-05
0.0915462 0.0111982 0.486622 0.179004 9.9982E-05 0.201697 9.9982E-05 0.0297329
0.125751 0.0674706 0.310698 0.0959331 9.9982E-05 0.383511 9.9982E-05 0.0164367
0.131697 0.0268405 0.458888 0.048584 9.9982E-05 0.320395 9.9982E-05 0.0133951
0.116462 0.0103789 0.534015 0.0553316 0.0161571 0.262353 0.00520199 9.9991E-05
0.0123264 0.121084 0.266867 0.0261894 9.9973E-05 0.573233 9.9973E-05 9.9973E-05
0.0499948 0.0533128 0.0801957 0.0380036 0.141887 0.474508 0.10789 0.0542085
9.9982E-05 0.0287886 0.306493 0.0371127 0.0462741 0.499909 9.9982E-05 0.0812227
0.123788 0.037904 0.360675 9.9973E-05 9.9973E-05 0.194461 0.282872 9.9973E-05
0.0950573 0.115002 0.0303002 0.117692 0.0169404 0.503755 9.9991E-05 0.121153
0.0326874 0.129096 0.0253245 0.100865 0.0806383 0.395384 0.235904 9.9991E-05
0.105428 0.155258 0.0524597 0.174781 9.9982E-05 9.9982E-05 0.41677 0.0951031
9.9982E-05 0.181777 0.00129902 0.0934888 9.9982E-05 0.583194 0.0823391 0.0577017
0.0144437 0.0582718 9.9982E-05 0.187623 9.9982E-05 0.377403 0.2955 0.0665586
0.0114171 0.00521763 0.0880821 0.104754 0.0639497 0.436845 0.189846 0.0998887
0.0504418 0.0148346 0.075375 0.0737889 9.9991E-05 0.273409 0.410766 0.101285
0.113135 0.162445 0.00179014 0.0291773 9.9991E-05 0.227234 0.403557 0.0625615
0.0820239 0.123534 0.124966 0.0866145 9.9991E-05 0.432344 0.133861 0.0165577
0.0788252 0.0791721 0.0260385 0.132146 0.064426 0.41586 0.0909582 0.112574
0.0425563 9.9991E-05 0.0705036 0.073758 0.0494251 0.458619 0.206485 0.0985532
0.00904748 0.0862997 0.156671 0.228912 0.129571 9.9991E-05 0.363157 0.0262422
0.00442599 0.0400079 0.0529764 0.117196 0.0212053 0.529984 0.156731 0.0774725
0.0344226 0.145795 0.115566 0.102354 9.9982E-05 0.37934 0.222323 9.9982E-05
0.04333 0.0699439 0.0798858 0.155849 9.9991E-05 0.411365 0.230256 0.00926991
0.0592586 0.0176843 0.0136121 0.125837 0.0740912 0.548312 0.0585945 0.102611
9.9973E-05 9.9973E-05 0.0201355 9.9973E-05 0.25514 0.164458 0.282807 0.27716
9.9955E-05 9.9955E-05 9.9955E-05 9.9955E-05 0.120924 9.9955E-05 0.438212 0.440364
9.9964E-05 0.0204821 9.9964E-05 9.9964E-05 0.129795 9.9964E-05 0.440715 0.408608
9.9973E-05 9.9973E-05 0.0233273 9.9973E-05 0.312824 0.0820305 0.237887 0.343631
9.9955E-05 9.9955E-05 9.9955E-05 0.0369631 9.9955E-05 0.656836 0.305701 9.9955E-05
9.9964E-05 0.16398 9.9964E-05 9.9964E-05 9.9964E-05 0.534337 0.209417 0.0918665
9.9955E-05 9.9955E-05 0.0819221 9.9955E-05 0.678577 0.239001 9.9955E-05 9.9955E-05
0.0394588 0.0263794 0.156761 0.0714739 0.456682 0.249045 9.9982E-05 9.9982E-05
0.0943711 0.0755543 0.0256303 0.0148591 0.373217 0.330457 9.9991E-05 0.0858116
0.024662 0.218472 9.9973E-05 0.0950332 9.9973E-05 0.275313 0.38622 9.9973E-05
0.0913952 0.0925565 9.9991E-05 0.201301 0.0351586 0.534198 0.0411048 0.00418633
9.9973E-05 0.162018 0.045024 0.0819431 9.9973E-05 0.196216 0.514499 9.9973E-05
0.0217875 0.0973159 9.9973E-05 0.0319189 9.9973E-05 0.581828 0.26685 9.9973E-05
9.9982E-05 0.246354 0.193574 0.0202478 9.9982E-05 0.396815 0.120082 0.0227263
0.0608734 0.0880443 9.9982E-05 0.0399611 0.0715563 0.516343 0.223022 9.9982E-05
9.9973E-05 0.0879065 0.119731 0.0710085 9.9973E-05 0.219051 0.502003 9.9973E-05
0.0195453 0.18723 9.9991E-05 0.0539884 0.00214814 0.661423 0.0082227 0.0673422
9.9973E-05 0.064425 9.9973E-05 0.0553871 0.00385679 0.582565 0.293467 9.9973E-05
9.9964E-05 0.00138787 0.00677968 0.0183456 0.973087 9.9964E-05 9.9964E-05 9.9964E-05
9.9955E-05 9.9955E-05 9.9955E-05 9.9955E-05 0.945734 0.0374231 0.0163435 9.9955E-05
0.0500646 0.0548624 0.0155691 0.0994906 0.615118 0.155994 9.9991E-05 0.00880074
0.0112719 0.012324 9.9964E-05 9.9964E-05 0.654198 0.321806 9.9964E-05 9.9964E-05
0.0483608 9.9973E-05 0.0158806 0.0307385 0.825003 0.0797171 9.9973E-05 9.9973E-05
9.994E-05 9.994E-05 9.994E-05 9.994E-05 0.9993 9.994E-05 9.994E-05 9.994E-05
0.0196058 0.0115706 9.9955E-05 9.9955E-05 0.968324 9.9955E-05 9.9955E-05 9.9955E-05
9.9946E-05 9.9946E-05 9.9946E-05 9.9946E-05 0.830019 0.169381 9.9946E-05 9.9946E-05
0.0192864 9.9955E-05 9.9955E-05 9.9955E-05 0.95139 0.0288243 9.9955E-05 9.9955E-05
9.994E-05 9.994E-05 9.994E-05 9.994E-05 0.9993 9.994E-05 9.994E-05 9.994E-05
9.9946E-05 9.9946E-05 9.9946E-05 9.9946E-05 0.99491 9.9946E-05 9.9946E-05 0.00449009
9.9964E-05 9.9964E-05 0.0485186 9.9964E-05 0.774879 0.14813 9.9964E-05 0.0280717
0.0363261 0.0393217 0.00417712 9.9982E-05 0.790963 0.0617286 9.9982E-05 0.0672834
0.0196977 9.9955E-05 9.9955E-05 0.00376957 0.976033 9.9955E-05 9.9955E-05 9.9955E-05
0.069386 0.0291262 0.0467368 0.0994186 0.437514 0.276167 0.0293722 0.0122791
0.0767057 9.9973E-05 9.9973E-05 9.9973E-05 0.686231 0.173602 0.00745872 0.0557028
0.0664576 9.9982E-05 0.00121932 0.0392833 0.785294 0.10663 0.000915313 9.9982E-05
9.9964E-05 9.9964E-05 0.0221597 9.9964E-05 0.861562 0.105761 9.9964E-05 0.0101177
9.994E-05 9.994E-05 9.994E-05 9.994E-05 0.9993 9.994E-05 9.994E-05 9.994E-05
0.0171259 9.9982E-05 0.0088862 0.0169088 0.913795 0.0367413 9.9982E-05 0.00634324
9.994E-05 9.994E-05 9.994E-05 9.994E-05 0.9993 9.994E-05 9.994E-05 9.994E-05
0.0310828 0.0930225 9.9973E-05 9.9973E-05 0.59303 0.240526 9.9973E-05 0.0420389
9.9982E-05 0.00978373 0.0517006 0.0125377 0.897148 0.0165477 9.9982E-05 0.0120828
9.9964E-05 0.0799309 9.9964E-05 9.9964E-05 0.0414031 9.9964E-05 0.571782 0.306485
0.0774453 9.9991E-05 0.118666 0.0297842 0.108572 0.334655 0.194493 0.136284
0.0656953 0.0433982 9.9982E-05 9.9982E-05 0.0423078 0.39673 0.205475 0.246193
0.0457441 0.0745554 9.9982E-05 9.9982E-05 0.110853 0.213981 0.39064 0.164027
0.00954931 0.0985781 0.0496904 9.9991E-05 0.113148 0.373166 0.266862 0.0889055
9.9991E-05 0.031884 0.00396873 0.0164158 0.110094 0.130594 0.482459 0.224485
0.109388 0.0229509 0.0371723 0.0408207 0.0987363 0.431875 0.0656286 0.193428
9.9973E-05 9.9973E-05 9.9973E-05 0.0607444 0.155449 0.2801 0.385069 0.118337
9.9973E-05 9.9973E-05 0.0588097 9.9973E-05 0.0918948 0.466716 0.236905 0.145375
9.9964E-05 9.9964E-05 9.9964E-05 9.9964E-05 0.176934 0.294934 0.389627 0.138105
0.0771191 0.00324789 9.9991E-05 0.0714445 0.0268483 0.502635 0.158718 0.159887
0.0655622 0.0416645 9.9973E-05 9.9973E-05 9.9973E-05 0.0248606 0.0621513 0.805461
9.9955E-05 0.0622999 9.9955E-05 9.9955E-05 0.0395133 9.9955E-05 9.9955E-05 0.897687
9.9955E-05 9.9955E-05 9.9955E-05 0.0345068 9.9955E-05 0.0123885 9.9955E-05 0.952605
0.0107859 9.9955E-05 9.9955E-05 9.9955E-05 9.9955E-05 0.0471421 9.9955E-05 0.941572
0.041794 9.9964E-05 0.0503078 9.9964E-05 9.9964E-05 0.0392751 9.9964E-05 0.868223
9.9964E-05 0.0350321 0.0065725 9.9964E-05 0.0777828 9.9964E-05 9.9964E-05 0.880213
0.012759 9.9964E-05 9.9964E-05 0.0150581 0.119619 9.9964E-05 9.9964E-05 0.852164
0.0311085 0.0296404 9.9973E-05 9.9973E-05 9.9973E-05 0.0430377 0.0636421 0.832271
9.9973E-05 9.9973E-05 0.0206271 0.0261048 0.018696 0.0343591 9.9973E-05 0.899913
9.9964E-05 0.0272322 9.9964E-05 9.9964E-05 0.0985464 9.9964E-05 0.0589303 0.814891
0.0883029 0.00139491 0.229912 0.0532775 9.9973E-05 9.9973E-05 9.9973E-05 0.626813
0.220886 9.9982E-05 0.1127 0.0597995 0.00347674 9.9982E-05 0.00085086 0.602087
0.0904463 0.0161733 0.247639 9.9973E-05 9.9973E-05 9.9973E-05 0.143846 0.501595
0.146971 9.9973E-05 0.244341 0.0567989 9.9973E-05 9.9973E-05 0.0789745 0.472615
0.0343732 9.9982E-05 0.240129 0.189178 0.0495526 0.469418 9.9982E-05 0.0171492
0.0138174 9.9982E-05 0.0757641 0.238118 0.0677737 0.52551 0.0788172 9.9982E-05
0.0926612 0.0452099 0.081119 0.171734 9.9991E-05 0.568455 0.0172986 0.0234225
0.0419524 0.0759596 0.298382 0.13593 9.9991E-05 0.388188 0.00122394 0.058264
0.213879 0.0385395 0.596396 0.0521226 9.9973E-05 0.0987631 9.9973E-05 9.9973E-05
0.0457141 0.0632987 9.9982E-05 0.210993 0.0320548 0.534954 9.9982E-05 0.112786
9.9955E-05 9.9955E-05 0.134756 0.271189 9.9955E-05 0.593555 9.9955E-05 9.9955E-05
0.082772 0.0169248 0.120356 0.233263 0.00483108 0.473077 0.0686762 9.9991E-05
9.9973E-05 0.0745019 9.9973E-05 0.562606 0.0435241 0.30422 0.0148479 9.9973E-05
0.0689595 0.0463419 0.101686 0.112795 0.0451547 0.617985 9.9991E-05 0.00697798
0.09298 0.012279 0.117263 0.376496 9.9973E-05 0.400682 9.9973E-05 9.9973E-05
0.0555049 0.291869 0.00492404 0.63017 9.9973E-05 9.9973E-05 0.0172321 9.9973E-05
0.0958917 0.0258325 0.0390726 0.146368 9.9991E-05 0.558513 0.0708954 0.0633267
9.9973E-05 0.117091 0.0244062 0.424596 9.9973E-05 0.241796 0.191811 9.9973E-05
0.0303008 0.0714679 9.99734E-05 0.357897 0.0364657 0.503569 9.99734E-05 9.99734E-05
0.0871973 9.9973E-05 0.166127 0.651104 9.9973E-05 0.0691962 9.9973E-05 0.026075
0.800172 9.9964E-05 9.9964E-05 9.9964E-05 0.0205271 9.9964E-05 0.141306 0.0375952
0.818299 9.9964E-05 9.9964E-05 9.9964E-05 0.0278536 0.0639665 0.089481 9.9964E-05
0.95805 0.0413506 9.9946E-05 9.9946E-05 9.9946E-05 9.9946E-05 9.9946E-05 9.9946E-05
0.854798 0.00980735 9.9973E-05 0.0290989 9.9973E-05 9.9973E-05 0.0274235 0.0785727
0.839199 9.9973E-05 9.9973E-05 0.0171008 0.0373607 0.00537671 0.100663 9.9973E-05
0.881247 9.9955E-05 9.9955E-05 9.9955E-05 0.0607299 0.0575232 9.9955E-05 9.9955E-05
9.9973E-05 0.00574853 9.9973E-05 0.005982 0.0143998 0.105471 9.9973E-05 0.868099
0.0209207 9.9973E-05 0.0443737 9.9973E-05 0.0375797 0.0886365 9.9973E-05 0.808189
9.9973E-05 0.0158391 0.075456 9.9973E-05 0.0775434 0.0947829 9.9973E-05 0.736079
9.9955E-05 9.9955E-05 0.124744 9.9955E-05 0.141791 9.9955E-05 9.9955E-05 0.732966
9.9973E-05 9.9973E-05 0.0121524 9.9973E-05 0.0805708 0.102608 0.0392068 0.765162
0.438098 9.9973E-05 0.115651 0.0375754 9.9973E-05 9.9973E-05 0.0590448 0.349331
0.360842 0.0745566 9.9973E-05 0.090157 9.9973E-05 9.9973E-05 0.00212366 0.472021
0.408284 0.0716575 9.9964E-05 0.0929852 9.9964E-05 9.9964E-05 9.9964E-05 0.426674
0.00289225 9.9973E-05 0.045251 9.9973E-05 0.0155034 0.149552 9.9973E-05 0.786501
0.493413 0.0904378 9.9973E-05 0.0454382 9.9973E-05 9.9973E-05 0.0312588 0.339152
0.00150615 0.0891442 9.9982E-05 9.9982E-05 0.352166 0.261923 0.143098 0.151963
9.9973E-05 0.10478 9.9973E-05 0.0226114 0.205573 0.513141 9.9973E-05 0.153595
9.9955E-05 9.9955E-05 9.9955E-05 9.9955E-05 0.304476 0.487417 9.9955E-05 0.207607
0.0242159 9.9982E-05 9.9982E-05 0.0545623 0.20274 0.36699 0.137541 0.213751
0.0313805 9.9982E-05 0.0532812 0.170846 0.177678 0.388794 9.9982E-05 0.177821
9.9955E-05 9.9955E-05 9.9955E-05 9.9955E-05 0.329221 9.9955E-05 0.279506 0.390773
0.149987 0.0277663 0.333573 0.0311859 9.9982E-05 0.412585 0.0447021 9.9982E-05
0.0777755 0.152067 0.219071 0.0321611 9.9982E-05 0.351573 0.167152 9.9982E-05
0.181015 0.0750256 0.519611 9.9982E-05 0.0128108 0.140609 9.9982E-05 0.0707286
0.0387866 0.269041 0.21771 0.0430351 0.00702194 0.411793 0.0125125 9.9991E-05
0.029343 0.297812 0.197261 0.16702 9.9973E-05 9.9973E-05 0.308264 9.9973E-05
9.9991E-05 0.0328476 0.10216 0.056328 0.0397485 0.51088 0.137135 0.120801
0.0496193 0.14234 0.312263 9.9982E-05 0.00616484 0.422772 0.0666404 9.9982E-05
0.0439791 9.9973E-05 0.604006 9.9973E-05 9.9973E-05 0.256779 0.0486656 0.0462701
0.059057 0.0237832 0.197951 0.118267 0.0337295 0.458996 9.9991E-05 0.108116
9.9973E-05 0.0814789 0.514802 0.107794 9.9973E-05 0.010328 0.285297 9.9973E-05
0.0821556 0.172403 0.0562008 0.103492 0.0349037 0.46516 0.0855857 9.9991E-05
0.145977 0.0380986 0.30101 9.9973E-05 0.0122251 0.502389 9.9973E-05 9.9973E-05
0.101469 0.062249 0.0628778 0.0993939 0.155801 0.375555 0.0455182 0.0971366
0.127496 0.210945 0.244502 9.9973E-05 9.9973E-05 0.368224 0.0485329 9.9973E-05
0.122237 0.094311 0.228643 0.0574638 0.00317436 0.453277 0.0204072 0.0204867
9.9991E-05 0.126786 0.127603 0.0951011 0.0682017 0.459406 0.0697934 0.053008
0.0396382 0.132616 0.087329 0.143549 9.9982E-05 0.50812 0.0885482 9.9982E-05
0.0723682 0.131318 0.0755864 9.9982E-05 0.0825172 0.607826 0.030184 9.9982E-05
9.9964E-05 0.159362 0.133545 9.9964E-05 9.9964E-05 0.529134 9.9964E-05 0.177559
0.0120441 9.9991E-05 0.188896 0.0631853 0.0263763 0.547111 0.0803397 0.0819472
9.9955E-05 9.9955E-05 9.9955E-05 9.9955E-05 0.0933058 0.141414 9.9955E-05 0.764781
9.9973E-05 9.9973E-05 9.9973E-05 0.0338424 0.0302413 0.10484 0.00384115 0.826935
0.0586022 0.0671249 9.9991E-05 0.0188565 0.0260803 0.0668433 0.0124145 0.749978
0.0309407 0.0320247 9.9973E-05 0.0878088 0.0397986 9.9973E-05 9.9973E-05 0.809127
9.9955E-05 0.00472755 9.9955E-05 9.9955E-05 9.9955E-05 0.142897 9.9955E-05 0.851876
0.10894 9.9982E-05 0.707802 0.0126074 0.0288223 0.12175 9.9982E-05 0.0198783
9.9982E-05 0.129415 0.228715 0.0949378 0.0917356 0.409887 9.9982E-05 0.0451102
9.9991E-05 0.0415694 0.0465658 0.0180366 0.178751 0.39906 0.13258 0.183337
0.0285329 0.0232641 0.173477 9.9991E-05 0.0840918 0.63074 0.0439625 0.0158311
0.0843087 0.0205072 0.251603 0.129406 9.9982E-05 0.458 9.9982E-05 0.0559743
0.118614 0.12299 0.317 9.9982E-05 0.0511636 0.246773 0.143259 9.9982E-05
0.0985257 9.9964E-05 0.654273 9.9964E-05 9.9964E-05 9.9964E-05 0.117266 0.129535
0.176395 9.9973E-05 0.299525 0.0709053 0.0701961 0.382678 9.9973E-05 9.9973E-05
0.286696 0.142842 0.368019 9.9982E-05 0.0454023 0.0931483 9.9982E-05 0.063693
0.0690647 0.079831 0.194047 0.068932 0.0256264 0.434573 0.0879276 0.0399985
0.149748 0.105371 0.542287 0.0186085 9.9982E-05 0.0328383 9.9982E-05 0.150948
0.0972649 0.0137727 0.180135 0.045138 0.0159185 0.554101 9.9991E-05 0.0935705
0.166956 0.0601488 0.561389 9.9973E-05 9.9973E-05 0.146787 9.9973E-05 0.0644196
0.0189563 0.119656 0.379875 9.9982E-05 0.0982851 0.274254 0.108773 9.9982E-05
0.00473949 0.0743053 0.157283 9.9991E-05 0.0391437 0.495074 0.211051 0.0183028
0.0420282 0.0953576 0.0495653 9.9973E-05 9.9973E-05 0.334233 0.478516 9.9973E-05
0.0739276 9.9973E-05 9.9973E-05 0.0827044 9.9973E-05 0.497858 0.270938 0.0742717
9.9991E-05 0.0239165 0.191682 0.00896044 0.123748 0.464791 0.12229 0.0645121
0.0806545 0.0489678 0.0225261 0.0540409 9.9982E-05 0.328023 0.465588 9.9982E-05
0.0364456 0.0573768 0.162145 0.109271 0.00621487 0.472893 0.0416791 0.113975
0.0700886 0.0366691 9.9991E-05 0.122103 0.0136131 0.526834 0.202 0.0285925
0.110218 0.162659 9.9973E-05 0.126088 9.9973E-05 0.0888102 0.511925 9.9973E-05
0.0774552 0.0394137 9.9973E-05 0.0435708 9.9973E-05 0.273555 0.565705 9.9973E-05
0.103229 0.0130619 9.9964E-05 9.9964E-05 9.9964E-05 0.48898 0.394329 9.9964E-05
0.124059 0.0706627 9.9973E-05 0.190619 9.9973E-05 0.160016 0.454344 9.9973E-05
0.0718042 9.9973E-05 0.106202 0.00850963 9.9973E-05 0.496621 0.316564 9.9973E-05
0.157207 9.9973E-05 0.616111 0.162274 9.9973E-05 0.0372096 9.9973E-05 0.0268978
0.0599467 0.231245 0.38816 0.0943829 0.0178396 0.174026 0.0342993 9.9991E-05
0.15255 9.9982E-05 0.42944 0.0943536 0.0265903 0.263168 9.9982E-05 0.0336982
9.9964E-05 9.9964E-05 0.302577 9.9964E-05 0.0457198 0.537968 0.113335 9.9964E-05
0.140104 9.9973E-05 0.492509 0.115209 9.9973E-05 0.21702 0.034858 9.9973E-05
0.0928513 0.123831 0.181349 0.0528138 0.0723074 0.416645 0.0434778 0.016725
0.011385 0.0400141 0.23884 0.024885 0.137372 0.490302 0.0289817 0.0282204
0.0769972 0.0266001 0.298852 0.0364714 0.0971063 0.380283 0.0438505 0.03984
0.0903292 0.0694558 0.220751 9.9982E-05 0.0485194 0.502043 9.9982E-05 0.0687016
0.229591 9.9982E-05 0.107596 0.141347 0.12663 0.371295 9.9982E-05 0.0233399
0.12172 9.9973E-05 0.553483 0.131455 0.0931253 0.0999172 9.9973E-05 9.9973E-05
0.208945 0.116701 0.309586 0.0608975 0.12047 0.1832 9.9982E-05 9.9982E-05
0.0770549 0.0290155 0.229064 0.0481231 0.114641 0.477936 0.0240654 9.9991E-05
0.0412001 0.0760458 0.231775 0.000766092 0.0663826 0.519527 0.040064 0.0242394
0.0833922 0.100194 0.293863 0.00926909 9.9991E-05 0.424226 0.0404984 0.0484572
0.0523651 0.0926635 0.346348 9.9982E-05 0.113599 0.349152 0.045672 9.9982E-05
0.08065 9.9982E-05 0.4139 9.9982E-05 0.0424863 0.323231 0.0435035 0.0960294
0.106274 0.031209 0.176594 0.0150198 0.00448498 0.60999 0.0563286 9.9991E-05
0.132591 0.0180135 0.296295 9.9973E-05 0.123814 0.428987 9.9973E-05 9.9973E-05
0.047887 0.115447 0.231759 0.00684851 0.129838 0.423693 9.9991E-05 0.0444279
0.0395896 9.9982E-05 9.9982E-05 0.0274435 0.128829 0.450479 0.0415217 0.311936
9.9982E-05 0.0155159 9.9982E-05 0.10573 0.237347 0.440047 0.0927815 0.108379
0.0438614 0.0818345 0.0559056 0.0792007 0.0451882 0.475764 0.00626318 0.211983
9.9991E-05 0.0525961 0.11485 0.0346427 0.0605597 0.562672 0.0964503 0.0781286
9.9982E-05 0.00059804 0.0322017 9.9982E-05 0.249588 0.461416 0.0954347 0.160561
9.9964E-05 0.129641 0.437618 9.9964E-05 9.9964E-05 0.414195 0.0181466 9.9964E-05
9.9991E-05 0.00137605 0.0643651 0.0571801 0.159959 0.511633 0.0749907 0.130396
9.9973E-05 9.9973E-05 0.110349 0.115517 0.148566 9.9973E-05 0.41942 0.205848
0.0158754 0.0214607 0.166548 0.0447517 0.178745 0.446443 0.00313476 0.123042
0.0509828 0.0700546 0.0198696 9.9991E-05 0.233346 0.433331 0.0759246 0.116392
9.9973E-05 0.0135356 0.282604 0.0707006 0.286667 0.346193 9.9973E-05 9.9973E-05
9.9982E-05 9.9982E-05 0.103051 0.067291 0.144772 0.304889 0.227664 0.152133
9.9982E-05 0.0439767 0.0689949 9.9982E-05 0.164273 0.473727 0.0361614 0.212666
9.9973E-05 0.0774942 9.9973E-05 9.9973E-05 0.149126 0.532937 0.119132 0.12101
9.9955E-05 9.9955E-05 9.9955E-05 9.9955E-05 0.230149 9.9955E-05 0.345475 0.423876
9.9982E-05 9.9982E-05 0.00884468 0.0044935 0.178833 0.511689 0.124469 0.17147
9.9991E-05 0.0356409 0.056398 0.0371375 0.24258 0.454373 0.0751507 0.0986193
9.9991E-05 0.0698013 0.0339173 0.123228 0.123968 0.482162 0.00721301 0.159611
9.9973E-05 9.9973E-05 0.0404243 9.9973E-05 0.219328 0.532525 0.020056 0.187367
0.0296646 9.9991E-05 0.0564797 0.0130643 0.11976 0.521145 0.100341 0.159445
0.0682444 0.338327 9.9982E-05 0.0314561 0.0608794 0.458734 9.9982E-05 0.0421588
0.0154617 0.198731 0.0446705 0.0455339 0.0777869 0.529868 0.00414086 0.0838079
9.9964E-05 0.771926 0.12139 0.0875315 9.9964E-05 9.9964E-05 0.0187521 9.9964E-05
0.0324348 0.951902 9.9955E-05 9.9955E-05 9.9955E-05 9.9955E-05 0.0151638 9.9955E-05
9.9982E-05 0.353395 0.110659 0.0446889 0.133021 0.34072 9.9982E-05 0.017316
9.9982E-05 0.124093 0.0278135 9.9982E-05 0.334059 0.321598 0.10507 0.087166
9.9973E-05 0.259512 9.9973E-05 9.9973E-05 0.411579 0.216016 0.0230656 0.0895278
9.9982E-05 0.202836 0.0359244 9.9982E-05 0.343909 0.0998861 0.171217 0.146027
9.9982E-05 0.192878 0.104033 9.9982E-05 0.317881 0.213735 0.061529 0.109743
9.9973E-05 0.668105 9.9973E-05 9.9973E-05 0.0882078 0.0237172 0.128847 0.0908236
9.9973E-05 0.692968 9.9973E-05 9.9973E-05 0.10296 0.081917 0.0268351 0.0950206
0.00811922 0.356708 9.9991E-05 0.00668494 0.107734 0.483496 0.00932264 0.0278355
9.9964E-05 0.454831 9.9964E-05 9.9964E-05 0.147838 0.36465 9.9964E-05 0.0322816
9.9964E-05 0.704333 9.9964E-05 9.9964E-05 0.0814153 0.125019 9.9964E-05 0.0888326
0.0148771 0.27076 0.0366218 0.00501191 0.0986668 0.493987 9.9991E-05 0.0799755
9.9964E-05 0.428942 9.9964E-05 9.9964E-05 0.114891 0.395509 9.9964E-05 0.0602584
0.117944 0.0973328 0.00563793 0.139251 0.241445 0.326378 9.9991E-05 0.0719118
0.00925382 0.628289 0.0671623 9.9964E-05 9.9964E-05 0.294895 9.9964E-05 9.9964E-05
9.9973E-05 0.522537 0.142825 0.0917002 0.0467765 0.195861 9.9973E-05 9.9973E-05
0.0485914 0.276769 0.0580105 0.0352251 0.0248972 0.51708 9.9991E-05 0.039327
0.152284 0.408603 9.9964E-05 9.9964E-05 9.9964E-05 0.356833 9.9964E-05 0.0818806
0.0048218 0.141004 0.076352 0.0383626 0.0850204 0.453514 0.142755 0.0581704
9.9982E-05 0.399661 0.0449533 9.9982E-05 0.00203859 0.41512 0.0973846 0.0406422
0.0576882 0.767174 0.00337173 9.9964E-05 9.9964E-05 0.171366 9.9964E-05 9.9964E-05
9.9973E-05 0.397226 9.9973E-05 0.0267451 0.0768946 0.471188 9.9973E-05 0.0276462
9.9955E-05 0.717793 9.9955E-05 0.0568127 9.9955E-05 0.224895 9.9955E-05 9.9955E-05
0.00964722 0.580475 9.9964E-05 9.9964E-05 0.0291956 0.380282 9.9964E-05 9.9964E-05
9.9973E-05 0.330836 0.0540658 0.0128873 9.9973E-05 0.543989 9.9973E-05 0.0579224
0.017036 0.331621 0.0379311 0.121869 9.9973E-05 0.491243 9.9973E-05 9.9973E-05
0.0204861 9.9991E-05 0.0791892 0.0393042 0.241573 0.397117 0.0972484 0.124983
0.0391026 0.125346 0.00539284 0.0507499 0.145723 0.407364 0.0994651 0.126857
0.0364876 0.0615003 0.0903611 9.9991E-05 0.289402 0.304597 0.110063 0.10749
0.0286548 0.0648842 0.10894 9.9991E-05 0.230137 0.239565 0.169931 0.157789
0.125058 0.0365716 0.0261364 9.9982E-05 0.101105 0.444963 9.9982E-05 0.265966
0.0614116 0.13044 0.144722 9.9991E-05 0.164231 0.342292 0.0570283 0.0997754
9.9964E-05 0.570586 9.9964E-05 9.9964E-05 0.113536 9.9964E-05 0.160406 0.155072
0.0353177 0.0887086 9.9982E-05 9.9982E-05 0.217474 0.579381 0.0262123 0.0527061
9.9964E-05 0.35989 9.9964E-05 9.9964E-05 0.0689304 9.9964E-05 0.185202 0.385577
9.9964E-05 0.341888 9.9964E-05 9.9964E-05 0.155917 0.42611 9.9964E-05 0.0756861
9.9955E-05 0.791235 9.9955E-05 0.185414 9.9955E-05 0.0228511 9.9955E-05 9.9955E-05
9.9955E-05 0.897677 0.00861898 0.0932039 9.9955E-05 9.9955E-05 9.9955E-05 9.9955E-05
9.9964E-05 0.471223 0.0393432 0.0483842 9.9964E-05 0.440649 9.9964E-05 9.9964E-05
9.9955E-05 0.384658 9.9955E-05 9.9955E-05 9.9955E-05 0.588279 9.9955E-05 0.0265633
9.9964E-05 0.595111 0.0637528 0.0266672 9.9964E-05 0.31407 9.9964E-05 9.9964E-05
9.9955E-05 0.504611 9.9955E-05 0.0527106 9.9955E-05 0.442178 9.9955E-05 9.9955E-05
9.9946E-05 0.487032 9.9946E-05 9.9946E-05 9.9946E-05 0.512368 9.9946E-05 9.9946E-05
9.9973E-05 0.104852 0.0197444 9.9973E-05 0.0215477 0.0758496 9.9973E-05 0.777706
0.121027 0.0306423 0.0399965 9.9973E-05 0.139356 9.9973E-05 9.9973E-05 0.668679
0.0122001 9.9964E-05 0.0251644 9.9964E-05 0.0654434 9.9964E-05 9.9964E-05 0.896792
9.9964E-05 0.000435142 9.9964E-05 9.9964E-05 9.9964E-05 0.0632122 0.00440801 0.931545
0.076019 0.132038 0.0172844 0.248172 0.0245981 0.46155 9.9991E-05 0.0402387
9.9982E-05 0.0881858 0.180898 0.28201 0.00824381 0.395214 9.9982E-05 0.0452494
9.9955E-05 9.9955E-05 0.18776 0.340969 9.9955E-05 0.470772 9.9955E-05 9.9955E-05
9.9973E-05 9.9973E-05 9.9973E-05 0.33961 0.0472494 0.509537 0.0169412 0.0863624
0.0970448 9.9982E-05 0.067973 0.208238 9.9982E-05 0.512055 0.0674885 0.0470004
0.0159821 0.0600147 0.172197 0.554117 0.033852 0.130153 0.0335839 9.9991E-05
0.00434006 0.0542448 0.021575 0.277131 0.0653262 0.577183 9.9982E-05 9.9982E-05
9.9964E-05 0.0685376 9.9964E-05 0.563435 9.9964E-05 0.287761 0.0798668 9.9964E-05
0.0471595 0.0298846 0.0887407 9.9982E-05 0.156655 0.446684 9.9982E-05 0.230676
0.0234751 0.176824 0.0306516 0.277969 0.0202444 0.417622 0.0531133 9.9991E-05
0.077107 9.9973E-05 0.104613 0.536262 9.9973E-05 0.26574 0.0159776 9.9973E-05
9.9973E-05 0.136563 0.00139537 0.337666 9.9973E-05 0.503675 9.9973E-05 0.0204014
9.9973E-05 0.0469518 0.0948036 0.46526 9.9973E-05 0.359025 9.9973E-05 0.0336599
0.020931 0.0443188 9.9964E-05 0.358188 9.9964E-05 0.576162 9.9964E-05 9.9964E-05
0.0896977 0.0422638 9.9982E-05 0.287301 9.9982E-05 0.535693 0.0175064 0.0273383
9.9964E-05 0.0952831 9.9964E-05 0.844773 9.9964E-05 0.0459351 0.0136087 9.9964E-05
9.9991E-05 0.116503 0.00716853 0.578281 0.0518271 0.187666 0.0176578 0.0407965
0.0346565 0.128732 9.9982E-05 0.52215 0.0139921 0.238728 9.9982E-05 0.061542
9.9946E-05 9.9946E-05 9.9946E-05 0.882892 9.9946E-05 9.9946E-05 0.116508 9.9946E-05
0.0711152 0.00715264 0.0442331 0.405721 9.9991E-05 0.347389 0.0436416 0.0806475
0.00359893 0.00806203 0.0309876 0.52781 9.9982E-05 0.0857039 0.343638 9.9982E-05
9.9955E-05 0.135186 9.9955E-05 0.698588 9.9955E-05 9.9955E-05 0.165727 9.9955E-05
0.0365131 0.0586194 9.9982E-05 0.271024 0.00489846 0.570963 9.9982E-05 0.0577821
9.9973E-05 9.9973E-05 0.186526 0.572683 0.00172581 0.176425 9.9973E-05 0.0623396
0.0909199 9.9982E-05 0.0222816 0.33516 0.0422265 0.424424 0.0847879 9.9982E-05
0.0210216 9.9982E-05 9.9982E-05 0.201335 0.0492723 0.570299 0.0259651 0.131907
0.012518 9.9982E-05 0.123434 0.361504 0.0230658 0.476581 9.9982E-05 0.00269674
0.0402068 0.0804942 0.353501 0.00456307 9.9982E-05 0.383528 0.137507 9.9982E-05
0.0610472 0.0983944 0.021699 0.270776 0.057866 0.454034 9.9991E-05 0.0360833
0.012972 9.9982E-05 0.185155 0.302682 9.9982E-05 0.442645 0.0193542 0.0369919
9.9964E-05 0.0547331 9.9964E-05 0.615546 9.9964E-05 0.262371 0.0669508 9.9964E-05
0.0621648 0.150638 9.9982E-05 0.181294 0.042895 0.515859 9.9982E-05 0.046949
0.174102 9.9964E-05 0.133539 9.9964E-05 9.9964E-05 9.9964E-05 0.0657963 0.626162
0.0443133 9.9982E-05 0.0707064 0.0877855 0.0232297 9.9982E-05 0.0289678 0.744797
0.0658428 9.9964E-05 0.0709336 9.9964E-05 9.9964E-05 9.9964E-05 0.0560046 0.806819
0.148308 0.0142071 9.9973E-05 0.0107067 9.9973E-05 9.9973E-05 0.0521522 0.774326
0.140949 9.9982E-05 0.0189946 0.0313943 9.9982E-05 0.0194271 0.0641692 0.724866
0.0256264 9.9973E-05 0.230388 0.640345 9.9973E-05 0.0755806 9.9973E-05 0.0277603
0.0825857 0.0714412 0.066381 0.618267 9.9982E-05 0.114573 9.9982E-05 0.0465525
9.9964E-05 9.9964E-05 9.9964E-05 0.768325 0.0211581 0.13103 0.0790868 9.9964E-05
0.0344647 0.071102 0.049508 0.132244 0.140322 0.446665 0.0961487 0.0295452
0.127597 0.133063 0.000854808 0.108186 0.090011 0.509367 9.9991E-05 0.0308209
9.9973E-05 0.0265586 9.9973E-05 0.60243 9.9973E-05 0.315446 0.0455398 0.0097253
9.9964E-05 0.0284149 9.9964E-05 0.327393 0.109126 0.534666 9.9964E-05 9.9964E-05
9.9973E-05 9.9973E-05 9.9973E-05 0.492614 0.0549398 0.356904 0.0186154 0.0766266
9.9982E-05 0.0206163 0.0939245 0.305424 9.9982E-05 0.506838 0.0540442 0.0189534
0.0650059 0.0130612 9.9982E-05 0.171524 0.000197935 0.690815 9.9982E-05 0.0591957
0.0668236 0.0500917 0.0654916 0.599829 0.0498421 0.167722 9.9982E-05 9.9982E-05
9.9955E-05 9.9955E-05 0.0744545 0.613246 9.9955E-05 0.311799 9.9955E-05 9.9955E-05
0.0958456 9.9964E-05 0.0915001 0.518196 9.9964E-05 0.294058 9.9964E-05 9.9964E-05
9.9973E-05 9.9973E-05 0.0394174 0.0370566 9.9973E-05 0.652442 0.193974 0.0768098
0.0257329 9.9973E-05 0.0402101 0.555194 9.9973E-05 0.366827 9.9973E-05 0.0117365
0.0202414 0.0943251 0.0512691 0.404603 9.9982E-05 0.416918 9.9982E-05 0.0124436
0.0795031 9.9982E-05 9.9982E-05 0.0183624 0.40618 0.428163 0.038791 0.0288008
9.9991E-05 0.0598578 0.0446679 0.0227525 0.47542 0.236382 0.0696936 0.0911263
9.9973E-05 0.0427655 9.9973E-05 9.9973E-05 0.385705 0.452017 0.00560934 0.113603
9.9964E-05 9.9964E-05 9.9964E-05 9.9964E-05 0.482995 0.34302 0.0418229 0.131763
9.9982E-05 0.00175295 0.0352081 9.9982E-05 0.262328 0.473503 0.103337 0.123671
9.9982E-05 9.9982E-05 0.0171546 0.24568 0.0680799 0.442408 0.211259 0.0152179
9.9964E-05 9.9964E-05 9.9964E-05 9.9964E-05 0.643715 0.0291727 0.06998 0.256732
9.9982E-05 0.0162775 9.9982E-05 0.0709626 0.457833 0.259915 0.0104964 0.184316
9.9973E-05 9.9973E-05 9.9973E-05 0.109995 0.198464 0.321556 0.243081 0.126603
0.0364335 0.0158868 9.9982E-05 0.0155699 9.9982E-05 0.548976 0.305576 0.0773579
0.0380336 9.9982E-05 0.133273 9.9982E-05 0.0156566 0.416009 0.347028 0.0497994
0.0516412 9.9973E-05 9.9973E-05 9.9973E-05 0.0145996 0.621404 0.234449 0.0776067
0.030815 0.00567762 0.0640757 0.0935687 0.0435271 0.585338 0.106113 0.0708854
9.9955E-05 9.9955E-05 9.9955E-05 9.9955E-05 0.420363 0.389504 9.9955E-05 0.189634
9.9973E-05 9.9973E-05 0.0334514 9.9973E-05 0.411232 0.387764 0.0601064 0.107146
9.9973E-05 0.0055171 9.9973E-05 9.9973E-05 0.4442 0.394308 0.107596 0.0480789
0.0553772 0.0157205 9.9973E-05 9.9973E-05 0.342746 0.465271 9.9973E-05 0.120585
9.9964E-05 9.9964E-05 0.119491 9.9964E-05 0.503452 0.242132 9.9964E-05 0.134524
0.0881052 9.9982E-05 0.0315375 0.0346423 0.267086 0.44528 9.9982E-05 0.133149
9.9964E-05 0.0768814 9.9964E-05 9.9964E-05 0.506045 0.229401 9.9964E-05 0.187273
9.9991E-05 0.063945 0.0430217 0.0529118 0.362681 0.385135 0.00690433 0.0853013
9.9982E-05 9.9982E-05 0.0029467 0.0473234 0.0103985 0.561297 0.357395 0.0204401
0.0397342 9.9982E-05 9.9982E-05 0.0696779 0.306203 0.393443 0.0384173 0.152324
9.9964E-05 9.9964E-05 9.9964E-05 9.9964E-05 0.604055 0.19183 0.0535457 0.15017
0.129531 0.0431389 9.9991E-05 0.0186009 0.381313 0.333103 0.0802176 0.0139951
0.179944 9.9982E-05 0.143192 0.077241 9.9982E-05 0.177437 0.324222 0.0977639
9.9964E-05 9.9964E-05 0.135667 9.9964E-05 0.136937 0.433987 0.293009 9.9964E-05
0.100154 9.9973E-05 9.9973E-05 9.9973E-05 0.312569 0.350313 0.100611 0.136054
0.0330675 9.9982E-05 0.0663694 9.9982E-05 0.0245536 0.637472 0.13076 0.107578
0.0650607 9.9982E-05 0.0234196 0.0503707 9.9982E-05 0.483983 0.265758 0.111208
0.0494694 0.0530998 9.9991E-05 0.166808 0.135689 0.376965 0.0124085 0.205461
9.9973E-05 0.147028 9.9973E-05 9.9973E-05 0.263029 0.329545 0.0937116 0.166386
0.00289253 9.9982E-05 0.032965 9.9982E-05 0.0741659 0.647826 0.154968 0.086982
0.0102871 9.9982E-05 0.109464 9.9982E-05 0.397529 0.34131 0.054527 0.0866833
0.032005 0.0978573 9.9982E-05 9.9982E-05 0.426019 0.357356 0.0178474 0.0687157
9.9964E-05 9.9964E-05 9.9964E-05 9.9964E-05 0.613915 0.145038 0.0800594 0.160589
0.0419278 0.0662207 0.014903 0.00411704 9.9991E-05 0.618595 0.18341 0.0707265
0.0559956 9.9982E-05 0.0306441 0.0125954 9.9982E-05 0.433507 0.380701 0.0863564
0.0238725 0.055169 9.9982E-05 9.9982E-05 0.0755721 0.137125 0.666448 0.0416136
0.0315621 9.9991E-05 0.0778998 0.0321304 0.00640633 0.642917 0.0645442 0.144441
0.137505 0.0357624 0.164483 0.0622586 0.0748517 0.386419 0.046195 0.0925259
9.9973E-05 9.9973E-05 9.9973E-05 0.125646 0.157247 0.348989 0.205233 0.162584
0.0815821 0.0677823 0.10396 9.9991E-05 0.0139531 0.481736 0.146075 0.104811
9.9955E-05 9.9955E-05 9.9955E-05 9.9955E-05 0.239315 9.9955E-05 0.536544 0.223641
9.9955E-05 9.9955E-05 9.9955E-05 9.9955E-05 0.101576 9.9955E-05 0.634022 0.263902
