0.80655 0.0690046 9.9964E-05 0.0699069 9.9964E-05 0.00989213 9.9964E-05 9.9964E-05 0.0045481 0.0396983
0.898141 9.9955E-05 0.0286545 0.00776777 9.9955E-05 9.9955E-05 0.0589352 9.9955E-05 9.9955E-05 0.00600154
0.708273 0.0327406 9.9955E-05 0.0209493 9.9955E-05 0.0893985 9.9955E-05 0.148139 9.9955E-05 9.9955E-05
0.768001 0.0335742 9.9964E-05 0.0559944 0.0297971 9.9964E-05 9.9964E-05 0.0784414 9.9964E-05 0.0337922
0.836174 9.9955E-05 9.9955E-05 0.0148081 9.9955E-05 9.9955E-05 0.0511507 0.0535909 9.9955E-05 0.0437768
0.564223 0.0349125 9.9964E-05 0.0320435 0.0707338 9.9964E-05 9.9964E-05 9.9964E-05 0.224596 0.0730904
0.772353 0.0350907 9.9946E-05 9.9946E-05 0.00692466 9.9946E-05 9.9946E-05 9.9946E-05 0.185032 9.9946E-05
0.683449 0.038307 9.9964E-05 0.0238453 0.000428818 9.9964E-05 9.9964E-05 9.9964E-05 0.247187 0.00638326
0.80162 0.00282325 0.077754 0.0719816 0.00724697 0.0381743 9.99639E-05 9.99639E-05 9.99639E-05 9.99639E-05
0.659483 0.0323407 9.9973E-05 0.00298164 9.9973E-05 9.9973E-05 0.0820592 0.0150346 0.163082 0.0447183
0.67901 0.0277399 9.9946E-05 0.0868102 9.9946E-05 9.9946E-05 9.9946E-05 9.9946E-05 0.20584 9.9946E-05
0.0113036 9.9964E-05 0.0223298 9.9964E-05 0.774928 9.9964E-05 9.9964E-05 0.117743 0.0167052 0.0565906
9.9973E-05 0.00332065 0.027838 0.0375105 0.393646 9.9973E-05 0.016646 0.472692 9.9973E-05 0.0480469
0.0125401 0.0463312 9.9991E-05 0.0284914 0.610463 0.0180087 0.0159849 0.158061 0.0465755 0.0634433
9.9946E-05 9.9946E-05 9.9946E-05 9.9946E-05 0.638322 0.0413069 9.9946E-05 0.116584 9.9946E-05 0.203187
0.0172733 0.0419021 0.0360438 0.0108155 0.354377 9.9991E-05 0.0227304 0.214557 0.109002 0.193198
9.9964E-05 9.9964E-05 9.9964E-05 0.00617402 0.261873 9.9964E-05 0.0240859 0.571165 0.0579754 0.0783268
9.99549E-05 0.0025886 9.99549E-05 9.99549E-05 0.455015 9.99549E-05 9.99549E-05 0.283893 0.137866 0.120138
0.111685 0.00779778 9.9964E-05 9.9964E-05 0.521371 0.0104253 9.9964E-05 0.276016 9.9964E-05 0.0723049
0.00487103 0.0163972 9.9964E-05 9.9964E-05 0.816944 0.000666675 9.9964E-05 9.9964E-05 0.138396 0.022325
9.9973E-05 0.036599 0.174338 0.0785185 0.349724 0.0465823 9.9973E-05 0.267048 9.9973E-05 0.0468906
9.999E-05 0.0344021 0.0157621 0.017418 0.215433 0.127702 0.108984 0.404937 0.0444237 0.030839
0.0561643 9.9982E-05 0.0653146 0.0468767 0.252243 9.9982E-05 0.0300022 0.485916 0.0393354 0.023948
9.9955E-05 0.00386385 9.9955E-05 9.9955E-05 0.6633 9.9955E-05 9.9955E-05 0.129326 0.0774947 0.125516
0.0458791 0.00347236 0.10572 0.105848 0.0376775 9.9982E-05 9.9982E-05 0.427287 0.104138 0.169777
9.9973E-05 0.0537992 9.9973E-05 0.0276922 0.427192 0.0345281 9.9973E-05 0.394287 0.00369125 0.0585101
0.0231237 0.00772308 9.9955E-05 9.9955E-05 0.742395 9.9955E-05 9.9955E-05 9.9955E-05 0.0726862 0.153572
9.9955E-05 9.9955E-05 9.9955E-05 9.9955E-05 0.754973 0.043652 9.9955E-05 0.0424409 0.0164321 0.142002
0.0127285 9.9964E-05 9.9964E-05 9.9964E-05 0.755335 0.00694014 9.9964E-05 0.114239 0.106113 0.00424481
9.99201E-05 0.999101 9.99201E-05 9.99201E-05 9.99201E-05 9.99201E-05 9.99201E-05 9.99201E-05 9.99201E-05 9.99201E-05
9.99201E-05 0.999101 9.99201E-05 9.99201E-05 9.99201E-05 9.99201E-05 9.99201E-05 9.99201E-05 9.99201E-05 9.99201E-05
0.517615 0.329718 9.9946E-05 9.9946E-05 9.9946E-05 9.9946E-05 9.9946E-05 0.137112 9.9946E-05 0.0149546
0.396906 0.303751 0.0751086 0.00689733 9.9973E-05 0.082369 9.9973E-05 0.042356 9.9973E-05 0.0923125
0.0659325 0.0120462 0.204232 9.9982E-05 0.0384209 9.9982E-05 0.159366 0.452319 0.048754 0.0187296
0.104601 0.0340713 0.19955 9.9973E-05 0.0982781 9.9973E-05 9.9973E-05 0.491683 0.0310037 0.0405138
9.9955E-05 9.9955E-05 0.417536 9.9955E-05 9.9955E-05 9.9955E-05 0.0435172 0.49925 0.0156192 0.023578
0.0934381 0.0252687 0.0820839 0.0966166 0.638851 0.0106607 9.9973E-05 0.0527814 9.9973E-05 9.9973E-05
9.9955E-05 0.0293288 0.66761 0.0132672 9.9955E-05 9.9955E-05 9.9955E-05 0.257766 9.9955E-05 0.0315286
0.0281712 9.9991E-05 0.236861 0.0566757 0.130443 0.0244716 0.0247473 0.357179 0.0606168 0.0807344
9.9964E-05 0.000833928 0.211384 9.9964E-05 9.9964E-05 0.0268326 0.0480966 0.67231 0.0401438 9.9964E-05
0.0430765 9.9955E-05 0.0691301 0.0406951 9.9955E-05 9.9955E-05 9.9955E-05 0.477869 0.368729 9.9955E-05
0.0471187 0.0544901 0.0936635 0.0269052 0.0646629 9.9973E-05 9.9973E-05 0.596267 0.116592 9.9973E-05
0.0142352 0.0147429 0.580367 0.0056888 0.238657 0.0261108 9.9973E-05 0.119898 9.9973E-05 9.9973E-05
9.9964E-05 9.9964E-05 9.9964E-05 0.0546379 0.112323 0.0687107 9.9964E-05 0.434012 0.24932 0.0805963
0.0478902 0.0559918 0.227315 0.000915037 9.9982E-05 9.9982E-05 0.0738333 0.548747 0.0341314 0.010977
9.9973E-05 0.0196681 0.135751 9.9973E-05 0.0832343 0.0415662 9.9973E-05 0.471201 0.0892949 0.158985
9.9955E-05 9.9955E-05 0.585708 0.00406485 9.9955E-05 0.0378224 0.0316982 0.340207 9.9955E-05 9.9955E-05
0.0540666 0.0127041 0.208572 0.0422422 0.0692605 0.0171472 9.9973E-05 0.595707 9.9973E-05 9.9973E-05
0.0427617 0.0070398 0.238406 9.9982E-05 0.0496932 9.9982E-05 0.0375615 0.370461 0.109145 0.144732
0.0334706 9.9955E-05 0.742744 9.9955E-05 9.9955E-05 0.20651 0.00893484 9.9955E-05 0.00784101 9.9955E-05
9.9982E-05 0.00700927 0.0922125 0.142027 0.439861 0.0525119 0.110544 0.134435 0.0211992 9.9982E-05
9.9964E-05 9.9964E-05 0.209039 0.00898057 0.340148 0.211778 0.158976 9.9964E-05 0.0706798 9.9964E-05
0.0898963 0.0079299 9.9973E-05 0.0501858 0.191211 9.9973E-05 9.9973E-05 0.575933 0.0137927 0.0707519
0.116217 0.0120523 9.9991E-05 0.0597587 0.0470612 0.0498128 0.0637865 0.576956 0.0586938 0.0155615
0.0750152 9.9982E-05 0.13151 9.9982E-05 0.177309 0.050876 0.0293367 0.482419 0.00224136 0.0510933
0.0593693 0.00474698 0.140966 0.143199 0.319149 0.029575 0.130833 0.0919812 0.0800798 9.9991E-05
9.9973E-05 0.0121835 0.0146622 0.143376 0.106564 0.0781688 9.9973E-05 0.574714 0.0700323 9.9973E-05
9.9982E-05 0.0155342 0.0211374 9.9982E-05 0.153176 0.124898 0.0285225 0.497706 0.0709573 0.087869
0.10909 0.0461456 0.137589 9.9973E-05 0.255383 9.9973E-05 0.0419452 0.294119 0.115429 9.9973E-05
0.149991 0.0593997 0.0270105 0.0309288 0.40516 0.104683 0.0863801 0.0646069 0.0717399 9.9991E-05
0.0121076 0.0513481 0.093577 0.0205113 0.206641 9.9982E-05 0.0624912 0.496329 0.0567956 9.9982E-05
9.9973E-05 9.9973E-05 0.00598499 0.0983918 0.292126 0.154852 0.0303557 0.395568 9.9973E-05 0.0224213
0.00101429 0.0531742 0.107906 0.0755946 0.715434 9.9973E-05 0.0359996 9.9973E-05 0.0105775 9.9973E-05
9.9955E-05 0.0231342 9.9955E-05 9.9955E-05 0.413699 0.00501704 0.110421 0.447228 9.9955E-05 9.9955E-05
0.0157992 9.9973E-05 0.00311135 0.0990738 9.9973E-05 0.0638061 0.140322 0.637643 0.039945 9.9973E-05
0.0329739 0.059476 0.0605107 0.0878079 0.0939326 0.0681389 0.0795505 0.512597 0.00491249 9.9991E-05
0.00368127 0.00606675 0.161212 9.9991E-05 0.367177 0.0631482 0.0457893 0.207336 0.0582874 0.0872017
9.9964E-05 0.0207347 0.00840304 9.9964E-05 0.30342 0.107974 0.0901994 0.468869 9.9964E-05 9.9964E-05
9.9973E-05 0.0681492 0.00911471 0.177382 0.0193922 0.0783746 0.0695484 0.577739 9.9973E-05 9.9973E-05
9.9973E-05 0.0883402 0.133512 0.036986 0.554504 0.037049 0.0925254 0.0567839 9.9973E-05 9.9973E-05
9.9955E-05 9.9955E-05 0.43725 0.0221613 0.00279232 0.0255928 9.9955E-05 0.511704 9.9955E-05 9.9955E-05
9.9955E-05 0.0181866 0.628275 9.9955E-05 0.192187 9.9955E-05 9.9955E-05 0.131222 9.9955E-05 0.0296291
0.113091 9.9973E-05 0.16801 0.0228656 0.0698562 0.0274625 0.0452394 0.553176 9.9973E-05 9.9973E-05
0.0531112 9.9991E-05 0.0762434 0.132177 0.0712063 0.0283676 0.056942 0.446778 0.014262 0.120812
0.00688983 9.9964E-05 0.869374 0.0086536 0.00343874 0.0885652 9.9964E-05 9.9964E-05 0.0226786 9.9964E-05
9.9964E-05 9.9964E-05 0.804794 9.9964E-05 0.114493 0.0164746 0.0254998 0.0262358 9.9964E-05 0.0121038
9.9937E-05 9.9937E-05 0.715589 9.9937E-05 0.0159658 9.9937E-05 9.9937E-05 0.267745 9.9937E-05 9.9937E-05
0.0250161 9.9964E-05 0.434778 9.9964E-05 0.0819458 0.00560745 9.9964E-05 0.43492 9.9964E-05 0.017333
0.106201 0.0387346 0.114274 0.0103236 0.138869 9.9973E-05 0.0200149 0.571284 9.9973E-05 9.9973E-05
9.9964E-05 0.0430771 0.371102 0.00979297 0.0630542 0.0333032 9.9964E-05 0.479271 9.9964E-05 9.9964E-05
0.0406276 9.9964E-05 0.586673 0.0327095 0.213671 9.9964E-05 9.9964E-05 0.0753917 9.9964E-05 0.0505271
0.0418189 0.00925549 0.451985 0.151283 0.123738 9.9973E-05 9.9973E-05 0.201897 9.9973E-05 0.0197219
0.0847103 0.0365522 0.189 0.0449483 0.0513741 9.9982E-05 0.0727513 0.481974 9.9982E-05 0.0384896
0.0191174 0.0200632 0.566906 9.9964E-05 0.143867 9.9964E-05 9.9964E-05 0.197841 9.9964E-05 0.0518055
9.9964E-05 0.0406604 0.413565 9.9964E-05 0.0658336 9.9964E-05 9.9964E-05 0.352381 0.11201 0.0151493
9.9946E-05 9.9946E-05 0.567588 9.9946E-05 9.9946E-05 0.00119788 9.9946E-05 0.354737 0.0758776 9.9946E-05
0.0349916 9.9964E-05 0.752156 0.016636 9.9964E-05 0.0435723 0.141136 9.9964E-05 0.011108 9.9964E-05
9.9955E-05 9.9955E-05 0.26448 9.9955E-05 0.0715142 0.0275186 9.9955E-05 0.568561 9.9955E-05 0.0674258
0.744518 0.0411055 9.9964E-05 0.0295523 9.9964E-05 0.0374861 9.9964E-05 0.0976787 9.9964E-05 0.0492597
0.783356 0.0873939 9.9946E-05 9.9946E-05 9.9946E-05 9.9946E-05 9.9946E-05 0.122542 0.00610896 9.9946E-05
0.738314 0.110342 9.9955E-05 9.9955E-05 9.9955E-05 0.0438569 9.9955E-05 0.0965223 9.9955E-05 0.0104644
0.700897 0.119911 0.0138192 9.9955E-05 9.9955E-05 0.1349 9.9955E-05 0.0299729 9.9955E-05 9.9955E-05
0.741629 0.105325 9.9964E-05 9.9964E-05 9.9964E-05 0.0471659 9.9964E-05 0.0468472 0.0214201 0.0372121
0.81226 0.0460565 9.9946E-05 9.9946E-05 9.9946E-05 0.0625666 9.9946E-05 0.0785175 9.9946E-05 9.9946E-05
0.807874 0.0797617 9.9955E-05 9.9955E-05 9.9955E-05 0.0202789 9.9955E-05 0.0832674 9.9955E-05 0.00831817
0.0891978 0.0572922 0.294673 0.0240477 0.0568954 9.9982E-05 9.9982E-05 0.372818 0.0135605 0.0913156
0.0918752 0.0198815 0.177254 0.0133997 0.123927 9.9982E-05 9.9982E-05 0.553031 0.0104611 0.00997012
0.0459537 9.9946E-05 0.689007 9.9946E-05 0.221834 9.9946E-05 9.9946E-05 0.0426055 9.9946E-05 9.9946E-05
0.0404058 0.0465527 0.176673 9.9982E-05 0.125947 9.9982E-05 0.00327575 0.410108 0.155448 0.0413892
9.9964E-05 0.0188589 0.353491 9.9964E-05 0.142856 9.9964E-05 9.9964E-05 0.400106 0.0587817 0.0255065
0.0655475 0.0232938 0.304911 0.0417245 9.9973E-05 0.000175395 9.9973E-05 0.520453 9.9973E-05 0.0435952
0.0577256 0.0228579 0.245859 0.0130354 0.0441735 0.00925736 0.00648292 0.514577 0.0859312 9.9991E-05
0.0143549 9.9955E-05 0.539329 9.9955E-05 9.9955E-05 9.9955E-05 0.0139348 0.359968 9.9955E-05 0.0719137
0.0763405 9.9946E-05 0.749167 0.00437533 0.169518 9.9946E-05 9.9946E-05 9.9946E-05 9.9946E-05 9.9946E-05
0.0868792 0.00761945 0.0618251 0.0572046 0.162913 0.0330399 0.101807 0.488512 9.9982E-05 9.9982E-05
9.9964E-05 0.0217884 0.130561 9.9964E-05 0.139583 9.9964E-05 9.9964E-05 0.516955 0.119107 0.071606
0.0842088 0.00964661 0.0411286 0.0733254 0.0833636 9.9982E-05 0.00360426 0.605396 0.0991266 9.9982E-05
9.9946E-05 9.9946E-05 0.595955 9.9946E-05 9.9946E-05 0.0883755 9.9946E-05 0.291709 0.0233614 9.9946E-05
0.0187486 0.00916857 0.339061 0.0172062 9.9982E-05 0.0161068 0.0592638 0.52091 9.9982E-05 0.0193352
0.0533106 9.9973E-05 0.39386 0.0204312 0.084332 9.9973E-05 9.9973E-05 0.389952 0.0515396 0.00627403
9.9946E-05 9.9946E-05 0.618495 9.9946E-05 9.9946E-05 9.9946E-05 0.026876 0.264272 9.9946E-05 0.0897575
0.0750623 0.00195034 0.39629 0.0676902 9.9955E-05 9.9955E-05 9.9955E-05 0.458507 9.9955E-05 9.9955E-05
0.123232 0.0102256 0.0778826 0.00233107 0.0924226 0.0205202 0.030307 0.621549 0.0171831 0.00434657
9.9964E-05 9.9964E-05 0.0429738 0.135679 0.294833 0.155715 0.158926 0.211473 9.9964E-05 9.9964E-05
0.137289 0.0110349 0.00118611 0.0444647 9.9982E-05 0.104635 0.0621353 0.574346 0.0647096 9.9982E-05
0.0339625 0.0285476 9.9982E-05 0.154389 0.27657 0.0530133 9.9982E-05 0.323448 0.0442167 0.0856539
0.10101 0.0466859 0.124849 0.122521 0.0410097 0.00957832 9.9973E-05 0.554045 9.9973E-05 9.9973E-05
0.0929028 0.0182727 0.0910346 0.100273 0.0398547 0.0163249 0.101115 0.540022 9.9982E-05 9.9982E-05
0.0317585 0.0417999 9.9964E-05 0.0152952 0.453198 9.9964E-05 0.015849 0.4417 9.9964E-05 9.9964E-05
0.0654562 0.0212629 9.9973E-05 0.0791832 0.237627 9.9973E-05 0.0888562 0.505789 0.00152658 9.9973E-05
0.0730188 9.9955E-05 0.0246276 0.102388 0.314806 9.9955E-05 9.9955E-05 0.484659 9.9955E-05 9.9955E-05
9.9964E-05 9.9964E-05 0.112739 0.136857 0.0325003 0.189484 0.00436976 0.523651 9.9964E-05 9.9964E-05
9.9982E-05 0.0623439 0.112593 0.0662936 0.0655559 0.000946005 0.0535152 0.594329 9.9982E-05 0.0442236
9.99781E-05 0.0483765 0.0301008 0.000429049 0.333148 9.99781E-05 0.0643804 0.490231 0.0330338 9.99781E-05
9.9964E-05 9.9964E-05 0.040548 0.126156 0.26572 9.9964E-05 0.00556257 0.553194 0.00841952 9.9964E-05
9.9973E-05 9.9973E-05 0.02712 0.177297 9.9973E-05 0.106205 0.0445909 0.509938 0.0600821 0.0744679
0.0164664 0.00787207 0.0697054 0.043897 0.0839832 0.0794355 9.9982E-05 0.656456 0.0419843 9.9982E-05
9.9964E-05 9.9964E-05 0.0523149 0.0382853 0.218533 9.9964E-05 0.09651 0.584919 0.00903794 9.9964E-05
9.9973E-05 0.0383095 9.9973E-05 0.10859 9.9973E-05 0.0695927 0.135503 0.541883 0.0291486 0.0766726
9.9982E-05 0.0036345 0.0747552 0.129173 0.184873 0.0153495 0.0460044 0.527126 9.9982E-05 0.0188848
9.9973E-05 0.0764027 9.9973E-05 0.12778 0.157023 0.121986 0.18914 0.313609 0.0137588 9.9973E-05
9.9964E-05 9.9964E-05 0.0432777 0.0214289 0.252468 0.0657801 9.9964E-05 0.601821 9.9964E-05 0.014824
0.0448849 9.9964E-05 9.9964E-05 0.0252633 0.0983741 0.0363846 0.0989157 0.695778 9.9964E-05 9.9964E-05
0.0209382 0.00733872 0.145799 0.129787 0.430964 9.9982E-05 0.0367972 0.16161 9.9982E-05 0.0665666
0.0177095 9.9982E-05 0.0211718 0.0607602 0.374828 0.150044 0.183926 0.143688 0.0476726 9.9982E-05
0.0723492 0.0227485 0.173531 0.118468 0.135253 9.9964E-05 9.9964E-05 0.477251 9.9964E-05 9.9964E-05
9.9991E-05 0.00490556 0.175322 0.186068 0.228021 0.0873655 0.24425 0.0366499 0.0355731 0.00174487
0.0522107 9.9973E-05 0.0344278 0.0175081 0.573395 9.9973E-05 0.104162 0.167317 0.0506794 9.9973E-05
0.0307038 9.9964E-05 0.172123 0.0701712 0.322844 9.9964E-05 0.0115217 0.392236 9.9964E-05 9.9964E-05
9.9955E-05 0.0552663 0.14204 0.0684336 0.441627 9.9955E-05 9.9955E-05 0.292133 9.9955E-05 9.9955E-05
0.00896447 9.9973E-05 0.0230476 0.0803973 0.555688 9.9973E-05 0.0802369 0.222298 9.9973E-05 0.0290681
0.0772792 0.0216759 0.101439 9.9973E-05 0.129708 9.9973E-05 9.9973E-05 0.536077 0.133034 0.000486063
0.144507 9.9964E-05 0.0546889 0.0779288 9.9964E-05 0.0272249 9.9964E-05 0.616895 0.0783551 9.9964E-05
0.103709 0.00520242 9.9973E-05 0.0899098 0.263457 9.9973E-05 0.0182464 0.508679 9.9973E-05 0.0104968
9.9973E-05 9.9973E-05 0.067639 0.0777773 0.435899 0.175146 0.097163 0.125595 0.0204806 9.9973E-05
0.197992 9.9973E-05 0.0823947 9.9973E-05 0.028452 0.00492618 0.0237149 0.473728 0.188492 9.9973E-05
0.0344544 9.9991E-05 0.1357 0.116345 0.0216378 0.0703583 0.0451616 0.416761 0.115525 0.0439573
0.0961182 9.9973E-05 0.131512 0.0364529 0.073386 0.159854 0.219119 9.9973E-05 0.283259 9.9973E-05
0.0669768 9.9973E-05 0.0223299 9.9973E-05 9.9973E-05 0.0579347 0.122888 0.613348 0.086219 0.0300032
0.10538 9.9973E-05 0.245738 0.0288814 9.9973E-05 0.0628179 0.0718437 0.334093 0.150946 9.9973E-05
0.0926603 9.9991E-05 0.0332693 0.0370769 0.156844 0.019123 0.0863061 0.511741 0.0513749 0.0115045
9.9982E-05 0.0194714 0.0722984 0.00411219 0.136198 0.245286 0.0379565 0.222202 0.262276 9.9982E-05
0.0621133 0.0487857 0.00930403 0.0152127 0.175318 0.0329748 0.14897 0.0275592 0.479662 9.9991E-05
9.9973E-05 0.0294156 0.125041 0.117305 9.9973E-05 0.0543193 0.153104 0.366569 0.153946 9.9973E-05
0.0332665 0.0206715 0.0965477 0.0901044 9.9991E-05 0.0989885 0.0729545 0.55892 0.0141813 0.0142659
0.0677024 9.9991E-05 0.0503868 0.116547 0.0466199 0.132585 0.0694497 0.370823 0.0684943 0.0772922
0.123676 9.9982E-05 0.0547041 9.9982E-05 0.159699 0.0202685 0.0517825 0.430938 0.0718843 0.0868469
0.0460993 9.9982E-05 0.00154492 0.0620313 9.9982E-05 0.153204 0.0102903 0.452282 0.167941 0.106407
9.9964E-05 9.9964E-05 0.185042 9.9964E-05 0.219899 0.206623 0.0978637 9.9964E-05 0.192267 0.0979068
0.00879274 9.9991E-05 0.0334742 0.0180812 0.105933 0.0386778 0.100248 0.484206 0.107039 0.103448
0.0187749 0.0592719 0.0690542 0.00869053 0.113296 0.105814 9.9991E-05 0.403712 0.133903 0.0873843
9.9964E-05 9.9964E-05 0.0912215 9.9964E-05 0.249531 0.0624175 0.0459098 0.219218 0.331302 9.9964E-05
9.9964E-05 9.9964E-05 0.13947 9.9964E-05 0.141411 0.0719554 0.0739127 0.391783 0.181068 9.9964E-05
9.9973E-05 0.0391161 0.0388367 9.9973E-05 0.146689 0.0998596 9.9973E-05 0.555334 0.101211 0.0186539
0.0803572 0.0299933 0.152684 0.0708809 0.00145783 9.9982E-05 9.9982E-05 0.453211 0.0549341 0.156282
0.162344 0.0391028 0.00685736 9.9982E-05 0.0474356 0.217591 9.9982E-05 0.0697063 0.208583 0.248179
0.343424 0.0290139 9.9955E-05 9.9955E-05 9.9955E-05 0.442 9.9955E-05 9.9955E-05 0.0973351 0.087728
0.289737 0.0640793 9.9964E-05 9.9964E-05 9.9964E-05 0.383228 0.084718 9.9964E-05 0.13838 0.0394572
0.23753 9.9964E-05 9.9964E-05 9.9964E-05 0.0723814 0.266753 9.9964E-05 0.061341 0.0608559 0.300738
9.9955E-05 9.9955E-05 0.0582956 9.9955E-05 0.00710869 9.9955E-05 0.0802796 0.590417 0.263399 9.9955E-05
0.117638 0.00351075 0.1449 0.0188029 0.0362194 9.9991E-05 0.010973 0.563753 0.0650208 0.0390818
9.9955E-05 0.00490805 0.00949187 9.9955E-05 0.0797327 9.9955E-05 9.9955E-05 0.264926 9.9955E-05 0.640442
9.9973E-05 9.9973E-05 0.0507839 0.034038 0.134018 0.0265339 0.0133958 0.306239 9.9973E-05 0.434691
0.0893672 0.00632123 0.027881 9.9964E-05 0.090672 9.9964E-05 9.9964E-05 0.40714 9.9964E-05 0.378219
9.9964E-05 0.0298095 9.9964E-05 9.9964E-05 0.0622161 0.0354506 0.192105 0.219888 0.460131 9.9964E-05
0.0429146 0.0356809 0.0466607 9.9991E-05 0.10504 0.0692257 0.0820611 0.368747 0.146682 0.102889
9.9973E-05 9.9973E-05 0.0416637 9.9973E-05 0.0559907 0.096494 0.230673 0.0887984 0.480121 0.00595986
0.0333184 9.9982E-05 0.0520186 0.00508444 0.0238001 0.0093845 0.0573965 0.536703 0.282094 9.9982E-05
0.044573 9.9973E-05 9.9973E-05 9.9973E-05 0.130111 0.0321118 0.0879095 0.452363 0.249796 0.00283503
9.9982E-05 9.9982E-05 0.0471188 0.00293485 0.0125558 0.0650232 0.0758903 0.457192 0.30865 0.0304349
9.9973E-05 9.9973E-05 0.130883 0.0021024 0.092799 0.0940847 0.123199 0.116278 0.440354 9.9973E-05
0.00286304 0.0218226 0.0773627 9.9973E-05 0.0848247 9.9973E-05 9.9973E-05 0.58955 0.108456 0.114821
0.0458556 0.0490625 0.0201363 0.0443606 9.9982E-05 0.00244292 9.9982E-05 0.49643 0.29656 0.0449525
0.0262312 9.9982E-05 0.0477311 0.0452691 0.151915 0.0339123 9.9982E-05 0.298691 0.0237743 0.372276
9.9946E-05 9.9946E-05 0.0329245 9.9946E-05 9.9946E-05 9.9946E-05 0.019362 0.0457767 9.9946E-05 0.901337
9.9964E-05 9.9964E-05 0.0240604 0.0120538 9.9964E-05 9.9964E-05 0.0323324 0.04545 0.000155413 0.885548
0.0308133 0.0142552 0.0160434 9.9973E-05 0.095823 9.9973E-05 9.9973E-05 0.250985 0.020554 0.571226
0.0350438 0.00873607 9.9955E-05 0.0102935 9.9955E-05 9.9955E-05 9.9955E-05 0.329718 9.9955E-05 0.615709
9.9955E-05 9.9955E-05 0.00853288 9.9955E-05 0.00693382 9.9955E-05 9.9955E-05 0.0994294 0.0756765 0.808928
9.9937E-05 0.000516474 9.9937E-05 0.00178932 9.9937E-05 9.9937E-05 9.9937E-05 9.9937E-05 9.9937E-05 0.996995
9.9955E-05 0.000305985 9.9955E-05 0.0508705 0.000798407 0.0294799 9.9955E-05 9.9955E-05 9.9955E-05 0.918045
9.9928E-05 9.9928E-05 9.9928E-05 9.9928E-05 9.9928E-05 9.9928E-05 9.9928E-05 0.150399 9.9928E-05 0.848802
9.9946E-05 0.00256279 0.0351218 0.000203716 9.9946E-05 9.9946E-05 9.9946E-05 9.9946E-05 9.9946E-05 0.961512
9.9928E-05 9.9928E-05 9.9928E-05 9.9928E-05 9.9928E-05 9.9928E-05 0.00353281 9.9928E-05 9.9928E-05 0.995668
9.9928E-05 0.0336622 9.9928E-05 9.9928E-05 9.9928E-05 9.9928E-05 9.9928E-05 9.9928E-05 9.9928E-05 0.965538
9.9982E-05 0.0604062 9.9982E-05 0.00710319 0.00432938 0.0016517 0.0221823 0.0960251 0.0367122 0.77139
0.0141245 9.9955E-05 9.9955E-05 0.0373758 9.9955E-05 0.0514494 9.9955E-05 0.120292 9.9955E-05 0.776259
9.9928E-05 9.9928E-05 0.041242 9.9928E-05 9.9928E-05 9.9928E-05 9.9928E-05 9.9928E-05 9.9928E-05 0.957959
0.0152871 9.9973E-05 0.103406 0.0903292 0.0178078 9.9973E-05 0.00833999 0.31239 9.9973E-05 0.45214
9.9964E-05 0.0389388 9.9964E-05 0.0351401 9.9964E-05 0.0285316 0.0219619 0.308257 9.9964E-05 0.566771
9.9946E-05 9.9946E-05 0.0278257 9.9946E-05 9.9946E-05 0.0690467 9.9946E-05 0.116955 9.9946E-05 0.785573
9.9946E-05 0.048057 9.9946E-05 9.9946E-05 0.0523358 9.9946E-05 9.9946E-05 0.064202 9.9946E-05 0.834806
0.00863613 9.9946E-05 9.9946E-05 9.9946E-05 9.9946E-05 0.00378297 9.9946E-05 0.0523451 9.9946E-05 0.934636
0.0273979 9.9964E-05 9.9964E-05 0.00632418 9.9964E-05 0.0240272 0.0272748 0.0459067 9.9964E-05 0.868669
9.9928E-05 0.0190179 9.9928E-05 9.9928E-05 9.9928E-05 9.9928E-05 9.9928E-05 9.9928E-05 9.9928E-05 0.980183
0.00156809 9.9964E-05 9.9964E-05 0.0449194 9.9964E-05 9.9964E-05 0.0181852 0.140504 0.0967967 0.697627
0.00547219 0.0345504 9.9955E-05 0.00748624 0.0540719 9.9955E-05 9.9955E-05 9.9955E-05 9.9955E-05 0.89792
0.263084 9.9946E-05 9.9946E-05 9.9946E-05 9.9946E-05 0.200117 0.0981883 9.9946E-05 0.438011 9.9946E-05
0.122322 0.0432852 9.9982E-05 0.102642 0.0898925 0.0765574 9.9982E-05 0.343706 0.151114 0.0702799
0.221305 0.010277 0.0658269 0.0250148 0.0203048 0.0323752 0.00227899 0.358199 0.252481 0.0119368
0.106815 0.028987 0.0693674 9.9991E-05 0.0094501 0.181692 0.00553379 0.059799 0.413126 0.12513
0.0827315 9.9982E-05 0.0881588 0.0528418 9.9982E-05 0.050801 0.0728446 0.301779 0.216651 0.133992
0.132653 0.0247818 0.0513713 9.9991E-05 0.0395458 0.132467 0.0287097 0.0857025 0.367125 0.137544
0.115768 9.9982E-05 0.143696 0.0239469 9.9982E-05 0.054674 0.00921968 0.442203 0.145868 0.0644259
0.103372 9.9964E-05 0.0190449 9.9964E-05 9.9964E-05 0.0883567 9.9964E-05 0.214034 0.419762 0.155031
0.078001 0.117413 0.0850521 9.9982E-05 0.0859812 0.0225881 9.9982E-05 0.297477 0.166357 0.146931
0.0460388 0.0712846 9.9964E-05 9.9964E-05 9.9964E-05 0.154981 9.9964E-05 0.321712 0.306804 0.0987795
0.114506 0.0534917 9.9964E-05 9.9964E-05 0.00805856 9.9964E-05 0.0797718 0.486436 0.257336 9.9964E-05
0.0635048 0.0414634 0.0234121 0.0374446 0.0283923 0.0472417 0.0496516 0.369745 0.166327 0.172818
0.805739 9.9955E-05 9.9955E-05 0.0691217 9.9955E-05 0.024135 9.9955E-05 0.0408588 0.059646 9.9955E-05
0.805714 0.0659739 9.9964E-05 9.9964E-05 9.9964E-05 0.0715019 0.0176988 0.0185899 9.9964E-05 0.0201214
0.84584 0.0230479 0.00556981 9.9955E-05 9.9955E-05 0.118888 9.9955E-05 0.00615463 9.9955E-05 9.9955E-05
0.860948 0.0236553 9.9964E-05 0.0639837 9.9964E-05 0.030551 9.9964E-05 0.0131421 9.9964E-05 0.00731969
0.732784 0.110939 9.9982E-05 0.0315689 0.0170732 0.0792004 9.9982E-05 0.0132062 0.00493665 0.0100911
0.786597 0.0716488 9.9955E-05 9.9955E-05 9.9955E-05 0.0522226 0.0529376 9.9955E-05 9.9955E-05 0.0360936
0.794527 0.0754505 9.9964E-05 0.00923301 9.9964E-05 0.0125041 9.9964E-05 0.0475255 9.9964E-05 0.0603604
0.749713 0.0541336 0.0495056 0.0162999 9.9964E-05 0.101792 0.0281559 9.9964E-05 9.9964E-05 9.9964E-05
0.830343 0.0318945 9.9964E-05 9.9964E-05 0.0393631 0.0199867 0.0184538 0.0595594 9.9964E-05 9.9964E-05
0.80997 0.0338528 9.9955E-05 9.9955E-05 9.9955E-05 0.0770308 9.9955E-05 0.0586731 9.9955E-05 0.0199735
0.552098 0.0541532 0.0527879 0.000765564 0.22416 9.9964E-05 0.115635 9.9964E-05 9.9964E-05 9.9964E-05
0.529115 0.0498965 0.123507 0.18568 0.0912257 0.0121169 9.9973E-05 9.9973E-05 9.9973E-05 0.00815886
0.473396 0.0372213 0.0642147 0.0425594 0.255015 0.0338426 0.0934519 9.9973E-05 9.9973E-05 9.9973E-05
0.495547 9.9955E-05 0.031962 0.0497499 0.327227 9.9955E-05 9.9955E-05 9.9955E-05 0.095014 9.9955E-05
0.00649881 0.0242887 0.392184 0.0516529 9.9964E-05 9.9964E-05 9.9964E-05 0.49258 0.0323952 9.9964E-05
0.0529478 9.9973E-05 0.205942 0.029406 0.0346623 9.9973E-05 0.0569551 0.516779 0.103007 9.9973E-05
0.00821856 0.0141416 0.174467 0.0643369 0.108956 9.9982E-05 9.9982E-05 0.465084 0.0803019 0.084294
0.048083 0.0456668 0.0562605 0.127077 0.159101 9.9973E-05 9.9973E-05 0.520526 9.9973E-05 0.0429852
9.9964E-05 0.0349882 0.22904 9.9964E-05 0.360997 0.0335523 0.0226975 0.318325 9.9964E-05 9.9964E-05
9.9964E-05 9.9964E-05 0.0768892 0.194174 0.534017 9.9964E-05 0.0241037 0.151545 0.0188715 9.9964E-05
0.0233885 0.00866892 0.183137 0.0491877 9.9973E-05 9.9973E-05 0.0481774 0.594907 0.0922336 9.9973E-05
9.9982E-05 9.9982E-05 0.264535 0.0739028 0.032612 0.0332632 0.0319768 0.533744 0.0118825 0.0178846
9.9982E-05 0.005758 0.18748 0.0792927 0.0953122 9.9982E-05 0.0186372 0.395052 0.121851 0.0964168
9.9973E-05 9.9973E-05 0.557895 9.9973E-05 0.0322539 0.00831137 0.0150057 0.291495 0.00154282 0.0931964
0.035013 9.9982E-05 0.0507739 0.152497 9.9982E-05 0.0158689 0.043023 0.627662 0.0147748 0.0601874
9.9964E-05 0.0237951 0.293993 0.0687727 0.132432 9.9964E-05 0.0534217 0.427186 9.9964E-05 9.9964E-05
9.9946E-05 9.9946E-05 0.731638 0.070811 9.9946E-05 9.9946E-05 0.158816 9.9946E-05 0.0381354 9.9946E-05
9.9973E-05 0.0121516 0.075378 0.16088 0.136131 0.0212853 0.00981225 0.584061 9.9973E-05 9.9973E-05
0.0219412 0.000204249 0.467374 9.9991E-05 0.0235753 0.00639828 0.151775 0.219075 0.0804326 0.0291238
0.0231153 0.0213615 0.379335 0.0119969 0.0448003 9.9973E-05 0.0526547 0.466436 9.9973E-05 9.9973E-05
0.0622991 9.9964E-05 0.611906 0.061584 0.182901 9.9964E-05 0.031707 0.0492026 9.9964E-05 9.9964E-05
0.0688331 0.00828294 9.9955E-05 0.790491 9.9955E-05 9.9955E-05 9.9955E-05 9.9955E-05 0.121193 0.0107004
0.0309565 9.9955E-05 9.9955E-05 0.823777 9.9955E-05 9.9955E-05 0.00181128 0.0153635 0.127592 9.9955E-05
9.9937E-05 9.9937E-05 9.9937E-05 0.892934 9.9937E-05 9.9937E-05 0.038967 9.9937E-05 0.0673992 9.9937E-05
0.0686754 9.9955E-05 0.0585652 0.834727 9.9955E-05 9.9955E-05 0.00386766 9.9955E-05 0.033665 9.9955E-05
9.9955E-05 9.9955E-05 9.9955E-05 0.808101 9.9955E-05 0.0533029 9.9955E-05 0.0110373 0.0667857 0.0602736
9.9946E-05 9.9946E-05 9.9946E-05 0.824159 9.9946E-05 0.044509 9.9946E-05 0.109805 9.9946E-05 0.0209274
0.809102 0.0392609 9.9955E-05 9.9955E-05 9.9955E-05 0.00535564 9.9955E-05 0.129223 9.9955E-05 0.0165596
0.817585 0.0164987 9.9964E-05 0.0129491 0.0195077 0.0273087 9.9964E-05 0.105751 9.9964E-05 9.9964E-05
0.720857 0.0138343 9.9955E-05 9.9955E-05 9.9955E-05 9.9955E-05 9.9955E-05 0.138058 0.0167895 0.109962
0.730924 0.0278145 9.9973E-05 0.013947 0.0380707 0.0333259 9.9973E-05 0.0695493 9.9973E-05 0.0860682
0.75531 0.0034589 0.00170116 9.9973E-05 9.9973E-05 0.0279978 9.9973E-05 0.0389316 0.0773008 0.0949998
0.323634 0.0406858 0.0211532 0.432018 0.0463409 9.9964E-05 9.9964E-05 9.9964E-05 0.135768 9.9964E-05
0.425504 0.0322814 0.100687 0.339386 0.0251955 0.0170155 0.00528454 9.9982E-05 0.0544459 9.9982E-05
0.404579 0.0268871 9.9964E-05 0.421843 0.00875558 9.9964E-05 0.111545 9.9964E-05 0.0259909 9.9964E-05
9.99201E-05 0.999101 9.99201E-05 9.99201E-05 9.99201E-05 9.99201E-05 9.99201E-05 9.99201E-05 9.99201E-05 9.99201E-05
0.361321 0.0209885 0.102448 0.420285 0.0160478 0.0153248 9.9973E-05 9.9973E-05 0.0632846 9.9973E-05
0.124017 0.0135246 9.9973E-05 0.00439384 9.9973E-05 0.241717 0.0529437 0.268844 9.9973E-05 0.29426
0.14444 0.0380305 0.0553781 0.00418833 0.0317074 9.9982E-05 9.9982E-05 0.562506 0.0704525 0.0930964
0.177055 0.0365223 9.9964E-05 9.9964E-05 0.000418213 0.0129488 9.9964E-05 0.602734 9.9964E-05 0.169922
0.214303 0.0057487 0.0907644 0.0789207 9.9973E-05 0.087446 9.9973E-05 0.373196 9.9973E-05 0.149322
0.0942115 0.00239098 0.00176191 0.0071666 0.0951054 0.0895041 0.0831859 0.514764 0.0148072 0.0971023
0.357964 0.00917796 9.9955E-05 9.9955E-05 9.9955E-05 0.288106 0.0531645 9.9955E-05 9.9955E-05 0.291088
9.9964E-05 9.9964E-05 0.0346735 0.0425991 0.343149 9.9964E-05 0.111291 0.389856 0.0780325 9.9964E-05
9.9964E-05 9.9964E-05 0.0595765 0.112262 0.213337 0.133321 0.121952 0.359151 9.9964E-05 9.9964E-05
0.035669 0.0368608 9.9964E-05 0.137814 0.612769 9.9964E-05 9.9964E-05 0.154403 9.9964E-05 0.0220836
0.0227159 9.9973E-05 0.173917 0.0751412 0.160073 0.0181813 0.147598 0.402074 9.9973E-05 9.9973E-05
9.9955E-05 9.9955E-05 0.213545 0.141535 0.0950636 0.172625 0.376733 9.9955E-05 9.9955E-05 9.9955E-05
0.0872851 0.000366889 0.0696011 0.0551978 0.104551 0.00136477 0.0515078 0.420473 0.127335 0.0823173
9.99769E-05 0.022878 0.00238528 0.0905223 0.21455 0.051357 0.161998 0.45601 9.99769E-05 9.99769E-05
0.0529902 0.0135288 0.0382166 0.00921349 0.46443 9.9982E-05 0.030023 0.282812 0.108586 9.9982E-05
0.0729289 9.9982E-05 0.0487886 0.0514155 0.1794 0.0721398 0.0567168 0.48698 9.9982E-05 0.031431
9.9964E-05 9.9964E-05 0.217872 9.9964E-05 0.50008 0.181053 0.0842177 0.0158026 0.000575007 9.9964E-05
9.9982E-05 9.9982E-05 0.0475336 0.106149 0.169245 0.0777123 0.0876377 0.290758 0.153155 0.0676093
9.9973E-05 0.0177965 0.074255 0.101749 0.227039 0.0217657 9.9973E-05 0.546849 9.9973E-05 0.010245
0.0942938 0.00107012 0.145741 0.115574 0.0340591 0.0632854 0.0117588 0.313036 9.9991E-05 0.221082
9.9955E-05 9.9955E-05 9.9955E-05 0.0936753 0.272622 0.0705856 0.172447 0.39017 9.9955E-05 9.9955E-05
9.9973E-05 0.00410194 0.0742921 0.0734711 0.266078 0.066931 0.0881654 0.426661 9.9973E-05 9.9973E-05
9.9973E-05 9.9973E-05 0.198678 0.0143566 0.128649 9.9973E-05 0.150971 0.352461 0.0418852 0.112701
0.0991964 9.9964E-05 0.115502 9.9964E-05 0.255764 9.9964E-05 0.0206981 0.498522 0.00991837 9.9964E-05
0.0410223 0.00725958 0.0540009 0.056793 0.0312708 0.0127473 0.035757 0.602803 0.134868 0.0234779
0.0592523 0.0193011 0.0650889 0.0868205 0.108317 0.0501382 9.9991E-05 0.595589 0.000750375 0.014643
0.117047 9.9973E-05 0.0676891 0.0406559 0.180252 0.0670345 9.9973E-05 0.476987 9.9973E-05 0.050034
0.784109 9.9937E-05 9.9937E-05 9.9937E-05 9.9937E-05 9.9937E-05 9.9937E-05 0.151276 9.9937E-05 0.0639159
0.846017 0.00937952 0.0219808 9.9973E-05 9.9973E-05 9.9973E-05 0.0190103 0.0445555 0.000701782 0.0580554
0.779657 9.9964E-05 0.0511262 9.9964E-05 9.9964E-05 0.00766159 0.0638793 0.0740427 0.023233 9.9964E-05
0.784712 0.0594148 0.0923952 9.9955E-05 9.9955E-05 9.9955E-05 0.0300868 9.9955E-05 9.9955E-05 0.0328918
0.785409 0.0359847 9.9946E-05 9.9946E-05 9.9946E-05 9.9946E-05 9.9946E-05 0.148251 0.0297551 9.9946E-05
9.9955E-05 9.9955E-05 9.9955E-05 0.0751964 0.711131 0.099692 9.9955E-05 0.0973983 9.9955E-05 0.0160821
0.0690622 0.0515289 0.066791 0.0498932 0.241161 9.9973E-05 0.075752 0.445512 9.9973E-05 9.9973E-05
0.0676214 0.0459999 0.191154 0.0705447 9.9982E-05 0.0628023 0.0678165 0.304604 9.9982E-05 0.189257
9.9964E-05 0.00258601 9.9964E-05 0.062253 0.0886374 0.0995139 0.039651 0.706959 9.9964E-05 9.9964E-05
0.0456443 9.9973E-05 0.0393776 0.0812845 0.245886 9.9973E-05 0.0119791 0.565752 9.9973E-05 0.00977674
9.9973E-05 0.0154413 9.9973E-05 0.200962 0.301897 0.112604 0.0837811 0.27439 0.0106251 9.9973E-05
0.0732734 0.00611824 0.085154 0.100433 0.614827 0.0949036 0.0249909 9.9973E-05 9.9973E-05 9.9973E-05
9.9955E-05 9.9955E-05 0.0924759 0.182743 0.138709 0.0600134 9.9955E-05 0.525559 9.9955E-05 9.9955E-05
0.0786179 9.9982E-05 0.018754 0.224938 0.386937 9.9982E-05 0.0990757 0.0989262 0.0869528 0.00559823
0.0252307 0.02837 0.0834469 0.122886 0.15937 0.0825137 0.0780737 0.403012 0.0169971 9.9991E-05
0.182654 9.9973E-05 0.0419602 0.0705276 0.594466 0.00877966 0.0577006 0.0436122 9.9973E-05 9.9973E-05
0.0532065 0.0325226 9.9982E-05 0.121594 0.140876 0.0311585 0.00415881 0.590944 0.0253394 9.9982E-05
0.0801365 9.9973E-05 0.0373399 0.0947712 0.621087 0.0406542 0.00368115 0.12203 9.9973E-05 9.9973E-05
0.103792 0.0125884 0.137429 0.0341586 0.042369 0.0211681 9.9991E-05 0.420205 0.0806814 0.147509
0.0239677 9.9973E-05 0.13282 0.103146 0.326942 9.9973E-05 9.9973E-05 0.233195 0.038478 0.141152
9.9964E-05 9.9964E-05 9.9964E-05 9.9964E-05 0.151985 0.0651971 0.0795894 0.403844 0.206015 0.0929693
0.00811131 9.9973E-05 9.9973E-05 9.9973E-05 0.0870806 0.0272444 0.121915 0.21169 0.52714 0.0165194
0.0201683 9.9955E-05 0.0287535 9.9955E-05 0.0924274 9.9955E-05 9.9955E-05 0.42169 0.436461 9.9955E-05
0.10725 9.9973E-05 0.0793177 0.0731157 9.9973E-05 0.000667442 0.0274312 0.560235 0.151683 9.9973E-05
9.9964E-05 9.9964E-05 9.9964E-05 0.0628667 0.0186728 0.0456988 0.0694238 0.252698 0.55024 9.9964E-05
0.0470475 0.0334018 0.0295076 9.9982E-05 0.151953 0.0530963 9.9982E-05 0.466208 0.174004 0.0445819
0.0334088 0.0173858 0.104596 9.9982E-05 0.105993 9.9982E-05 0.039648 0.409757 0.213032 0.0759811
9.9973E-05 0.0269597 0.035745 0.0961893 9.9973E-05 0.116336 0.112085 0.439185 0.1732 9.9973E-05
9.9946E-05 9.9946E-05 0.116343 0.0509237 9.9946E-05 9.9946E-05 0.175855 9.9946E-05 0.656279 9.9946E-05
9.9964E-05 9.9964E-05 0.0692834 0.0402657 9.9964E-05 0.0976219 0.0519588 0.168012 0.572459 9.9964E-05
9.9973E-05 0.0080882 0.0326471 0.0405428 9.9973E-05 0.0169946 0.0921286 0.396417 0.412882 9.9973E-05
9.9973E-05 9.9973E-05 0.126031 0.0205972 0.0908787 0.0430113 0.0863203 0.0281881 0.604673 9.9973E-05
9.9964E-05 9.9964E-05 0.0518305 0.02838 0.168234 0.0448313 9.9964E-05 0.319303 0.387021 9.9964E-05
9.9973E-05 0.00710107 0.0666556 0.208087 0.575397 0.0514436 9.9973E-05 0.083682 9.9973E-05 0.00733311
9.9964E-05 9.9964E-05 0.075808 0.18394 0.21548 0.0622935 0.207852 0.254226 9.9964E-05 9.9964E-05
9.9964E-05 0.0326759 9.9964E-05 0.0614459 0.46532 9.9964E-05 0.0840133 0.329601 9.9964E-05 0.0265439
0.00585289 9.9982E-05 9.9982E-05 0.0531756 0.134523 0.0859439 0.0324124 0.644104 0.0110459 0.0327417
9.9964E-05 9.9964E-05 0.0967973 0.234884 0.439339 9.9964E-05 0.00907064 0.153813 0.0656967 9.9964E-05
0.026518 9.9982E-05 0.0491369 0.147632 0.0072025 0.0939308 0.168921 0.493955 9.9982E-05 0.0125039
9.9982E-05 0.0793171 9.9982E-05 0.0960423 0.108623 0.0810888 0.0145762 0.571691 0.0319552 0.0165058
9.9973E-05 0.0119782 0.0555025 0.0912943 0.328869 0.0176994 9.9973E-05 0.43427 9.9973E-05 0.0600864
9.9973E-05 9.9973E-05 0.112294 0.132786 0.184343 0.0674892 0.0250192 0.38241 9.9973E-05 0.0953588
0.0801578 0.000822353 0.0424932 0.0810742 0.286704 9.9991E-05 0.00400625 0.440744 0.0604228 0.00347598
9.9964E-05 0.00138727 0.122648 0.141974 0.50388 9.9964E-05 9.9964E-05 0.137543 9.9964E-05 0.0921679
9.9964E-05 9.9964E-05 9.9964E-05 0.258503 0.24902 9.9964E-05 0.10678 0.224417 0.0247841 0.136095
9.9964E-05 9.9964E-05 9.9964E-05 0.133387 0.154212 0.0474524 0.0300186 0.616781 0.0177489 9.9964E-05
9.9964E-05 9.9964E-05 0.028102 0.0778949 0.123365 0.140452 0.00533654 0.62445 9.9964E-05 9.9964E-05
0.0266144 0.0485575 0.194957 0.110511 0.00535299 0.065833 0.125329 0.408519 0.0142267 9.9991E-05
9.9973E-05 9.9973E-05 0.0147181 0.156858 0.132655 0.0756039 0.131457 0.474908 9.9973E-05 0.0134999
0.0311338 0.0168211 0.0161679 0.0954984 0.401179 0.107019 9.9982E-05 0.293371 0.0386098 9.9982E-05
9.9964E-05 9.9964E-05 0.0765694 0.175451 0.127685 9.9964E-05 0.0708415 0.531086 9.9964E-05 0.0179671
0.0640644 9.9982E-05 0.0339074 0.087145 0.185117 9.9982E-05 0.0562702 0.501132 0.0511132 0.0210506
0.160925 0.0174061 0.142152 0.0478118 0.0540894 9.9991E-05 0.0936328 0.400004 0.0436385 0.0402408
0.253433 0.00356217 9.9973E-05 9.9973E-05 0.0572082 0.129477 9.9973E-05 0.362824 0.0771472 0.116049
0.120428 9.9982E-05 0.0827881 9.9982E-05 0.00695221 0.0494467 0.0464735 0.465857 0.0839887 0.143866
0.0977701 9.9982E-05 0.065604 9.9982E-05 0.147134 0.0554264 0.017934 0.371469 0.0837061 0.160756
9.9991E-05 0.0343859 0.0430292 0.00102263 0.153891 0.0716594 0.0375565 0.552038 0.0170354 0.0892814
0.17181 0.0262475 0.0681842 9.9982E-05 0.0221702 0.0449417 0.090115 0.357499 9.9982E-05 0.218832
9.9964E-05 9.9964E-05 9.9964E-05 0.0284399 0.265227 0.0115385 0.13071 0.442602 0.121083 9.9964E-05
0.0751658 0.044213 0.0962596 9.9973E-05 0.148796 0.0807727 9.9973E-05 0.402336 9.9973E-05 0.152157
0.120432 9.9973E-05 0.203362 9.9973E-05 0.0777898 0.34418 0.0115454 9.9973E-05 0.128859 0.113532
0.055337 9.9955E-05 9.9955E-05 9.9955E-05 0.20478 0.0996322 9.9955E-05 0.437773 9.9955E-05 0.201977
0.138423 0.0259463 0.0689194 9.9982E-05 9.9982E-05 0.00313944 0.0888723 0.548846 0.014887 0.110767
0.04367 0.0115335 0.0946393 9.9982E-05 0.0353417 0.0297568 0.116114 0.39889 9.9982E-05 0.269854
0.105982 0.0392045 0.0608446 0.0447709 0.133184 0.200483 0.0444188 0.297748 0.00286626 0.0704977
0.115704 9.9982E-05 0.0235521 9.9982E-05 0.0739087 0.118628 0.0414877 0.431719 0.0629773 0.131824
0.0140865 0.0279114 0.0345341 9.9982E-05 9.9982E-05 0.126489 0.0529149 0.468476 0.120356 0.155032
0.292109 0.0370572 0.113943 9.9964E-05 9.9964E-05 0.409312 0.00750865 9.9964E-05 9.9964E-05 0.13967
0.0800514 0.0490418 9.9982E-05 0.00720233 0.0220897 0.140316 9.9982E-05 0.419683 0.0633142 0.218102
0.100913 0.00803851 0.0243923 0.0195622 9.9982E-05 0.0650046 9.9982E-05 0.497524 0.109884 0.174481
0.0495059 0.0222249 0.0616308 0.00833839 0.132334 0.0254201 0.00633946 0.498657 0.118076 0.0774732
0.0853598 0.0204051 9.9964E-05 9.9964E-05 0.0638276 0.142639 9.9964E-05 0.592982 9.9964E-05 0.0943869
0.132021 0.0402822 0.054181 0.00494777 0.0695641 0.0243015 0.0150707 0.407525 0.084916 0.167191
9.9973E-05 0.0509162 0.108159 9.9973E-05 9.9973E-05 0.00841698 0.292464 0.391691 0.10972 0.0383326
0.0135648 0.0178649 9.9982E-05 9.9982E-05 0.09027 0.0419559 0.217517 0.490974 0.0298925 0.0977608
9.9946E-05 9.9946E-05 0.0144308 9.9946E-05 0.168253 9.9946E-05 0.769819 9.9946E-05 0.0468973 9.9946E-05
0.0430995 0.0315878 0.0604633 0.0461407 0.0197906 0.165703 0.0584488 0.502146 9.9991E-05 0.0725194
0.0857638 0.00114843 0.161563 9.9982E-05 0.0331598 9.9982E-05 0.118022 0.34728 0.0688296 0.184033
0.00562489 9.99459E-05 9.99459E-05 9.99459E-05 0.0890513 9.99459E-05 0.823665 9.99459E-05 0.081059 9.99459E-05
9.9973E-05 0.0373308 0.0152305 9.9973E-05 0.177074 9.9973E-05 0.30762 0.256734 0.0257028 0.180008
0.0799067 9.9973E-05 9.9973E-05 0.00286076 0.0118959 0.132929 0.093833 0.415819 9.9973E-05 0.262456
9.9955E-05 0.0302445 9.9955E-05 9.9955E-05 9.9955E-05 0.122248 0.257445 0.249527 9.9955E-05 0.340035
0.103334 9.9973E-05 9.9973E-05 9.9973E-05 0.109563 0.237469 0.14765 0.163624 0.00477242 0.233288
0.104608 0.0320782 9.9973E-05 9.9973E-05 0.0189424 0.108647 0.184603 0.323027 9.9973E-05 0.227796
0.114437 0.0679575 9.9982E-05 0.032602 0.0888601 9.9982E-05 0.10693 0.415594 0.0378062 0.135612
0.0610708 0.00988383 9.9964E-05 9.9964E-05 9.9964E-05 0.145094 0.664735 0.0760402 9.9964E-05 0.0427759
9.9946E-05 0.0289833 9.9946E-05 9.9946E-05 9.9946E-05 0.194527 0.633937 0.141952 9.9946E-05 9.9946E-05
0.00810066 9.9964E-05 0.0294478 9.9964E-05 9.9964E-05 0.0590231 0.256898 0.587763 9.9964E-05 0.0583671
0.0411664 9.9946E-05 9.9946E-05 9.9946E-05 9.9946E-05 9.9946E-05 0.510932 0.327715 9.9946E-05 0.119588
0.029607 0.0368999 9.9964E-05 9.9964E-05 9.9964E-05 0.00683325 0.703478 0.126789 9.9964E-05 0.0959929
0.0203046 9.9982E-05 0.00995666 0.0224848 0.0648234 0.0277463 0.311069 0.505652 9.9982E-05 0.0377637
9.9964E-05 9.9964E-05 9.9964E-05 0.034403 9.9964E-05 0.0236077 0.316998 0.505777 0.0204765 0.0983378
0.0964539 9.9973E-05 0.108436 0.0647935 9.9973E-05 0.0408348 0.192594 0.380001 9.9973E-05 0.116586
0.0150718 9.9973E-05 0.0598197 0.0155287 0.0762712 9.9973E-05 0.531696 0.284444 0.0168686 9.9973E-05
9.9973E-05 0.0322452 0.024017 9.9973E-05 0.0413885 9.9973E-05 0.427045 0.248236 0.136775 0.0899942
0.0358987 0.0130849 0.0946449 0.0190794 9.9982E-05 0.0145056 0.279604 0.497374 9.9982E-05 0.0456082
9.9991E-05 0.0170212 0.00919947 0.131018 0.0144175 0.0284673 0.288104 0.338285 0.153941 0.0194478
0.183728 0.0050813 0.00656469 0.124722 9.9982E-05 0.043657 0.173449 0.427176 9.9982E-05 0.035423
0.102805 9.9991E-05 0.159985 0.0494514 0.0426061 0.0439165 0.0930803 0.384663 0.0522029 0.0711892
9.9955E-05 9.9955E-05 9.9955E-05 0.00513098 0.00760924 0.110833 0.43668 0.439247 9.9955E-05 9.9955E-05
9.9946E-05 9.9946E-05 9.9946E-05 0.118352 9.9946E-05 9.9946E-05 0.618312 0.203677 0.0590598 9.9946E-05
0.0241073 9.9955E-05 0.181884 9.9955E-05 9.9955E-05 0.0100784 0.218577 0.564853 9.9955E-05 9.9955E-05
0.114529 9.9973E-05 0.0358703 0.0668429 0.00678609 9.9973E-05 0.235761 0.520728 9.9973E-05 0.019183
9.9955E-05 9.9955E-05 0.0371078 0.00884469 0.0685519 9.9955E-05 0.669399 0.215597 9.9955E-05 9.9955E-05
