0.0121745 0.0537856 0.000780309 0.93326
0.0112939 9.9982E-05 9.9982E-05 0.988506
9.999E-05 0.0746678 0.11689 0.808343
0.0436945 0.132582 0.00846443 0.815259
9.9991E-05 0.0577335 0.0493748 0.892792
0.219524 0.100252 0.024141 0.656083
0.105172 0.0160442 9.9991E-05 0.878684
0.187071 0.0359423 0.0141142 0.762873
0.141331 9.9982E-05 9.9982E-05 0.858469
0.0576468 0.0783553 0.111267 0.752731
0.145022 9.9991E-05 0.0298103 0.825068
0.535238 0.0795229 0.33752 0.047719
0.183449 0.0700268 0.656509 0.0900145
0.475016 0.122393 0.29668 0.105911
0.327857 0.188052 0.376016 0.108075
0.261075 0.158103 0.416777 0.164045
0.16 0.253542 0.586358 9.9991E-05
0.296217 0.135464 0.561735 0.00658399
0.319209 0.0496892 0.449655 0.181447
0.690395 0.04948 0.135348 0.124777
0.342132 0.155047 0.502721 9.9991E-05
0.32964 0.155944 0.495894 0.018522
0.172176 0.0379507 0.709365 0.0805076
0.409341 0.103721 0.413731 0.0732066
0.0737929 0.199245 0.651711 0.0752511
0.139821 0.158036 0.644037 0.0581055
0.54551 0.150605 0.256359 0.0475258
0.505697 0.255996 0.183337 0.0549701
0.563308 0.0255574 0.357436 0.0536985
9.9991E-05 0.128772 0.0353149 0.835813
9.9991E-05 0.0806917 0.0771275 0.842081
9.9991E-05 0.0501777 0.140259 0.809463
9.9991E-05 0.0779421 0.17943 0.742527
0.230806 0.0609884 0.667476 0.0407297
0.157472 9.9991E-05 0.719619 0.122809
0.109756 0.0320745 0.832947 0.0252218
0.544448 9.9991E-05 0.267709 0.187743
0.402879 0.0534752 0.534266 0.00938016
0.147858 0.051905 0.699626 0.100611
0.0262977 0.0588934 0.859426 0.0553827
0.121271 0.0394034 0.673072 0.166254
0.026573 0.117473 0.70568 0.150274
0.56894 9.9991E-05 0.428043 0.00291728
0.130087 0.149331 0.629712 0.0908702
0.189448 0.12318 0.617661 0.0697106
0.0233767 0.110744 0.708597 0.157283
0.396662 9.9982E-05 0.603138 9.9982E-05
0.0558847 0.0536682 0.819331 0.0711164
0.0905499 0.0882987 0.687881 0.13327
0.820586 9.9991E-05 0.0952583 0.0840559
0.642291 9.9991E-05 0.32322 0.034389
0.674313 0.0505329 0.228675 0.0464787
0.158343 0.14128 0.652463 0.0479145
0.0737604 0.193597 0.613439 0.119204
0.194426 0.176046 0.576385 0.0531434
0.463928 9.9991E-05 0.348457 0.187515
0.287133 0.0666035 0.557232 0.0890323
0.111195 0.131969 0.658317 0.0985186
0.36096 9.9991E-05 0.446874 0.192066
0.526371 0.0432161 0.177456 0.252957
0.220811 0.131802 0.594195 0.0531923
0.341747 0.0854925 0.491857 0.0809032
0.694436 9.9991E-05 0.192894 0.11257
0.271654 0.1057 0.599151 0.0234949
0.199649 0.200971 0.548376 0.051004
0.215184 0.167821 0.557429 0.0595669
0.41145 0.042404 0.45898 0.0871655
0.291826 0.101956 0.604719 0.00149908
0.145528 0.0498617 0.687695 0.116915
0.62249 9.9991E-05 0.277388 0.100022
0.19144 9.9982E-05 0.80836 9.9982E-05
0.493804 9.9982E-05 0.505997 9.9982E-05
0.105169 0.0968542 0.686394 0.111584
0.68116 9.9982E-05 0.31864 9.9982E-05
0.692898 9.9982E-05 0.306902 9.9982E-05
0.48884 9.9982E-05 0.51096 9.9982E-05
0.295938 9.9991E-05 0.683483 0.0204792
0.125175 0.108748 0.642991 0.123087
0.249371 0.114756 0.617062 0.0188102
0.49052 9.9991E-05 0.434132 0.075248
0.460375 0.00398644 0.47031 0.0653293
0.116307 0.0731254 0.703115 0.107452
0.384107 0.00854195 0.607251 9.9991E-05
0.196347 9.9991E-05 0.748469 0.0550843
0.275811 9.9991E-05 0.704621 0.0194679
0.707841 0.0458872 0.246172 9.9991E-05
0.188773 0.0281306 0.782997 9.9991E-05
9.9991E-05 0.0240327 0.124379 0.851489
9.9982E-05 9.9982E-05 0.086024 0.913776
9.9991E-05 0.0630454 0.0425916 0.894263
9.9991E-05 0.010305 0.0553514 0.934244
9.9991E-05 0.0734262 0.0404525 0.886021
9.9991E-05 0.0424233 0.0275278 0.929949
9.9991E-05 0.00365644 0.0647631 0.93148
0.0948403 0.0097388 0.715781 0.17964
0.209723 0.250892 0.516092 0.0232926
0.637202 9.9982E-05 0.362598 9.9982E-05
0.152175 0.24122 0.516207 0.0903985
0.300689 9.9991E-05 0.673118 0.0260925
0.0362977 9.9991E-05 0.838314 0.125289
0.19341 0.0349089 0.771581 9.9991E-05
0.209041 0.10932 0.667564 0.0140746
0.741166 9.9991E-05 0.205267 0.0534674
0.121123 0.153546 0.585606 0.139725
0.114871 0.0636039 0.703114 0.118411
0.145904 0.13853 0.648013 0.0675532
0.447459 0.0237275 0.527694 0.00111893
0.18002 9.9982E-05 0.81978 9.9982E-05
0.292787 9.9991E-05 0.665922 0.0411911
0.353442 0.125435 0.521023 9.9991E-05
0.253963 9.9991E-05 0.655576 0.0903609
0.166616 0.014204 0.708378 0.110802
0.538775 0.0514427 0.373157 0.0366251
0.314463 0.134382 0.407864 0.143291
0.104021 0.147458 0.556576 0.191946
0.115264 0.121664 0.656012 0.107059
0.25394 9.9991E-05 0.610212 0.135748
0.176 0.139306 0.649331 0.0353629
0.21603 0.00681621 0.637551 0.139603
0.168382 0.0933649 0.60938 0.128873
0.185046 0.124491 0.647095 0.0433685
0.201992 0.118678 0.640386 0.0389437
0.31242 9.9991E-05 0.633841 0.0536388
0.14288 0.174339 0.682682 9.9991E-05
0.114257 0.0650756 0.679309 0.141359
0.217906 0.10192 0.645823 0.0343509
0.172911 0.15241 0.571879 0.1028
0.238483 0.0734479 0.667608 0.0204611
0.343331 0.0603092 0.448296 0.148064
0.12524 0.100763 0.71253 0.0614681
0.117955 0.111864 0.724126 0.0460554
0.497113 0.0100509 0.376151 0.116685
0.651977 0.0592977 0.227965 0.0607606
0.199301 0.103041 0.616363 0.0812954
0.727414 0.152452 0.120034 9.9991E-05
0.440588 9.9991E-05 0.424098 0.135214
0.369238 0.0147631 0.604053 0.0119463
0.400986 9.9991E-05 0.488912 0.110002
0.472419 0.0322183 0.436443 0.0589204
0.127889 0.0772752 0.748338 0.046498
0.101818 0.115323 0.723482 0.0593771
0.23837 0.0178929 0.685616 0.0581213
0.609538 0.176182 0.181685 0.0325948
0.0891598 0.0468092 0.601721 0.26231
0.196155 0.160224 0.596674 0.0469475
0.673199 0.0267881 0.126002 0.174011
0.0747739 0.0894333 0.705082 0.130711
0.465657 0.108926 0.348995 0.0764213
0.191356 0.100004 0.586184 0.122457
0.45169 0.114001 0.318411 0.115898
0.510861 9.9991E-05 0.337425 0.151614
0.348191 0.0166897 0.542548 0.0925717
0.188398 0.159026 0.541134 0.111442
0.248719 0.106965 0.514185 0.130131
0.657191 0.228921 0.0758013 0.038087
0.0983441 0.0799298 0.735263 0.0864631
0.474899 9.9982E-05 0.524901 9.9982E-05
0.347047 9.9982E-05 0.652753 9.9982E-05
0.134995 0.101181 0.6696 0.0942242
0.144397 0.265031 0.233633 0.356939
0.203966 0.223715 9.9991E-05 0.572219
0.311923 0.189004 9.9991E-05 0.498973
0.124648 0.37815 0.0828242 0.414378
0.161975 0.0593444 0.77858 9.9991E-05
0.0877103 0.114063 0.680021 0.118205
9.9982E-05 0.676965 0.322835 9.9982E-05
0.0309498 0.438025 0.488416 0.0426092
0.0738466 0.43635 0.377274 0.11253
0.454624 0.0832658 0.447594 0.014516
0.20019 0.119434 0.664186 0.0161893
0.616475 0.100741 0.28078 0.00200509
0.176021 0.140718 0.645212 0.0380496
0.270311 0.060045 0.602024 0.0676198
0.232006 0.125535 0.627185 0.0152742
0.61386 0.0498472 0.30829 0.0280021
0.157813 0.182791 0.625288 0.0341076
0.193476 0.0964408 0.643058 0.0670248
9.998E-05 0.9997 9.998E-05 9.998E-05
9.9982E-05 0.928528 0.0712716 9.9982E-05
0.0125597 0.5734 0.31352 0.100521
9.9991E-05 0.691991 0.302447 0.00546261
0.018704 0.892087 0.0814565 0.00775222
9.998E-05 0.9997 9.998E-05 9.998E-05
0.010129 0.989671 9.9982E-05 9.9982E-05
9.9982E-05 0.90906 0.0907405 9.9982E-05
9.9982E-05 0.973527 0.0262732 9.9982E-05
9.998E-05 0.9997 9.998E-05 9.998E-05
9.998E-05 0.9997 9.998E-05 9.998E-05
9.9991E-05 0.840732 0.0866753 0.072493
9.9991E-05 0.829308 0.0878798 0.0827124
0.000651679 0.999148 9.9982E-05 9.9982E-05
0.109707 0.378066 0.405638 0.106589
9.9991E-05 0.678264 0.250131 0.0715053
9.9991E-05 0.81403 0.138052 0.0478188
9.9982E-05 0.89061 0.10919 9.9982E-05
9.998E-05 0.9997 9.998E-05 9.998E-05
0.0248085 0.950001 9.9991E-05 0.0250903
9.998E-05 0.9997 9.998E-05 9.998E-05
9.99901E-05 0.706184 0.237007 0.0567089
0.0662543 0.929003 9.9991E-05 0.00464254
0.468604 0.122861 9.9991E-05 0.408435
0.205149 0.143787 0.42262 0.228444
0.122489 0.0236115 0.526244 0.327656
0.357349 0.189832 0.200863 0.251956
0.147536 0.182433 0.489717 0.180313
0.299772 0.17162 0.245687 0.282921
0.134618 0.21714 0.481378 0.166864
0.201293 0.280158 0.355779 0.162771
0.145212 0.16474 0.486575 0.203473
0.153971 0.306414 0.358062 0.181553
0.0710397 0.0805343 0.606073 0.242353
0.0561709 9.9991E-05 0.0561237 0.887605
9.9991E-05 0.0511059 0.00785149 0.940943
9.9982E-05 9.9982E-05 0.0168875 0.982913
9.998E-05 9.998E-05 9.998E-05 0.9997
0.018855 0.0348451 0.00791129 0.938389
9.9982E-05 0.0895495 9.9982E-05 0.910251
9.9982E-05 0.0924471 9.9982E-05 0.907353
0.0511003 0.0245886 9.9991E-05 0.924211
9.9991E-05 0.00981002 0.0555018 0.934588
9.9991E-05 0.099322 0.035202 0.865376
0.30697 9.9982E-05 9.9982E-05 0.69283
0.306265 0.0418305 9.9991E-05 0.651804
0.402485 9.9982E-05 9.9982E-05 0.597315
0.40905 9.9991E-05 0.00551293 0.585338
0.234984 0.0703514 0.612894 0.0817711
0.201266 0.0947586 0.665536 0.0384394
0.218068 0.0247072 0.699978 0.0572462
0.290459 9.9991E-05 0.644274 0.0651674
0.637794 9.9991E-05 0.321982 0.0401239
0.0936195 0.0631985 0.802484 0.0406976
0.188019 0.0319364 0.779945 9.9991E-05
0.278919 0.0249738 0.696007 9.9991E-05
0.362114 0.0403658 0.59742 9.9991E-05
0.0918123 0.126054 0.778754 0.00338065
0.270513 9.9991E-05 0.716489 0.0128982
0.837707 9.9982E-05 0.162093 9.9982E-05
0.188818 0.0489369 0.70904 0.0532053
0.459218 0.0423755 0.489488 0.0089184
0.226842 0.0511613 0.711247 0.0107495
0.549721 9.9991E-05 0.412634 0.037545
0.709303 9.9991E-05 0.0465113 0.244086
0.60932 9.9991E-05 0.14679 0.24379
0.718324 9.9991E-05 0.101569 0.180007
0.724907 9.9991E-05 0.0214076 0.253585
0.682356 9.9991E-05 0.146815 0.170728
0.683689 0.0280375 0.0995122 0.188761
9.9991E-05 0.0639819 0.0663408 0.869577
9.9991E-05 0.0775335 0.0862424 0.836124
9.9991E-05 0.0978798 0.116605 0.785416
9.9991E-05 0.108024 0.0772922 0.814583
9.9991E-05 0.130015 0.0353563 0.834529
0.475448 9.9982E-05 9.9982E-05 0.524352
0.440917 9.9982E-05 9.9982E-05 0.558883
0.447567 9.9991E-05 0.0112484 0.541084
9.9991E-05 0.0946259 0.104474 0.8008
0.52902 9.9982E-05 9.9982E-05 0.47078
0.0383645 0.442653 0.261777 0.257206
9.9991E-05 0.246754 0.614229 0.138917
9.9991E-05 0.354124 0.495977 0.149799
0.120893 0.320292 0.286765 0.27205
0.031289 0.209283 0.623737 0.135691
0.143986 0.353991 9.9991E-05 0.501923
0.341073 9.9991E-05 0.608542 0.050285
0.443754 0.00814081 0.473832 0.0742732
0.425255 9.9991E-05 0.396937 0.177708
0.395902 0.104618 0.499379 9.9991E-05
0.975073 0.0247273 9.9982E-05 9.9982E-05
0.218154 0.123015 0.615549 0.0432825
0.277276 0.0537845 0.610806 0.0581342
0.443746 9.9991E-05 0.471038 0.0851152
0.192009 0.0545092 0.615722 0.13776
0.771765 0.0578405 0.169476 0.000917939
0.383213 0.123956 0.473456 0.0193746
0.255731 0.0768657 0.599412 0.0679911
0.133394 0.238756 0.468359 0.159491
0.466031 0.0304788 0.50339 9.9991E-05
0.354207 0.0168751 0.592045 0.0368726
0.310895 0.141033 0.517755 0.0303166
0.219476 9.9991E-05 0.719964 0.0604599
0.0940192 0.0863724 0.772363 0.0472452
0.17652 0.140027 0.622864 0.0605891
0.140739 0.0575638 0.67997 0.121727
9.9991E-05 0.0985187 0.098091 0.80329
9.9991E-05 0.0284895 0.124395 0.847016
0.0580086 0.0469199 0.0952217 0.79985
0.069802 0.0374881 0.0331398 0.85957
9.9991E-05 0.0155436 0.107667 0.87669
0.552811 0.0662586 0.300868 0.0800622
0.261266 0.126163 0.579283 0.0332885
0.0273704 0.220978 0.48152 0.270131
0.0446426 0.122372 0.741878 0.0911075
0.170841 9.9991E-05 0.681799 0.14726
0.600655 0.182439 0.216617 0.000288639
0.728264 9.9991E-05 0.0638813 0.207755
0.290202 0.0729392 0.58302 0.0538382
0.610868 0.0749331 0.201135 0.113063
0.385894 0.166033 0.416638 0.0314358
0.556944 9.9991E-05 0.241298 0.201658
0.132295 0.162604 0.582093 0.123009
0.560553 9.9991E-05 0.300376 0.138971
0.449001 0.145274 0.345909 0.0598167
0.256572 0.0684914 0.592924 0.0820122
0.516381 0.0783665 0.347978 0.057275
0.150595 0.131178 0.67762 0.0406064
0.15538 0.0725186 0.625288 0.146814
0.449139 0.0255748 0.504106 0.0211797
0.227021 0.157762 0.53952 0.0756968
0.176286 9.9991E-05 0.742139 0.0814757
0.742611 0.00566718 0.251622 9.9991E-05
0.545555 0.0496027 0.404743 9.9991E-05
0.295868 0.00976169 0.643122 0.0512483
0.612231 9.9991E-05 0.35319 0.0344782
0.30717 9.9991E-05 0.668712 0.0240178
0.643022 0.0555321 0.218643 0.082803
0.642517 0.124637 0.232746 9.9991E-05
0.371396 0.0781113 0.471863 0.0786295
0.141585 0.1715 0.680146 0.00676874
0.573775 0.0389302 0.387195 9.9991E-05
0.230299 0.157086 0.567124 0.0454909
0.173393 0.0652347 0.618307 0.143065
0.211162 0.159731 0.606871 0.0222366
0.253101 0.173145 0.493784 0.0799707
0.313527 0.0383197 0.562383 0.0857706
0.553794 0.121655 0.324451 9.9991E-05
0.424644 0.0698092 0.443396 0.0621508
0.195264 0.0460756 0.731725 0.0269361
0.157465 0.107762 0.62406 0.110713
0.326634 0.0823173 0.468038 0.123011
0.274156 0.199831 0.514337 0.0116762
0.351837 0.108631 0.438423 0.101109
0.142557 0.109447 0.707556 0.0404405
0.18731 0.144776 0.605841 0.0620727
0.200188 0.089792 0.643179 0.066841
0.0120739 0.165203 0.45318 0.369543
0.0432461 0.293509 0.553753 0.109492
0.105023 0.236273 0.520928 0.137776
0.123117 0.202748 0.601613 0.0725211
9.9991E-05 0.236877 0.511117 0.251907
0.358306 0.0750651 0.566529 9.9991E-05
0.0891372 0.140581 0.536333 0.233949
0.500198 0.231374 0.00570045 0.262728
0.0999403 0.216735 0.588341 0.0949842
0.00600497 0.210099 0.672145 0.111751
0.171144 0.315153 0.428863 0.0848405
0.273382 0.229853 0.319899 0.176866
0.0516321 0.203033 0.555459 0.189876
0.0200176 0.287619 0.583099 0.109265
0.250076 0.264703 9.9991E-05 0.485121
0.0894849 0.22695 0.451164 0.232401
0.00204755 0.278941 0.528337 0.190674
0.12819 0.231751 0.541163 0.098896
9.9991E-05 0.231993 0.541604 0.226303
0.148094 0.21423 0.506834 0.130842
0.263108 0.13023 0.56641 0.0402518
0.26059 0.156621 0.508993 0.0737965
0.775952 0.0473022 0.176645 9.9991E-05
0.812563 0.0319052 0.155146 0.0003851
0.201725 0.197111 0.5482 0.0529645
0.040752 0.426827 0.409692 0.122729
0.105676 0.445791 0.343676 0.104857
0.275826 0.415894 0.128796 0.179484
0.103586 0.397321 0.316301 0.182792
0.583077 0.203048 0.156736 0.0571384
0.453015 0.196807 0.277363 0.0728158
0.206581 0.258734 0.527426 0.00725924
0.210065 0.239225 0.497844 0.0528657
0.486098 0.238139 0.248411 0.0273521
0.111697 0.180639 0.646991 0.0606729
0.177234 0.257189 0.565477 9.9991E-05
0.207046 0.14405 0.526438 0.122466
0.468753 0.00758361 0.499012 0.024651
0.447349 0.130374 0.422177 9.9991E-05
0.261457 0.084413 0.612946 0.0411838
0.376683 0.11894 0.488165 0.0162131
0.199358 0.182039 0.527537 0.0910665
0.254349 0.0850907 0.66046 9.9991E-05
0.60639 0.0884428 0.305068 9.9991E-05
0.239706 0.0987661 0.661428 9.9991E-05
0.579659 0.0710779 0.349164 9.9991E-05
0.323286 0.145122 0.531492 9.9991E-05
0.13037 0.12093 0.626923 0.121778
0.236754 0.0416016 0.676297 0.0453468
9.9991E-05 0.230998 0.580249 0.188653
0.135123 0.242283 0.474056 0.148538
0.1978 0.393473 0.263362 0.145365
0.260343 0.274901 0.309295 0.155461
0.0643189 0.179123 0.616288 0.14027
0.191539 0.281345 0.417521 0.109595
0.563882 0.265246 9.9991E-05 0.170772
0.116045 0.335429 0.467731 0.0807947
0.368777 0.219868 9.9991E-05 0.411255
0.0654446 0.281764 0.569449 0.0833423
0.665635 0.0472032 0.287061 9.9991E-05
0.899172 0.0164945 0.0842333 9.9991E-05
0.347534 0.0848726 0.567494 9.9991E-05
0.187116 0.0117182 0.801065 9.9991E-05
0.38475 9.9982E-05 0.61505 9.9982E-05
0.272526 9.9982E-05 0.727274 9.9982E-05
0.255614 0.116034 0.628252 9.9991E-05
0.0144988 0.0688246 0.113697 0.802979
0.125354 0.137405 9.9991E-05 0.737141
9.9982E-05 0.0655671 9.9982E-05 0.934233
9.9991E-05 0.0269371 0.00560653 0.967356
0.279 0.0401927 0.643015 0.0377916
0.202905 0.0355834 0.633961 0.12755
0.237538 9.9991E-05 0.738471 0.0238909
0.0455692 9.9991E-05 0.793832 0.160499
0.153162 0.104853 0.660394 0.0815905
0.433693 9.9991E-05 0.527443 0.0387637
0.150837 0.0363581 0.812705 9.9991E-05
0.305675 9.9991E-05 0.627752 0.0664726
9.9991E-05 0.221864 0.548672 0.229365
0.375481 0.0740604 0.550358 9.9991E-05
0.366327 9.9991E-05 0.63063 0.00294345
0.217466 9.9982E-05 0.782334 9.9982E-05
0.337287 9.9991E-05 0.661261 0.00135183
0.16357 0.00887715 0.827453 9.9991E-05
0.110887 0.0721615 0.730436 0.0865155
0.588901 9.9982E-05 0.410899 9.9982E-05
0.441612 0.0154463 0.542841 9.9991E-05
0.367852 9.9991E-05 0.612262 0.0197868
0.736044 9.9982E-05 0.263756 9.9982E-05
0.345669 9.9991E-05 0.624732 0.0294992
0.62333 9.9982E-05 0.37647 9.9982E-05
0.823691 9.9982E-05 0.176109 9.9982E-05
0.179933 0.0486804 0.733179 0.0382074
0.478927 9.9991E-05 0.469643 0.05133
0.257773 0.0711737 0.670953 9.9991E-05
0.112135 0.124448 0.649567 0.113851
0.219985 9.9991E-05 0.747021 0.0328944
0.44584 0.137285 0.416775 9.9991E-05
0.138943 9.9991E-05 0.799128 0.0618289
0.191812 0.0279744 0.727569 0.0526442
0.403241 9.9982E-05 0.596559 9.9982E-05
0.121534 0.0948167 0.623976 0.159673
0.27179 9.9982E-05 9.9982E-05 0.72801
0.15738 0.034959 0.0133466 0.794314
0.116239 9.9982E-05 9.9982E-05 0.883561
0.13332 9.9991E-05 0.00218321 0.864396
0.132888 9.9991E-05 0.0773484 0.789663
0.547955 9.9991E-05 0.448821 0.00312427
0.570709 9.9991E-05 0.385284 0.0439073
0.492977 9.9982E-05 0.506823 9.9982E-05
0.0866316 0.102841 0.661029 0.149498
0.0977036 0.0864444 0.698908 0.116944
0.387602 9.9991E-05 0.602605 0.00969293
0.170417 0.0544653 0.775018 9.9991E-05
0.234399 0.0908344 0.660055 0.0147118
0.195708 9.9991E-05 0.779292 0.0248996
0.112384 0.0805045 0.800888 0.00622294
0.464336 0.0218047 0.513759 9.9991E-05
0.349064 9.9982E-05 0.650736 9.9982E-05
0.346137 9.9991E-05 0.641962 0.0118003
0.0976191 0.00602478 0.76172 0.134637
0.308465 9.9991E-05 0.679222 0.0122131
0.272979 0.036953 0.666876 0.0231923
0.0675096 0.468652 0.424341 0.0394969
9.9991E-05 0.590206 0.367143 0.0425506
9.9991E-05 0.535335 0.349139 0.115426
9.9991E-05 0.615442 0.264331 0.120127
0.0234196 0.335071 0.559564 0.0819461
0.252356 0.126627 0.620917 9.9991E-05
0.0450112 0.669101 0.0276645 0.258223
0.0196217 0.564577 0.214412 0.201389
0.142759 0.246857 0.438562 0.171822
0.0606154 9.9991E-05 0.764892 0.174393
0.25432 0.103713 0.510865 0.131102
0.0167274 0.0818594 0.759322 0.142091
0.181388 0.0679939 0.683698 0.0669197
9.9991E-05 0.46318 0.365913 0.170808
0.0743171 0.473999 0.346971 0.104713
9.9982E-05 0.567934 0.431866 9.9982E-05
0.0149028 0.394059 0.460006 0.131032
9.9991E-05 0.580415 0.31097 0.108515
0.0619554 0.401179 0.338997 0.197868
9.9991E-05 0.608455 0.220388 0.171056
0.0464171 0.464376 0.472306 0.0169011
0.217383 0.105201 0.552905 0.124511
0.145302 0.432378 0.278466 0.143854
9.9991E-05 0.69763 0.13869 0.16358
0.0745004 0.40804 0.380604 0.136856
0.445778 9.9991E-05 0.350144 0.203977
0.163881 0.185366 0.646127 0.00462646
0.080777 0.242257 0.463932 0.213034
0.0948879 0.123161 0.664351 0.1176
0.182577 0.0389365 0.614598 0.163888
0.0566716 0.267176 0.420018 0.256134
0.033726 0.285831 0.370657 0.309787
0.12014 0.188328 0.643526 0.0480058
0.0122422 0.453005 0.375981 0.158772
9.9991E-05 0.581543 0.327703 0.0906536
0.0203548 0.66745 0.128592 0.183603
0.160512 0.215569 0.536072 0.0878473
0.192031 9.9991E-05 0.606664 0.201205
0.525928 0.149145 0.196596 0.128331
0.0460781 0.135135 0.724598 0.0941888
0.301169 0.158251 0.429376 0.111204
0.101598 0.272645 0.446379 0.179378
0.159113 0.172755 0.529202 0.138931
0.389038 0.285634 9.9991E-05 0.325229
0.414378 0.204071 9.9991E-05 0.381451
0.321876 0.190992 0.348791 0.138341
0.346137 0.307407 9.9991E-05 0.346356
0.21792 0.302927 9.9991E-05 0.479053
0.275576 0.251728 0.367166 0.10553
0.116612 0.246208 0.401281 0.2359
0.245448 0.263837 0.18342 0.307295
0.40255 0.322096 9.9991E-05 0.275254
0.0976719 0.200343 0.578937 0.123048
0.442506 0.216442 0.130062 0.210991
0.336131 0.17594 9.9991E-05 0.487829
0.0928763 0.253465 0.582138 0.0715201
0.20795 0.28174 0.292986 0.217324
9.9991E-05 0.19433 0.438051 0.367519
9.9991E-05 0.286233 0.544073 0.169594
9.9991E-05 0.266009 0.58676 0.147131
9.9991E-05 0.27451 0.536253 0.189136
9.9991E-05 0.242438 0.402469 0.354993
0.00771295 0.198903 0.559444 0.23394
0.0120351 0.344503 0.378072 0.26539
0.0482282 0.258065 0.40074 0.292967
0.22048 0.145481 0.441876 0.192163
0.111374 0.215648 0.537748 0.135229
9.9991E-05 0.157023 0.611622 0.231254
0.092717 0.136506 0.654029 0.116748
0.0807919 0.315833 0.32291 0.280465
9.9991E-05 0.290654 0.544826 0.164419
0.12147 0.289562 0.188775 0.400193
0.0645377 0.378118 0.46252 0.0948239
0.163567 0.421483 0.161259 0.253691
0.166505 9.9982E-05 9.9982E-05 0.833295
0.657842 9.9991E-05 0.120279 0.221779
0.821884 9.9991E-05 0.0194702 0.158546
0.777805 9.9991E-05 0.0331863 0.188909
0.746615 9.9991E-05 0.107051 0.146234
0.657782 0.0296568 0.0848741 0.227687
0.694005 9.9991E-05 0.196024 0.109871
0.809777 9.9982E-05 9.9982E-05 0.190023
0.592778 9.9991E-05 0.0355193 0.371602
0.0262766 0.0335683 9.9991E-05 0.940055
0.0386103 9.9991E-05 0.0874815 0.873808
9.9991E-05 0.0647859 0.00302275 0.932091
0.0855097 9.9991E-05 0.0599674 0.854423
0.0193902 0.0564822 0.0208653 0.903262
0.0364292 0.00219874 0.00910021 0.952272
0.0341387 0.132423 0.0749364 0.758502
0.00218288 0.106736 0.0120951 0.878986
0.112188 0.0421542 0.0897893 0.755869
9.9982E-05 0.0877362 9.9982E-05 0.912064
0.00509821 9.9982E-05 9.9982E-05 0.994702
0.0600108 0.0935338 9.9991E-05 0.846355
9.9991E-05 0.00663868 0.00283638 0.990425
9.9991E-05 0.0527267 0.0195701 0.927603
9.9991E-05 0.0452126 0.0751421 0.879545
9.9991E-05 0.0834291 0.0704903 0.845981
9.9991E-05 0.189437 0.021256 0.789207
9.9991E-05 0.129188 0.0722839 0.798428
9.9991E-05 0.0763447 0.114756 0.808799
0.201345 0.0249607 0.564081 0.209614
0.0455594 9.9991E-05 0.879847 0.0744937
0.0863182 0.0560583 0.76907 0.088554
0.59031 0.0981815 0.216211 0.0952971
0.12162 0.035046 0.671428 0.171907
0.56121 0.103897 0.149027 0.185866
0.123252 0.130225 0.670152 0.0763715
0.268206 9.9991E-05 0.60723 0.124463
0.200217 0.0521725 0.636878 0.110733
0.136671 9.9991E-05 0.784182 0.0790466
0.233946 0.0528394 0.558219 0.154995
0.140464 0.0492935 0.74555 0.0646928
0.144861 0.00499862 0.695921 0.154219
0.72734 0.0689324 0.195236 0.00849135
0.821678 9.9991E-05 0.0693266 0.108896
0.569307 0.0904397 0.236623 0.103629
0.0257364 0.0581996 0.760942 0.155122
0.175039 0.0358025 0.656768 0.13239
0.111229 0.0629121 0.681755 0.144104
0.0237857 0.125003 0.800874 0.0503374
9.9991E-05 0.293929 0.48952 0.216451
9.9991E-05 0.216797 0.605173 0.17793
0.266036 0.20107 0.103987 0.428906
0.032916 0.0870253 0.698831 0.181228
0.0150664 0.171615 0.47281 0.340509
0.349329 0.228862 9.9991E-05 0.421709
0.0355965 0.153712 0.497591 0.3131
0.0884041 0.218811 0.327404 0.365382
0.049342 0.12203 0.479843 0.348785
0.205664 0.214766 0.453536 0.126035
9.9991E-05 0.206611 0.591635 0.201654
0.0327696 0.244931 0.586544 0.135755
0.210477 0.290093 0.416127 0.0833038
0.0111825 0.175662 0.323158 0.489998
