0.0574122 0.942488 9.9991E-05
0.027492 0.954011 0.0184967
0.173991 0.825909 9.9991E-05
0.177016 0.808807 0.0141779
0.115109 0.884791 9.9991E-05
0.117298 0.681339 0.201363
0.0663393 0.889121 0.0445395
0.0685146 0.796383 0.135102
9.9991E-05 0.940371 0.0595289
0.217635 0.735739 0.0466264
0.0695867 0.785874 0.14454
0.156374 0.0757353 0.76789
0.380186 0.0146203 0.605194
0.141262 0.158095 0.700644
0.291849 0.110958 0.597193
0.311158 0.176534 0.512309
0.427137 0.0262286 0.546634
0.317802 9.9991E-05 0.682098
0.195766 0.223199 0.581034
9.9991E-05 0.211295 0.788605
0.278578 0.0660084 0.655413
0.33958 0.0387221 0.621698
0.320982 0.12104 0.557978
0.192575 0.157881 0.649544
0.41904 0.0513911 0.529569
0.428299 0.046682 0.52502
0.129362 0.177566 0.693072
0.264292 0.15221 0.583498
0.0947088 0.117693 0.787598
0.206925 0.792975 9.9991E-05
0.194516 0.805384 9.9991E-05
0.180847 0.791476 0.0276772
0.278602 0.678008 0.0433906
0.356397 0.0212344 0.622369
0.294868 0.0837796 0.621352
0.359639 9.9991E-05 0.640261
0.0122412 0.220052 0.767706
0.229485 9.9991E-05 0.770415
0.35581 0.0534121 0.590778
0.464494 9.9991E-05 0.535406
0.347197 0.024934 0.627869
0.363295 0.0824456 0.55426
0.0719181 0.0293177 0.898764
0.430086 0.0800836 0.48983
0.371727 0.0400885 0.588184
0.481003 0.0621972 0.4568
0.14658 9.9991E-05 0.85332
0.438455 9.9991E-05 0.561445
0.407412 0.0499371 0.542651
9.9991E-05 0.157444 0.842456
0.00488206 0.126811 0.868307
0.022173 0.15491 0.822917
0.342989 0.0721887 0.584823
0.465795 0.0176485 0.516557
0.387419 0.0150542 0.597526
0.00784626 0.224633 0.767521
0.310826 0.0019451 0.687228
0.457432 0.0443637 0.498204
0.179219 0.0978028 0.722978
0.0392156 0.313275 0.647509
0.389802 0.0117196 0.598479
0.274364 0.108607 0.617029
9.9991E-05 0.16112 0.83878
0.310008 0.00426052 0.685732
0.469262 9.9991E-05 0.530638
0.42351 0.05315 0.52334
0.189655 0.0684694 0.741876
0.356645 9.9991E-05 0.643255
0.438562 9.9991E-05 0.561338
0.0583247 0.155385 0.78629
0.30178 9.9991E-05 0.69812
0.116951 0.0280762 0.854973
0.436221 9.9991E-05 0.563679
9.9991E-05 0.0528829 0.947017
9.9991E-05 0.0127168 0.987183
0.166999 9.9991E-05 0.832901
0.243383 9.9991E-05 0.756517
0.32829 0.11562 0.55609
0.296212 9.9991E-05 0.703688
0.0997901 0.0913437 0.808866
0.129194 0.0889026 0.781903
0.373294 0.0624902 0.564216
0.146931 0.0346495 0.818419
0.290159 0.0137089 0.696133
0.162022 0.0242227 0.813755
9.9991E-05 0.0737647 0.926135
0.418703 9.9991E-05 0.581197
0.148413 0.841583 0.0100042
0.118049 0.881851 9.9991E-05
0.169731 0.830169 9.9991E-05
0.116464 0.883436 9.9991E-05
0.15377 0.84613 9.9991E-05
0.108008 0.891892 9.9991E-05
0.0972283 0.902672 9.9991E-05
0.422796 0.0151329 0.562071
0.419279 0.0554607 0.525261
9.9991E-05 0.0888126 0.911087
0.419686 0.073758 0.506556
0.228977 9.9991E-05 0.770923
0.403158 9.9991E-05 0.596742
0.292708 0.0146025 0.692689
0.369244 9.9991E-05 0.630656
9.9991E-05 0.0903088 0.909591
0.402462 0.0349754 0.562563
0.413088 9.9991E-05 0.586812
0.397815 0.106459 0.495726
0.15691 9.9991E-05 0.84299
0.352621 9.9991E-05 0.647279
0.249976 0.0446103 0.705414
0.29087 9.9991E-05 0.70903
0.242009 0.029797 0.728194
0.380639 0.10049 0.518872
0.133985 0.11233 0.753684
0.227453 0.151057 0.62149
0.31553 0.141469 0.543001
0.385171 0.0510922 0.563737
0.275825 0.0695748 0.6546
0.322409 9.9991E-05 0.677491
0.24172 0.0648632 0.693417
0.274625 0.119658 0.605718
0.428655 0.0762509 0.495094
0.365135 0.043211 0.591654
0.250888 0.0497087 0.699403
0.388327 9.9991E-05 0.611573
0.404315 0.0995027 0.496182
0.416609 9.9991E-05 0.583291
0.369764 0.0416508 0.588586
0.412574 9.9991E-05 0.587326
0.22707 0.118557 0.654373
0.477627 9.9991E-05 0.522273
0.487932 9.9991E-05 0.511968
0.168846 0.0787366 0.752418
0.0894804 0.1479 0.762619
0.299188 0.0480693 0.652743
0.0415986 0.0660425 0.892359
0.120982 0.123207 0.755811
0.216653 0.0330381 0.750309
0.0985608 0.0679222 0.833517
0.117456 0.0784855 0.804058
0.408385 0.0618645 0.529751
0.501065 0.0821014 0.416834
0.401843 0.05137 0.546787
0.100618 0.132589 0.766793
0.328913 0.0813744 0.589712
0.340163 0.0577924 0.602045
9.9991E-05 0.297746 0.702154
0.447304 0.0690298 0.483666
0.253502 0.108523 0.637975
0.364654 0.104649 0.530697
0.148399 0.17679 0.674811
0.0881994 0.169956 0.741845
0.183455 0.0798271 0.736718
0.358432 0.0927864 0.548782
0.30097 0.133281 0.565748
0.115427 0.227695 0.656878
0.441051 0.0584665 0.500482
0.155388 9.9991E-05 0.844512
0.223885 9.9991E-05 0.776015
0.481082 0.0641142 0.454803
0.395887 0.392477 0.211636
0.133969 0.751525 0.114506
0.127614 0.669727 0.202659
0.39662 0.484359 0.119021
0.418923 9.9991E-05 0.580977
0.406702 0.0668683 0.52643
0.912512 9.9991E-05 0.0873883
0.715081 0.00411863 0.280801
0.6528 0.0343569 0.312843
0.204136 0.0415461 0.754318
0.413211 0.0242587 0.56253
0.106129 0.0568616 0.837009
0.3256 9.9991E-05 0.6743
0.298635 0.011026 0.690339
0.391247 0.00984727 0.598906
0.0954462 0.0671297 0.837424
0.519412 0.0121016 0.468487
0.353932 9.9991E-05 0.645968
0.92964 0.0702598 9.9991E-05
0.923674 0.0762265 9.9991E-05
0.775564 0.133292 0.0911441
0.885562 0.0454913 0.0689468
0.889956 0.109944 9.9991E-05
0.931634 0.0682663 9.9991E-05
0.877617 0.122283 9.9991E-05
0.985199 0.0147008 9.9991E-05
0.95202 0.04788 9.9991E-05
0.92934 0.0705596 9.9991E-05
0.931645 0.0682549 9.9991E-05
0.872347 0.10948 0.0181729
0.860672 0.139228 9.9991E-05
0.93215 0.0677504 9.9991E-05
0.570446 0.0924412 0.337113
0.801598 0.148427 0.0499752
0.884144 0.115756 9.9991E-05
0.880904 0.118996 9.9991E-05
0.923441 0.0764589 9.9991E-05
0.873882 0.126018 9.9991E-05
0.947883 0.0520169 9.9991E-05
0.714651 0.165467 0.119882
0.868194 0.131706 9.9991E-05
0.0365651 0.539302 0.424133
0.331162 0.222699 0.446139
0.311823 0.227928 0.460249
0.243309 0.309092 0.447599
0.414921 0.0751748 0.509904
0.280741 0.329167 0.390093
0.342679 0.256275 0.401046
0.400066 0.183 0.416934
0.444918 0.165217 0.389865
0.430507 0.237662 0.331831
0.393715 0.180232 0.426052
0.109099 0.862953 0.0279483
0.100407 0.899493 9.9991E-05
0.0292558 0.970644 9.9991E-05
0.0772174 0.922683 9.9991E-05
0.087474 0.912426 9.9991E-05
0.12157 0.87833 9.9991E-05
0.142459 0.857441 9.9991E-05
0.0867355 0.909366 0.00389898
0.100921 0.898979 9.9991E-05
0.153769 0.846131 9.9991E-05
9.9991E-05 0.728403 0.271497
9.9991E-05 0.719579 0.280321
9.9991E-05 0.659233 0.340667
9.9991E-05 0.586125 0.413775
0.284406 0.0625025 0.653091
0.346307 9.9991E-05 0.653593
0.327704 9.9991E-05 0.672196
0.205415 0.0750662 0.719519
0.0250551 0.120015 0.85493
0.404233 9.9991E-05 0.595667
0.355801 9.9991E-05 0.644099
0.27689 9.9991E-05 0.72301
0.268607 9.9991E-05 0.731293
0.376933 0.0767592 0.546307
0.27238 9.9991E-05 0.72752
9.9991E-05 0.0484365 0.951464
0.359603 0.0256928 0.614704
0.140548 0.0529421 0.80651
0.317032 9.9991E-05 0.682868
9.9991E-05 0.0825316 0.917368
9.9991E-05 0.334523 0.665377
9.9991E-05 0.284056 0.715844
9.9991E-05 0.254775 0.745125
9.9991E-05 0.313971 0.685929
9.9991E-05 0.262499 0.737401
9.9991E-05 0.321216 0.678684
0.160155 0.839745 9.9991E-05
0.187663 0.812237 9.9991E-05
0.251413 0.748487 9.9991E-05
0.195386 0.804514 9.9991E-05
0.176185 0.823715 9.9991E-05
9.9991E-05 0.556936 0.442964
9.9991E-05 0.638219 0.361681
9.9991E-05 0.569151 0.430749
0.179884 0.813269 0.0068477
9.9991E-05 0.541674 0.458226
0.564903 0.273553 0.161544
0.546912 0.128452 0.324637
0.624024 0.155918 0.220057
0.519473 0.222147 0.258379
0.547062 0.1176 0.335338
0.346922 0.595983 0.0570949
0.22545 0.00848232 0.766068
0.162567 0.049847 0.787586
0.120222 0.168172 0.711605
0.271526 0.0282242 0.70025
9.9991E-05 0.0627262 0.937174
0.361665 0.0780537 0.560281
0.283031 0.0178753 0.699094
0.146451 0.105488 0.748061
0.347824 0.0503892 0.601787
9.9991E-05 0.0978533 0.902047
0.306724 9.9991E-05 0.693176
0.307812 9.9991E-05 0.692088
0.435463 0.136289 0.428248
0.204454 9.9991E-05 0.795446
0.225747 0.0453081 0.728945
0.331876 9.9991E-05 0.668024
0.314701 0.0341499 0.651149
0.415949 0.00247022 0.581581
0.391836 0.0992836 0.50888
0.378651 0.029452 0.591897
0.24411 0.75579 9.9991E-05
0.160838 0.839062 9.9991E-05
0.110532 0.793903 0.0955649
0.0945801 0.836115 0.0693052
0.153463 0.846437 9.9991E-05
0.0457849 0.166628 0.787587
0.305568 0.0303561 0.664075
0.431136 0.229597 0.339267
0.44467 0.0150149 0.540316
0.292639 0.0472049 0.660156
0.180936 0.0958562 0.723208
9.9991E-05 0.268049 0.731851
0.30077 0.0134106 0.685819
0.0422674 0.230636 0.727097
0.286076 0.0814918 0.632432
9.9991E-05 0.304449 0.695451
0.403799 0.103112 0.493089
0.0573169 0.234448 0.708235
0.227335 0.101944 0.670721
0.328751 0.0792854 0.591964
0.132626 0.0904748 0.7769
0.348128 0.0433565 0.608515
0.415219 0.0543822 0.530399
0.170076 0.0263611 0.803562
0.327372 0.0701369 0.602491
0.352726 0.000781135 0.646493
9.9991E-05 0.0811782 0.918722
0.107287 0.057899 0.834814
0.26189 0.0263546 0.711755
9.9991E-05 0.124567 0.875333
0.176855 0.0622393 0.760905
0.0208765 0.182396 0.796728
0.125425 9.9991E-05 0.874475
0.254851 0.0803362 0.664813
0.489354 9.9991E-05 0.510546
0.0983867 0.012908 0.888705
0.375291 0.103424 0.521285
0.432279 0.0262633 0.541458
0.403278 0.00486901 0.591853
0.349224 0.0697066 0.58107
0.238945 0.0731156 0.687939
0.174065 0.0561925 0.769743
0.301579 0.0696288 0.628792
0.378542 9.9991E-05 0.621358
0.409386 0.0625201 0.528094
0.261151 0.0830516 0.655797
0.365377 9.9991E-05 0.634523
0.200525 0.191218 0.608257
0.414243 9.9991E-05 0.585657
0.400564 9.9991E-05 0.599336
0.370205 0.12781 0.501985
0.458726 0.336065 0.205209
0.543189 0.100083 0.356729
0.492091 0.0898653 0.418044
0.488326 0.0264177 0.485256
0.544644 0.183379 0.271978
0.265761 9.9991E-05 0.734139
0.50062 0.144507 0.354873
0.151202 0.390627 0.458171
0.48974 0.148663 0.361597
0.522807 0.0334618 0.443731
0.531393 0.0175844 0.451023
0.318895 0.282144 0.398961
0.486334 0.0952356 0.41843
0.579809 0.0626455 0.357546
0.154282 0.682569 0.163149
0.486565 0.131567 0.381868
0.504857 0.147009 0.348134
0.440061 0.100888 0.459051
0.548446 0.144172 0.307382
0.430733 0.134095 0.435172
0.341431 0.0377095 0.620859
0.34804 0.134239 0.517721
9.9991E-05 0.0259307 0.973969
9.9991E-05 0.0918514 0.908049
0.344259 0.0582652 0.597476
0.621002 0.116617 0.262381
0.53696 0.152862 0.310178
0.44036 0.292714 0.266925
0.546585 0.197583 0.255833
0.12533 0.202409 0.672261
0.197394 0.180902 0.621704
0.432293 9.9991E-05 0.567607
0.432075 0.016746 0.551179
0.222731 0.152098 0.625171
0.425706 9.9991E-05 0.574194
0.5044 0.00647364 0.489126
0.414464 0.062814 0.522722
0.204022 9.9991E-05 0.795878
0.259168 0.0113066 0.729525
0.366004 0.00779082 0.626206
0.231364 0.115318 0.653318
0.380461 0.0645742 0.554964
0.272634 0.0092091 0.718156
0.122272 0.0104633 0.867265
0.397735 9.9991E-05 0.602165
0.10226 0.00697303 0.890767
0.286927 9.9991E-05 0.712973
0.39831 0.0293189 0.572371
0.278765 0.0763141 0.644921
0.497802 0.153483 0.348715
0.41942 0.124667 0.455912
0.482265 0.183548 0.334187
0.423913 0.207825 0.368262
0.413189 0.179219 0.407592
0.42898 0.184059 0.386961
0.15006 0.341327 0.508613
0.625444 0.0275445 0.347011
0.115699 0.564984 0.319317
0.536077 0.0497459 0.414177
0.0342858 0.00673752 0.958977
9.9991E-05 0.0895118 0.910388
0.26897 9.9991E-05 0.73093
0.349113 9.9991E-05 0.650787
0.22187 9.9991E-05 0.77803
0.314657 9.9991E-05 0.685243
0.366847 9.9991E-05 0.633054
0.167056 0.795833 0.0371113
0.160826 0.767318 0.071856
0.119818 0.880082 9.9991E-05
0.0551906 0.944709 9.9991E-05
0.373715 9.9991E-05 0.626185
0.341435 0.0258512 0.632714
0.259358 9.9991E-05 0.740542
0.342355 0.0919894 0.565656
0.349441 0.0562063 0.594353
0.108028 0.0464654 0.845506
0.401327 9.9991E-05 0.598573
0.197938 9.9991E-05 0.801962
0.47197 0.270768 0.257262
0.277403 9.9991E-05 0.722497
0.177459 0.00363949 0.818901
0.335626 9.9991E-05 0.664274
0.221466 9.9991E-05 0.778434
0.289904 9.9991E-05 0.709996
0.292737 0.0385491 0.668714
9.999E-05 9.999E-05 0.9998
0.149852 9.9991E-05 0.850048
0.237728 9.9991E-05 0.762172
9.999E-05 9.999E-05 0.9998
0.221159 9.9991E-05 0.778741
0.0577184 0.0449229 0.897359
9.9991E-05 0.0757048 0.924195
0.367375 0.00775533 0.62487
0.129759 0.043886 0.826355
0.314992 9.9991E-05 0.684908
0.448751 9.9991E-05 0.551149
0.328415 9.9991E-05 0.671485
0.250159 9.9991E-05 0.749741
0.370171 9.9991E-05 0.629729
0.31401 9.9991E-05 0.68589
0.172227 9.9991E-05 0.827673
0.360955 9.9991E-05 0.638945
9.9991E-05 0.750389 0.249511
0.073285 0.776207 0.150508
9.9991E-05 0.899953 0.0999472
9.9991E-05 0.888637 0.111263
9.9991E-05 0.830088 0.169812
0.0612309 0.0712932 0.867476
0.0433406 0.122978 0.833681
0.0944926 9.9991E-05 0.905407
0.482781 0.0455696 0.47165
0.296677 0.15745 0.545873
0.205595 0.00538739 0.789017
0.446847 9.9991E-05 0.553053
0.295337 0.054726 0.649936
0.345383 9.9991E-05 0.654517
0.481941 0.0376713 0.480388
0.119768 0.0210711 0.859161
0.212033 0.0117452 0.776221
0.177722 9.9991E-05 0.822178
0.406542 0.027599 0.565859
0.222001 9.9991E-05 0.777899
0.319878 9.9991E-05 0.680022
0.700489 0.0799208 0.219591
0.721168 0.105516 0.173316
0.739465 0.132091 0.128444
0.668923 0.191352 0.139724
0.613754 0.108308 0.277938
0.384292 9.9991E-05 0.615608
0.651101 0.348799 9.9991E-05
0.704928 0.167234 0.127838
0.407895 0.128909 0.463196
0.384164 0.166036 0.449799
0.257258 0.166601 0.576141
0.368279 0.14297 0.488751
0.416803 0.0509829 0.532214
0.763018 0.210066 0.0269154
0.592072 0.164373 0.243555
0.829253 0.0660456 0.104701
0.629296 0.125425 0.245279
0.712642 0.153562 0.133796
0.559026 0.168323 0.272651
0.748619 0.172393 0.0789878
0.631045 0.0508171 0.318138
0.37812 0.0456061 0.576274
0.631974 0.206576 0.16145
0.770435 0.229465 9.9991E-05
0.536902 0.158765 0.304333
0.0625151 0.243041 0.694444
0.437947 9.9991E-05 0.561953
0.542556 0.186875 0.270568
0.418707 0.0160742 0.565219
0.337146 0.12453 0.538325
0.465003 0.284453 0.250544
0.485028 0.242255 0.272717
0.527181 9.9991E-05 0.472719
0.591791 0.129148 0.279061
0.839667 0.0601015 0.100231
0.72764 0.27226 9.9991E-05
0.431055 0.153297 0.415648
0.250221 0.100158 0.649622
0.121716 0.208435 0.66985
0.501317 0.0466148 0.452068
0.235293 0.142179 0.622528
0.479048 0.16199 0.358963
0.34029 0.175444 0.484266
0.225738 0.480845 0.293417
0.0850691 0.554361 0.36057
0.296833 0.224511 0.478657
0.236941 0.493822 0.269237
0.25887 0.574982 0.166148
0.377997 0.167078 0.454925
0.414317 0.234545 0.351138
0.315242 0.357009 0.327749
0.250579 0.395262 0.354158
0.460798 0.128299 0.410902
0.214677 0.319276 0.466047
0.0989991 0.639775 0.261226
0.484428 0.0792149 0.436357
0.453244 0.224588 0.322168
0.499579 0.28057 0.219851
0.580258 0.125107 0.294635
0.537707 0.0995393 0.362753
0.564989 0.166177 0.268834
0.465108 0.366966 0.167926
0.552199 0.188433 0.259368
0.540619 0.211523 0.247858
0.476468 0.230341 0.293191
0.310816 0.226713 0.462471
0.419613 0.16931 0.411077
0.456284 0.136366 0.40735
0.506396 0.027736 0.465868
0.504004 0.28126 0.214736
0.47076 0.173921 0.355318
0.326417 0.440712 0.232871
0.572316 0.158915 0.268769
0.491061 0.269068 0.239871
0.0201834 0.844353 0.135464
9.9991E-05 0.255773 0.744127
9.9991E-05 0.273266 0.726634
9.9991E-05 0.248124 0.751776
9.9991E-05 0.25001 0.74989
9.9991E-05 0.307339 0.692561
9.9991E-05 0.161901 0.837999
9.9991E-05 0.322641 0.677259
9.9991E-05 0.448265 0.551635
0.0887358 0.911164 9.9991E-05
0.0737976 0.837654 0.0885485
0.124885 0.875015 9.9991E-05
0.0613458 0.850995 0.0876595
0.0935777 0.906322 9.9991E-05
0.0401747 0.943608 0.0162175
0.231516 0.768384 9.9991E-05
0.138358 0.861542 9.9991E-05
0.127112 0.781758 0.0911294
0.12674 0.87316 9.9991E-05
9.9991E-05 0.995958 0.0039423
0.131228 0.868672 9.9991E-05
0.0878969 0.912003 9.9991E-05
0.109112 0.890788 9.9991E-05
0.166989 0.832911 9.9991E-05
0.175688 0.824212 9.9991E-05
0.257474 0.742426 9.9991E-05
0.233215 0.766685 9.9991E-05
0.225346 0.774554 9.9991E-05
0.266815 0.172057 0.561128
0.400168 9.9991E-05 0.599732
0.459696 0.0594075 0.480897
0.0519413 0.18319 0.764869
0.316952 0.119245 0.563804
0.0548121 0.27788 0.667308
0.445733 0.0761527 0.478115
0.205081 0.11713 0.677789
0.317039 0.088273 0.594688
0.313229 0.0129566 0.673815
0.296688 0.0885127 0.614799
0.419531 0.00937317 0.571096
0.349951 0.111988 0.53806
0.0163459 0.151736 0.831918
9.9991E-05 0.222143 0.777757
0.0829084 0.204674 0.712418
0.477224 0.00112332 0.521653
0.362993 0.0993986 0.537608
0.335308 0.0843802 0.580311
0.484869 0.0437166 0.471415
0.505491 0.188674 0.305835
0.531523 0.09874 0.369737
0.264984 0.431993 0.303023
0.453099 0.0837256 0.463175
0.401227 0.225828 0.372945
0.159033 0.584422 0.256545
0.409782 0.289819 0.300398
0.33975 0.356662 0.303588
0.393258 0.277013 0.329729
0.596241 0.100393 0.303366
0.50499 0.224182 0.270828
0.601064 0.0237024 0.375234
0.417743 0.183698 0.39856
0.363746 0.479049 0.157205
