9.9973E-05 0.0155267 9.9973E-05 0.0891763 0.894997 9.9973E-05
0.00184738 9.9982E-05 0.0530039 0.00908188 0.935867 9.9982E-05
9.99864E-05 0.0808179 9.99864E-05 0.0689422 0.792159 0.0578806
9.9982E-05 0.0870046 9.9982E-05 0.129699 0.782789 0.000307475
9.9982E-05 0.0818232 0.039659 9.9982E-05 0.861714 0.0166037
0.0123035 0.0387002 0.197885 0.137165 0.555651 0.0582953
9.9982E-05 9.9982E-05 0.17299 0.0423334 0.781301 0.00317538
9.9982E-05 0.028192 0.202148 0.10904 0.66042 9.9982E-05
0.00748693 9.9982E-05 0.101725 0.0882776 0.802311 9.9982E-05
9.9991E-05 0.0355522 0.136807 0.0380802 0.681113 0.108348
9.9982E-05 9.9982E-05 0.140663 0.135411 0.718581 0.00514448
0.201463 0.0757073 0.0737465 0.419767 9.9991E-05 0.229217
9.999E-05 0.0441093 0.100355 0.279532 0.00781081 0.568093
0.244656 0.0885031 0.0413413 0.348087 0.0640707 0.213343
0.137002 0.148234 0.0302642 0.289537 0.0623005 0.332663
0.135509 0.103436 0.061203 0.19074 0.0876219 0.42149
0.0161713 0.1207 0.109228 0.126388 9.9991E-05 0.627413
0.18612 0.134612 0.00466782 0.273522 0.0194018 0.381676
0.192827 0.0616176 9.9991E-05 0.303946 0.141519 0.299991
0.115882 0.070194 0.155554 0.611403 0.00957063 0.0373957
0.218771 0.129506 0.00520841 0.273624 9.9991E-05 0.372791
0.118118 0.042907 0.240946 0.110247 9.9991E-05 0.487682
0.085819 0.00592908 0.0869956 0.237417 0.0378399 0.546
0.117023 0.114455 0.102518 0.349468 9.9991E-05 0.316436
0.0506439 0.0274644 0.0624765 0.0413774 0.191127 0.626911
0.0258905 0.0496315 0.0855224 0.177676 0.0422509 0.619029
0.244197 0.123418 9.9982E-05 0.463371 9.9982E-05 0.168814
0.163411 0.198889 0.0707954 0.374863 0.0412183 0.150823
0.219998 0.0188243 0.0886444 0.436707 9.9991E-05 0.235726
9.9973E-05 0.0902949 9.9973E-05 9.9973E-05 0.817723 0.0916822
9.9973E-05 0.0152078 9.9973E-05 9.9973E-05 0.840503 0.143989
9.9982E-05 0.0651417 0.00225687 9.9982E-05 0.786429 0.145972
0.113414 0.116215 9.9982E-05 9.9982E-05 0.688659 0.0815119
0.272688 9.9982E-05 9.9982E-05 0.096014 0.0651323 0.565966
0.252928 0.12977 9.9991E-05 0.103711 0.0683925 0.445099
0.403035 9.9973E-05 9.9973E-05 9.9973E-05 0.0761218 0.520543
0.172309 9.9982E-05 9.9982E-05 0.571786 0.0970273 0.158677
0.611613 0.0515301 9.9991E-05 0.0201401 0.0151981 0.301419
0.260003 0.0549501 9.9991E-05 0.133771 0.0397036 0.511473
0.198084 0.0457403 0.0535263 9.9991E-05 0.0238538 0.678695
0.126196 0.00146043 0.0905074 0.0736488 0.102772 0.605416
0.0799414 0.0117903 0.0618694 0.0801866 0.11969 0.646523
0.698091 9.9991E-05 0.0457718 0.0562027 0.0565901 0.143245
0.0634446 0.0390852 0.197937 0.0359379 0.0391448 0.624451
0.229842 0.0887906 0.0184309 9.9991E-05 0.0755647 0.587272
0.079917 0.0580884 0.0335357 0.04605 0.162099 0.62031
0.677205 9.9964E-05 9.9964E-05 9.9964E-05 9.9964E-05 0.322395
0.208156 0.0254068 9.9982E-05 9.9982E-05 0.123052 0.643185
0.148781 0.0333927 0.046606 0.0227291 0.119843 0.628648
0.695714 9.9982E-05 0.216034 0.0256553 0.0623966 9.9982E-05
0.291923 9.9982E-05 0.0925805 0.416909 9.9982E-05 0.198388
0.379004 0.0126781 0.365283 0.143903 0.00875781 0.0903736
0.170017 0.0652995 0.0840944 0.110035 0.0427015 0.527852
0.012122 0.102072 0.193315 0.0917115 0.0635735 0.537206
0.0650688 0.0513989 0.076221 0.0341197 0.0671429 0.706049
0.275496 9.9991E-05 0.129973 0.317248 0.0857223 0.191461
0.138769 0.0164282 0.0801244 0.162417 0.0093254 0.592937
9.9982E-05 0.0805406 0.175065 0.151356 9.9982E-05 0.592838
0.2434 9.9991E-05 0.0417603 0.231131 0.13703 0.346579
0.107454 0.053889 0.196754 0.353467 0.167864 0.120572
0.11816 9.9991E-05 0.118209 0.0995975 0.0457742 0.618159
0.1158 0.081924 0.139032 0.241971 0.0458472 0.375426
0.22946 9.9991E-05 0.112668 0.551034 0.0475279 0.0592094
0.18175 0.0590377 0.0185202 0.257584 9.9991E-05 0.483008
0.0781928 0.055155 0.079152 0.100947 0.0553873 0.631166
0.037297 0.0626766 0.100135 0.156985 0.0479169 0.59499
0.284114 0.0700454 0.0752603 0.301042 0.0304659 0.239072
0.104446 0.114851 0.107987 0.220026 9.9991E-05 0.45259
0.0615549 0.0221271 0.0164505 0.162425 0.115931 0.621511
0.233738 9.9991E-05 0.131522 0.392846 0.0296084 0.212186
0.373039 9.9973E-05 9.9973E-05 0.0853904 9.9973E-05 0.541271
0.602318 9.9982E-05 9.9982E-05 0.120639 0.0479943 0.228849
0.26967 9.9982E-05 0.0708055 9.9982E-05 0.0792473 0.580077
0.862167 9.9973E-05 0.136025 9.9973E-05 9.9973E-05 0.00150849
0.893081 9.9964E-05 0.106519 9.9964E-05 9.9964E-05 9.9964E-05
0.749494 9.9982E-05 0.0134733 0.00964196 9.9982E-05 0.22719
0.349465 9.9991E-05 0.0371718 0.088806 0.0495796 0.474878
0.192328 0.0225282 0.0223354 0.0664716 0.198076 0.498261
0.499863 0.0893786 9.9982E-05 0.0133092 9.9982E-05 0.39725
0.608693 0.0342687 9.9991E-05 0.192288 0.0767305 0.0879196
0.44267 9.9982E-05 9.9982E-05 0.25 0.0832737 0.223857
0.23233 0.0822019 0.0162051 0.0207811 0.114192 0.53429
0.581627 0.026315 9.9991E-05 0.0456261 0.0618259 0.284506
0.424495 9.9982E-05 9.9982E-05 0.0576538 0.075754 0.441897
0.574673 9.9982E-05 9.9982E-05 0.0249918 0.0207538 0.379381
0.760763 0.0101657 0.194181 0.000131523 0.0346589 9.9991E-05
0.0948622 0.0486811 0.127788 0.0586122 0.0298549 0.640201
0.0279359 0.0285817 9.9991E-05 0.0157159 0.823948 0.103718
9.9964E-05 9.9964E-05 9.9964E-05 9.9964E-05 0.899183 0.100417
9.9973E-05 0.064705 9.9973E-05 9.9973E-05 0.853043 0.0819524
0.0323644 9.9982E-05 0.0202469 9.9982E-05 0.907015 0.0401736
9.9982E-05 0.0289408 0.0155173 9.9982E-05 0.876624 0.0787176
0.00186958 0.00602442 0.038403 9.9991E-05 0.878068 0.0755347
9.9973E-05 0.00345035 9.9973E-05 9.9973E-05 0.920594 0.0756558
0.204701 0.10021 0.0351514 0.172751 0.0142472 0.47294
0.143335 0.0117511 0.0250724 0.0752367 0.10985 0.634755
0.874527 9.99803E-05 9.99803E-05 0.0587039 0.0664694 9.99803E-05
0.126935 0.117949 0.0873837 9.9991E-05 0.130683 0.536949
0.409808 9.9982E-05 9.9982E-05 0.0906632 0.0423447 0.456985
0.347849 9.9973E-05 9.9973E-05 9.9973E-05 0.0867597 0.565092
0.332288 0.0377956 0.00212573 9.9991E-05 0.0751639 0.552526
0.462502 0.0924962 9.9982E-05 9.9982E-05 0.0247196 0.420082
0.757875 9.9973E-05 9.9973E-05 0.147927 0.0938983 9.9973E-05
0.133262 0.0528665 0.0704408 0.0785481 0.130851 0.534032
0.182997 0.0449897 0.0260788 0.103294 0.0177777 0.624863
0.112631 0.094204 0.0722411 0.17035 9.9991E-05 0.550474
0.588013 0.000642883 0.127186 0.00764403 9.9991E-05 0.276414
0.400556 9.9973E-05 0.0350736 9.9973E-05 9.9973E-05 0.564071
0.354232 9.9982E-05 9.9982E-05 0.101516 0.0830016 0.461051
0.645713 0.0779434 9.9973E-05 9.9973E-05 9.9973E-05 0.276043
0.356643 9.9982E-05 9.9982E-05 0.0710048 0.102872 0.46928
0.257049 0.0387281 0.0155427 9.9991E-05 0.122653 0.565927
0.258387 0.0281959 0.181702 0.338489 9.9991E-05 0.193126
0.0183433 0.0624133 0.0731475 0.345147 0.0928092 0.40814
0.0858503 0.181231 9.9991E-05 0.353287 0.0402409 0.33929
0.139409 0.0567706 0.115714 0.0952811 0.0922066 0.500619
0.0415713 9.9982E-05 9.9982E-05 0.323693 0.0559527 0.578583
9.9991E-05 0.00598891 0.0516242 0.23788 0.00423914 0.700168
0.0481443 0.028458 0.0352847 0.378144 0.0338519 0.476117
0.143837 0.0348167 0.0837045 0.199192 0.0729183 0.465531
0.126056 9.9991E-05 0.0778731 0.144272 0.0631094 0.58859
0.077474 9.9991E-05 0.0732738 0.172211 0.0419467 0.634995
0.0420678 9.9973E-05 9.9973E-05 0.395382 9.9973E-05 0.56225
0.00868826 0.0447272 0.0580058 0.229758 0.0112854 0.647535
0.143748 0.0933389 0.0540461 0.0855653 0.0823532 0.540948
0.164264 0.12414 9.9982E-05 0.174166 9.9982E-05 0.537231
0.116146 9.9991E-05 0.1148 0.0868095 0.0634309 0.618714
0.157907 0.0515494 0.0368329 0.197111 9.9991E-05 0.5565
0.0153192 9.9991E-05 0.18338 0.272857 0.0745165 0.453827
0.0872602 0.0570796 0.101405 0.162163 9.9991E-05 0.591992
9.9982E-05 0.00668646 0.114273 0.134437 9.9982E-05 0.744403
0.240659 0.0778549 0.0276863 0.41329 9.9991E-05 0.24041
0.18369 0.0176986 0.299371 0.27096 9.9991E-05 0.228181
0.0969594 0.00852426 0.114087 0.231263 0.031334 0.517833
0.349217 0.0747585 0.262999 0.2629 9.9991E-05 0.0500263
0.20062 9.9991E-05 0.0176522 0.458302 0.0278588 0.295467
0.209735 9.9982E-05 9.9982E-05 0.333726 0.0262027 0.430136
0.222666 9.9982E-05 9.9982E-05 0.369591 0.0512082 0.356335
0.227831 0.0069636 0.0227958 0.435161 9.9991E-05 0.307149
0.0612204 9.9991E-05 0.012965 0.10411 0.128088 0.693516
0.159594 0.0867636 9.9991E-05 0.122461 0.101646 0.529435
0.15437 0.067076 0.0320432 0.153306 0.0770256 0.516179
0.250143 0.0752615 0.232442 0.33095 9.9991E-05 0.111104
0.0106546 0.0463142 0.0953905 0.174246 0.147601 0.525794
0.102686 0.105945 0.193083 0.0679097 0.0207733 0.509604
0.237013 9.9991E-05 0.494179 0.163095 0.083423 0.0221894
0.127699 0.100588 0.10678 9.9991E-05 0.0920521 0.572781
0.182218 0.00659633 0.241225 0.0601136 0.0641332 0.445715
0.0893283 0.0553814 0.172979 0.0798675 0.154575 0.447869
0.151239 9.9991E-05 0.358694 0.0767662 0.102778 0.310423
0.128648 9.9991E-05 0.462464 0.184555 0.00568787 0.218545
0.100309 9.9991E-05 0.2319 0.148176 0.0242055 0.495309
0.105553 9.9991E-05 0.169558 0.111987 0.0409669 0.571836
0.110888 0.0691117 0.178557 0.132206 0.0645888 0.444649
0.301813 0.163888 0.416448 0.107286 0.0104661 9.9991E-05
0.0719861 0.0692556 0.114129 0.099716 0.0652074 0.579706
0.243374 9.9982E-05 0.271268 0.101389 9.9982E-05 0.38377
0.308399 9.9982E-05 0.141349 0.0661538 9.9982E-05 0.483898
0.0904988 9.9991E-05 0.0832546 0.178317 0.0785119 0.569318
0.0178047 0.202726 0.275788 9.9991E-05 0.317218 0.186362
9.9973E-05 0.119505 0.455007 9.9973E-05 0.425188 9.9973E-05
9.9973E-05 0.117705 0.488897 9.9973E-05 0.393099 9.9973E-05
9.9991E-05 0.292295 0.226267 0.0389573 0.347316 0.0950647
0.0542852 9.9973E-05 0.264435 9.9973E-05 9.9973E-05 0.68098
0.0975331 0.0315905 0.119874 0.0718449 0.102473 0.576685
9.9964E-05 0.721861 9.9964E-05 9.9964E-05 9.9964E-05 0.277739
0.0341493 0.418269 9.9991E-05 0.128469 0.0627266 0.356286
9.9982E-05 0.43814 0.0751271 0.109031 9.9982E-05 0.377502
0.22824 9.9982E-05 0.454215 0.00327583 9.9982E-05 0.314069
0.0804458 0.110581 0.203655 0.0977661 9.9991E-05 0.507452
0.163975 9.9982E-05 0.53966 0.0384865 9.9982E-05 0.257679
0.0861118 0.0346483 0.238522 0.0216027 9.9991E-05 0.619015
0.159532 9.9982E-05 0.251368 0.0322619 9.9982E-05 0.556638
0.072864 0.0282894 0.243308 0.069865 9.9991E-05 0.585574
0.25729 9.9982E-05 0.516756 0.0119152 9.9982E-05 0.213839
0.0819012 0.138659 0.12284 0.0374755 0.0286257 0.590498
0.141354 0.0853131 0.222475 0.00887792 0.0579183 0.484062
0.0617437 0.931751 0.00620563 9.9973E-05 9.9973E-05 9.9973E-05
9.9973E-05 0.919275 9.9973E-05 0.0088917 9.9973E-05 0.0715329
9.99741E-05 0.564485 9.99741E-05 9.99741E-05 0.0965505 0.338665
9.9973E-05 0.665917 9.9973E-05 0.0762812 9.9973E-05 0.257502
9.9982E-05 0.877434 0.0578098 0.00148658 9.9982E-05 0.0630693
9.996E-05 0.9995 9.996E-05 9.996E-05 9.996E-05 9.996E-05
9.9964E-05 0.973672 9.9964E-05 0.0259283 9.9964E-05 9.9964E-05
0.0199687 0.89367 9.9973E-05 9.9973E-05 9.9973E-05 0.0860611
9.9973E-05 0.946623 9.9973E-05 0.0239231 9.9973E-05 0.0291543
9.996E-05 0.9995 9.996E-05 9.996E-05 9.996E-05 9.996E-05
9.996E-05 0.9995 9.996E-05 9.996E-05 9.996E-05 9.996E-05
0.0117984 0.696747 9.9982E-05 9.9982E-05 0.0748371 0.216418
0.0369475 0.804607 9.9991E-05 0.0490749 0.0528495 0.0564215
0.0064762 0.993124 9.9964E-05 9.9964E-05 9.9964E-05 9.9964E-05
9.9982E-05 0.401948 9.9982E-05 0.127307 0.0167266 0.453818
9.9982E-05 0.660667 9.9982E-05 0.0212736 0.0614186 0.256441
0.0270516 0.794461 9.9991E-05 0.0420108 0.0309157 0.105461
9.9964E-05 0.864424 9.9964E-05 9.9964E-05 9.9964E-05 0.135176
9.996E-05 0.9995 9.996E-05 9.996E-05 9.996E-05 9.996E-05
0.0394874 0.915406 9.9982E-05 9.9982E-05 0.0247219 0.0201845
9.996E-05 0.9995 9.996E-05 9.996E-05 9.996E-05 9.996E-05
0.0723243 0.65303 0.0186441 9.9991E-05 0.0301403 0.225761
0.0685246 0.89524 9.99805E-05 9.99805E-05 0.0359359 9.99805E-05
0.0231433 0.00115657 0.684055 9.9991E-05 0.281508 0.010037
9.9982E-05 9.9982E-05 0.212274 0.0962955 0.196332 0.494899
0.115028 0.0717744 0.202481 0.00217869 0.194302 0.414236
9.9991E-05 0.0819474 0.550103 0.000659329 0.125239 0.241951
9.9991E-05 0.13472 0.261386 0.0465596 0.0113256 0.545908
0.0626239 0.0671153 0.444239 9.9991E-05 0.181659 0.244263
0.0302799 0.0774757 0.226827 0.0487705 0.14198 0.474667
0.0782117 0.153547 0.293828 9.9991E-05 0.112376 0.361938
0.0652696 0.143944 0.235967 9.9991E-05 0.11312 0.4416
0.0226007 0.16407 0.403367 9.9991E-05 0.0654476 0.344415
0.125218 0.0657677 0.129766 0.0319858 0.188384 0.458879
0.0307703 9.9991E-05 0.0370167 0.044934 0.841888 0.0452905
0.0350232 0.0564876 0.0310541 9.9982E-05 0.877235 9.9982E-05
0.0190613 9.9973E-05 9.9973E-05 0.01245 0.968189 9.9973E-05
0.0183713 9.9982E-05 9.9982E-05 0.0136783 0.947764 0.0199867
9.9991E-05 0.0104966 0.0170683 0.110324 0.833777 0.0282336
9.9973E-05 0.106039 0.00356411 9.9973E-05 0.890097 9.9973E-05
0.0156541 0.105115 9.9982E-05 9.9982E-05 0.870939 0.00809109
9.9982E-05 0.00674949 0.116974 9.9982E-05 0.857789 0.0182875
0.0501232 0.0467067 9.9982E-05 9.9982E-05 0.896562 0.00640775
9.9982E-05 0.11284 0.0849654 0.0100265 0.791968 9.9982E-05
0.154388 9.9973E-05 9.9973E-05 0.244985 0.600327 9.9973E-05
0.0794344 0.0218618 0.00159621 0.31059 0.586417 9.9991E-05
0.0229052 9.9982E-05 0.164456 0.299359 0.51308 9.9982E-05
0.141087 9.9982E-05 0.0580476 0.312217 0.488448 9.9982E-05
0.219364 9.9982E-05 9.9982E-05 0.161604 0.0774236 0.541408
0.326082 0.0610669 9.9982E-05 0.145912 9.9982E-05 0.466739
0.159672 0.0529233 0.0399655 0.188464 9.9991E-05 0.558875
0.221811 9.9991E-05 0.120196 0.282471 0.00957735 0.365845
0.144899 0.0118726 9.9982E-05 0.659512 9.9982E-05 0.183516
0.249268 0.0563498 9.9991E-05 0.0791315 0.122974 0.492177
0.274335 0.0383027 9.9991E-05 0.0825534 0.0258551 0.578854
0.227392 9.9982E-05 0.0609546 0.123624 9.9982E-05 0.587829
0.613301 0.097686 0.00588504 9.9982E-05 9.9982E-05 0.282928
0.162725 0.0308111 9.9991E-05 0.121447 0.0474259 0.637491
0.410023 0.0361895 9.9982E-05 0.151575 9.9982E-05 0.402012
0.807858 9.9973E-05 0.110782 0.0810595 9.9973E-05 9.9973E-05
0.094243 9.9991E-05 0.0808972 0.108779 0.0594783 0.656502
0.48252 0.0271854 0.146595 0.039003 0.0259187 0.278777
0.363208 0.0403662 0.057614 0.0264024 0.00744981 0.50496
0.606427 9.9982E-05 9.9982E-05 0.190224 0.0386471 0.164501
9.9982E-05 9.9982E-05 0.148565 0.733359 0.0930043 0.0248718
9.9982E-05 9.9982E-05 0.0878321 0.806035 0.0821471 0.0237862
9.9982E-05 9.9982E-05 0.0572009 0.916294 0.0241253 0.00217952
0.0274338 9.9982E-05 0.0537182 0.81702 0.101628 9.9982E-05
9.9982E-05 0.0265385 0.118142 0.812342 9.9982E-05 0.042777
9.9991E-05 0.0198878 0.0446325 0.846854 0.0098891 0.078637
0.0341945 0.0304877 9.9982E-05 9.9982E-05 0.854138 0.0809802
9.9982E-05 0.059186 9.9982E-05 0.0974889 0.790355 0.0527701
9.9991E-05 0.11133 0.0432149 0.0403429 0.717337 0.0876756
9.9982E-05 0.0926759 9.9982E-05 0.0749474 0.769195 0.0629815
9.9982E-05 0.0852258 9.9982E-05 0.0841566 0.775086 0.0553315
0.00287734 9.9982E-05 0.0680562 0.543515 0.385352 9.9982E-05
0.0830486 9.9982E-05 0.0736442 0.376254 0.466853 9.9982E-05
0.127635 9.9973E-05 9.9973E-05 0.413538 0.458527 9.9973E-05
9.9982E-05 0.0412875 9.9982E-05 0.0482122 0.805051 0.105249
0.0782056 9.9982E-05 0.0769406 0.495059 0.349594 9.9982E-05
9.9991E-05 0.41173 0.15578 0.00878561 0.163032 0.260572
0.0413524 0.213723 0.019158 0.115158 0.0733312 0.537277
9.9982E-05 0.23787 0.00387097 9.9982E-05 0.182729 0.575331
0.119776 0.194093 0.132196 9.9991E-05 0.232842 0.320994
0.0196784 0.117446 0.070285 0.0518579 0.149412 0.591321
9.9973E-05 0.2835 0.273679 9.9973E-05 0.442521 9.9973E-05
0.139783 9.9982E-05 0.0539215 0.343932 9.9982E-05 0.462163
0.214245 9.9991E-05 0.165602 0.247765 0.016499 0.355789
0.0786475 9.9982E-05 9.9982E-05 0.513562 0.102086 0.305504
0.195645 9.9982E-05 0.117745 0.183816 9.9982E-05 0.502594
0.414081 9.9973E-05 0.397062 0.188557 9.9973E-05 9.9973E-05
0.0538052 0.036654 0.0800569 0.214507 0.0572858 0.557691
0.183905 9.9991E-05 0.187848 0.104971 0.0309148 0.492262
0.138873 9.9982E-05 0.0571447 0.452689 9.9982E-05 0.351094
0.148315 9.9991E-05 0.018961 0.13741 0.0960366 0.599177
0.30012 9.9982E-05 0.290845 0.252769 9.9982E-05 0.156066
0.125762 0.113337 0.21576 0.136659 9.9991E-05 0.408382
0.1203 9.9991E-05 0.089488 0.248791 0.0176467 0.523674
0.163991 0.169872 0.14799 0.0130161 0.119329 0.385801
0.152464 0.013174 0.0797381 0.333488 9.9991E-05 0.421035
0.154598 0.0217901 0.0886139 0.323175 9.9991E-05 0.411723
0.310847 0.144088 0.0550652 0.094211 9.9991E-05 0.395688
0.198751 0.0038749 0.0712258 0.152392 9.9991E-05 0.573655
0.11212 0.103282 0.0255189 0.143554 0.0362232 0.579301
0.136444 0.132604 0.0188684 0.161466 0.0691275 0.48149
0.116751 0.143547 0.0612175 0.164571 0.0462488 0.467665
9.9973E-05 0.0960268 9.9973E-05 9.9973E-05 0.769804 0.133869
0.0290118 0.0326357 9.9982E-05 9.9982E-05 0.850055 0.0880975
9.9991E-05 0.00538373 0.093418 0.0559761 0.739916 0.105206
0.120679 0.0391138 9.9982E-05 0.00653032 0.833476 9.9982E-05
9.9973E-05 0.00922231 9.9973E-05 9.9973E-05 0.835208 0.15527
0.176632 0.045933 0.0626759 0.475358 0.0203244 0.219076
0.234938 0.110211 0.0331288 0.160071 0.0584517 0.4032
0.13794 0.162229 0.0495261 0.00862084 0.239858 0.401827
9.9982E-05 0.103077 0.0601566 0.191769 9.9982E-05 0.644797
0.127913 0.0294677 0.0264446 0.233689 0.0541893 0.528296
0.0609259 0.0455356 0.167436 0.395355 9.9991E-05 0.330648
0.119379 9.9991E-05 0.105157 0.615888 0.129699 0.0297759
0.0900315 0.0876968 9.9982E-05 0.356901 9.9982E-05 0.46517
0.192423 0.0975208 0.0210843 0.597602 9.9991E-05 0.0912699
0.263501 0.122916 0.117644 0.174167 0.0429793 0.278792
0.232616 0.0671873 0.0120908 0.540303 0.0875768 0.0602262
0.0416058 0.0104646 0.0305916 0.212126 0.0935179 0.611694
0.153384 0.0172043 0.0508401 0.544135 0.0304732 0.203964
0.135952 0.00404892 0.154386 0.312316 0.0336158 0.35968
0.0909716 9.9991E-05 0.26458 0.0263089 0.0476913 0.570348
0.0491436 9.9982E-05 0.466741 0.161045 9.9982E-05 0.322871
0.129351 0.020523 0.219426 0.0350128 0.0773747 0.518313
0.0869017 9.9991E-05 0.125606 0.0458815 0.136836 0.604675
0.064093 9.9982E-05 0.406512 0.0893726 9.9982E-05 0.439822
0.0545839 0.0577623 0.187018 0.151326 9.9991E-05 0.549209
0.0904853 9.9991E-05 0.306496 0.00821682 0.013754 0.580947
0.221084 9.9982E-05 0.500673 0.125619 9.9982E-05 0.152424
0.0793456 9.9982E-05 0.569534 0.0401819 9.9982E-05 0.310739
0.044659 9.9982E-05 0.237207 0.136744 9.9982E-05 0.58119
0.269101 9.9982E-05 0.454519 0.106053 9.9982E-05 0.170127
0.194858 9.9982E-05 0.21213 0.110568 9.9982E-05 0.482244
0.252472 0.0536036 9.9982E-05 0.612065 9.9982E-05 0.0816594
0.281603 9.9982E-05 0.160411 0.3416 9.9982E-05 0.216185
0.0969125 0.0995916 9.9982E-05 0.470662 9.9982E-05 0.332634
0.0656655 0.0869277 0.0146438 0.180357 0.0184977 0.633908
0.270847 9.9982E-05 0.00547788 0.449935 9.9982E-05 0.273541
0.0744395 0.111254 0.105792 0.185222 0.00189232 0.5214
0.114749 0.116745 0.0625533 0.134079 0.0761683 0.495705
0.169638 0.0382831 0.0252259 0.232259 0.0499182 0.484676
0.179822 0.157957 9.9982E-05 0.290493 9.9982E-05 0.371528
0.202736 0.0526736 9.9991E-05 0.316395 0.0149662 0.413129
0.252286 0.0923514 9.9982E-05 0.465698 9.9982E-05 0.189464
0.17601 0.12675 9.9982E-05 0.489605 9.9982E-05 0.207436
0.116269 0.066265 0.0368842 0.206768 9.9991E-05 0.573714
0.118198 9.9991E-05 0.0600507 0.105968 0.0507711 0.664912
9.9991E-05 0.0709969 0.163283 0.329097 0.0190448 0.417478
0.0866063 0.166801 9.9982E-05 0.311927 9.9982E-05 0.434466
0.0119068 0.0572211 0.068783 0.415369 0.0548067 0.391914
0.0356887 0.041315 9.9991E-05 0.2439 0.0613187 0.617678
0.0514163 0.0985681 0.0417642 0.264366 9.9991E-05 0.543785
0.04116 0.162193 0.0966335 0.146765 0.051459 0.501789
0.0507006 0.0700021 0.0440679 9.9991E-05 0.383441 0.451688
0.0733011 0.202717 0.144107 9.9991E-05 0.126294 0.453481
0.0415211 0.158118 0.133345 0.0719879 0.123188 0.471839
0.10899 0.151334 0.0724912 0.0776454 0.0639201 0.525619
0.154206 0.203136 9.9982E-05 9.9982E-05 0.211933 0.430525
0.148117 0.0498686 0.16822 0.191018 9.9991E-05 0.442677
0.165436 0.178321 0.0208568 0.0646905 0.200866 0.36983
0.22222 0.140628 0.443281 9.9982E-05 0.193671 9.9982E-05
0.0446474 0.166784 0.120645 0.101768 0.0912616 0.474894
0.115346 0.221192 0.0671996 0.0782482 0.0550935 0.462921
0.0995826 0.233469 0.0367688 0.154315 0.0703802 0.405484
0.180646 0.0790116 0.160302 0.020068 0.209344 0.350627
9.9991E-05 0.102932 0.203723 0.0241432 0.161605 0.507498
9.9982E-05 0.196001 0.123636 9.9982E-05 0.118423 0.561741
0.0559864 0.189483 0.337779 9.9982E-05 0.416551 9.9982E-05
0.00169569 0.163426 0.0326038 0.0353314 0.217913 0.54903
0.073724 0.231798 0.00295101 9.9991E-05 0.191396 0.50003
0.0672225 0.0688323 0.0925099 0.00221345 0.171597 0.597625
0.0336197 0.170383 0.0252275 9.9991E-05 0.209031 0.561639
0.105061 0.112244 0.0861924 9.9991E-05 0.180443 0.51596
0.335396 0.0750216 0.101697 0.0278837 0.0291584 0.430844
0.295763 0.0582065 0.0999027 0.00566753 0.139164 0.401296
0.601338 0.00462616 0.264671 0.125767 9.9991E-05 0.00349742
0.58412 9.9982E-05 0.344936 0.0702696 9.9982E-05 0.000473795
0.225616 0.202212 0.0962389 0.0646788 0.0206039 0.390651
0.0351476 0.272408 0.167542 9.9991E-05 0.0922224 0.43258
0.0629384 0.350357 0.163982 9.9991E-05 0.0922345 0.330388
0.0907045 0.352834 0.198902 0.0412938 0.174459 0.141807
0.0339416 0.31749 0.133922 0.0318811 0.139527 0.343238
0.270921 0.112646 0.474422 9.9991E-05 0.015044 0.126867
0.241073 0.106365 0.437061 9.9991E-05 0.0328555 0.182545
0.258566 0.154012 0.0782108 9.9982E-05 9.9982E-05 0.509011
0.291256 0.137392 0.112774 9.9991E-05 0.0542534 0.404224
0.269268 0.130285 0.32844 9.9991E-05 0.021336 0.250571
0.11776 0.1415 0.0993401 0.0739285 0.0648527 0.502619
0.101609 0.157583 0.265894 9.9982E-05 9.9982E-05 0.474714
0.183776 0.147204 0.0476655 0.13212 0.0653592 0.423875
0.403662 9.9982E-05 0.162895 0.0813344 9.9982E-05 0.351908
0.46947 0.127597 0.131128 0.070916 9.9991E-05 0.20079
0.275959 0.0478294 0.0894814 0.0788386 9.9991E-05 0.507792
0.308034 0.0415818 0.131593 0.120443 0.0692467 0.329101
0.139953 0.0320711 0.138081 0.0440801 0.106337 0.539477
0.238219 9.9973E-05 0.244708 9.9973E-05 9.9973E-05 0.516773
0.394605 9.9982E-05 0.287666 0.0811412 9.9982E-05 0.236387
0.212545 9.9982E-05 0.156709 9.9982E-05 0.0568321 0.573714
0.49025 0.013168 0.193678 0.0704048 9.9991E-05 0.232399
0.31754 0.0455951 0.218154 0.0534159 0.00342332 0.361872
0.211457 0.0504912 0.0794842 0.0498917 0.0271311 0.581545
0.330162 0.0311849 0.1177 0.023169 0.0141588 0.483625
0.0455852 0.155406 0.0868846 0.0319766 0.21037 0.469778
0.189004 0.146619 0.0270525 0.118812 0.17713 0.341383
0.0824759 0.221519 0.131714 0.0440409 0.157611 0.362639
9.9991E-05 0.243379 0.123771 0.216042 0.147361 0.269346
0.102609 0.221949 0.0885536 0.100278 0.106124 0.380486
0.0557263 0.231292 0.172589 0.0602684 0.130246 0.349878
0.236261 0.178215 0.407605 0.0522946 0.125524 9.9991E-05
9.9991E-05 0.256508 0.0677091 0.0804792 0.0705936 0.52461
0.0548913 0.141306 0.463623 9.9982E-05 0.33998 9.9982E-05
0.176281 0.237132 0.0845121 9.9982E-05 9.9982E-05 0.501875
0.622063 9.9973E-05 0.298645 9.9973E-05 9.9973E-05 0.078992
0.594077 9.9973E-05 0.369836 0.035787 9.9973E-05 9.9973E-05
0.419731 0.0493551 0.0540575 0.0576038 9.9991E-05 0.419153
0.265022 0.00712068 0.125275 9.9991E-05 0.00491143 0.597571
0.435464 0.0112047 0.127362 0.0507362 9.9991E-05 0.375132
0.375391 0.0466485 0.120998 0.00772161 0.00536664 0.443875
0.291931 0.0756319 0.0975801 0.0493504 9.9991E-05 0.485406
9.9991E-05 0.0278816 0.0362422 0.0330719 0.774818 0.127887
0.0203967 0.131414 9.9982E-05 0.187647 0.660343 9.9982E-05
9.9973E-05 0.0801384 9.9973E-05 0.00621047 0.913351 9.9973E-05
9.9964E-05 9.9964E-05 9.9964E-05 9.9964E-05 0.934559 0.0650414
0.259367 0.0317771 9.9991E-05 0.133444 0.074107 0.501205
0.361233 0.0612658 9.9991E-05 0.061686 0.0613363 0.454379
0.438458 9.9982E-05 9.9982E-05 0.0327455 0.021914 0.506683
0.294163 9.9973E-05 9.9973E-05 9.9973E-05 0.133002 0.572535
0.213231 9.9991E-05 0.10218 0.10995 0.0392054 0.535334
0.531146 9.9982E-05 9.9982E-05 0.108094 0.0798722 0.280688
0.321019 0.0181569 9.9991E-05 0.0343015 0.0166299 0.609793
0.59213 9.9982E-05 0.096403 9.9982E-05 0.0159032 0.295364
0.0265118 0.108637 9.9991E-05 0.0368442 0.263234 0.564674
0.446457 0.0693677 0.0829131 0.0431288 9.9991E-05 0.358033
0.426627 9.9982E-05 9.9982E-05 0.160783 0.0241341 0.388255
0.405415 9.9973E-05 9.9973E-05 9.9973E-05 0.00636893 0.587916
0.575821 9.9973E-05 9.9973E-05 0.0858173 9.9973E-05 0.338061
0.449916 0.0737382 0.00868795 9.9982E-05 9.9982E-05 0.467458
0.347886 9.9982E-05 9.9982E-05 0.0217204 0.0649024 0.565291
0.980382 9.9964E-05 9.9964E-05 9.9964E-05 9.9964E-05 0.0192177
0.684062 0.0386223 0.0402057 9.9991E-05 0.0182593 0.218751
0.606547 9.9982E-05 9.9982E-05 0.0273776 0.052311 0.313565
0.868187 9.9964E-05 0.131413 9.9964E-05 9.9964E-05 9.9964E-05
0.431125 0.0512436 9.9991E-05 0.107386 0.0375141 0.372631
0.602976 9.9982E-05 0.279079 0.014208 9.9982E-05 0.103537
0.76747 9.9973E-05 0.224695 9.9973E-05 0.00753454 9.9973E-05
0.37038 0.0898797 9.9991E-05 0.00849545 0.0569275 0.474218
0.652847 9.9982E-05 9.9982E-05 0.0949368 0.0670817 0.184935
0.397281 0.0724452 9.9982E-05 0.125567 9.9982E-05 0.404506
0.170544 0.0480251 0.0520388 0.0567474 0.0861136 0.586531
0.329534 0.0212605 9.9982E-05 0.173609 9.9982E-05 0.475397
0.180421 0.0726052 0.172476 0.273848 9.9991E-05 0.30055
0.371694 0.0278191 9.9991E-05 0.0697127 0.0573949 0.473279
0.369588 0.0388724 9.9991E-05 0.0832727 0.054571 0.453595
0.646568 9.9991E-05 0.0123489 0.00115091 0.0215915 0.318241
0.246876 0.0246278 0.0541751 0.068952 0.0632562 0.542113
9.9973E-05 9.9973E-05 0.0908272 0.280869 0.628004 9.9973E-05
0.062602 0.0272053 0.0659494 0.069493 0.747399 0.027351
9.9973E-05 9.9973E-05 0.0697822 0.126189 0.803729 9.9973E-05
0.00745666 9.9982E-05 0.0587981 0.115958 0.817588 9.9982E-05
9.9982E-05 9.9982E-05 0.0184164 0.209793 0.725444 0.0461468
0.691428 9.9982E-05 9.9982E-05 0.115038 0.055246 0.138088
0.669483 9.9991E-05 0.0112607 0.118634 0.0728595 0.127662
0.777 0.017054 0.0666537 9.9982E-05 9.9982E-05 0.139092
0.215896 0.0487029 9.9991E-05 0.00423675 0.119812 0.611252
0.168808 9.9991E-05 0.0136857 0.0827754 0.141954 0.592677
0.650847 0.0208802 0.00397247 9.9991E-05 0.0568636 0.267336
0.329871 0.0888475 0.00339817 9.9991E-05 0.0102078 0.567575
0.458693 0.0774029 9.9982E-05 9.9982E-05 0.0866254 0.377079
0.330874 9.9982E-05 0.0460202 0.0407677 9.9982E-05 0.582138
0.254234 0.0533138 9.9991E-05 0.00489194 0.0313623 0.656098
0.678767 0.0151717 9.9982E-05 0.103122 9.9982E-05 0.202739
0.550274 9.9982E-05 9.9982E-05 0.0344735 0.0132862 0.401766
0.580093 9.9973E-05 9.9973E-05 0.123282 9.9973E-05 0.296325
0.0499398 9.9991E-05 0.198437 0.0733943 0.0569388 0.62119
0.541396 9.9973E-05 9.9973E-05 9.9973E-05 0.0597666 0.398538
0.488708 9.9991E-05 0.0176797 0.0282381 0.0253166 0.439958
9.9982E-05 0.461332 0.0735928 0.0472312 9.9982E-05 0.417644
9.9991E-05 0.509732 0.0340413 0.0744968 0.0560255 0.325604
0.010089 0.41868 0.0220299 9.9991E-05 0.105441 0.44366
0.0145689 0.5067 0.0693978 9.9991E-05 0.115344 0.293889
0.0226945 0.283078 0.0560747 9.9991E-05 0.159284 0.478769
0.323823 0.0263575 0.13999 9.9991E-05 0.0259005 0.483828
0.00723867 0.656053 0.131487 0.000256027 0.194205 0.0107607
0.0232314 0.393864 0.0172761 9.9991E-05 0.181259 0.384269
0.0893579 0.0752197 0.13019 0.0223139 0.210593 0.472326
9.9991E-05 0.00727668 0.263619 0.0200146 0.119294 0.589696
0.0267615 0.0103309 0.348285 0.106531 0.0823028 0.425789
0.00115323 0.00390585 0.157806 0.0567208 0.117441 0.662973
0.0604503 0.0137172 0.099339 0.121793 0.0841551 0.620546
9.9973E-05 0.363799 9.9973E-05 9.9973E-05 0.243826 0.392076
0.00267781 0.355645 9.9991E-05 0.0569926 0.159394 0.425191
9.9973E-05 0.503726 9.9973E-05 9.9973E-05 0.0909163 0.405058
0.0621196 0.351457 0.0214472 0.1237 0.0924382 0.348838
0.0477971 0.485525 0.103477 9.9991E-05 0.118272 0.244828
0.181183 0.339284 0.0696994 0.000868377 0.116063 0.292903
9.9982E-05 0.531401 0.0965625 9.9982E-05 0.135554 0.236283
9.9991E-05 0.394461 0.0432297 0.103734 0.0301124 0.428362
9.9982E-05 9.9982E-05 0.345676 0.041075 0.00471408 0.608335
9.9991E-05 0.339983 0.0635908 0.0158563 0.155112 0.425358
9.9982E-05 0.612437 0.0681734 9.9982E-05 0.148413 0.170776
0.11856 0.403704 0.04612 0.0559926 0.104663 0.270961
0.0944395 9.9991E-05 0.290971 0.27957 0.130494 0.204426
9.9982E-05 0.0176818 0.272539 0.042478 9.9982E-05 0.667101
0.095356 0.332365 9.9991E-05 0.0657031 0.187497 0.318979
9.9982E-05 9.9982E-05 0.221638 0.109164 0.0212156 0.647783
9.9982E-05 9.9982E-05 0.281885 0.074146 0.101504 0.542265
0.119391 0.287379 0.143727 9.9991E-05 0.20446 0.244943
0.0702869 0.276489 0.0648853 9.9991E-05 0.257946 0.330293
0.19556 0.11437 0.0258079 0.0586107 0.0990671 0.506585
0.031842 0.365095 0.0589989 0.0455712 0.0939884 0.404504
9.9982E-05 0.427951 0.0711063 9.9982E-05 0.0870245 0.413719
9.9982E-05 0.667341 0.0529373 9.9982E-05 0.169398 0.110123
0.0162194 0.0160477 0.246609 0.0353214 0.0664891 0.619314
0.0823215 9.9991E-05 0.228379 0.115628 0.0598578 0.513713
0.0701469 9.9982E-05 0.668485 9.9982E-05 0.047368 0.2138
0.0825338 9.9991E-05 0.175708 0.0164407 0.126948 0.59827
9.9991E-05 0.0122095 0.200204 0.248115 0.110711 0.42866
9.9982E-05 0.113257 0.199922 9.9982E-05 0.194175 0.492447
0.0608266 0.0812705 0.159281 0.113302 0.111789 0.473531
9.9973E-05 0.207291 0.584465 9.9973E-05 0.207944 9.9973E-05
9.9973E-05 0.075049 0.692366 9.9973E-05 0.232285 9.9973E-05
0.0995566 0.146262 0.351316 0.0418085 0.126023 0.235033
9.9982E-05 0.218653 0.51095 9.9982E-05 0.250527 0.0196699
9.9973E-05 0.210386 0.436114 9.9973E-05 0.3532 9.9973E-05
0.114145 0.122398 0.276541 9.9991E-05 0.114768 0.372047
0.0502125 0.116786 0.23124 9.9991E-05 0.208461 0.393199
9.9982E-05 0.173162 0.387617 9.9982E-05 0.220461 0.21856
9.9982E-05 0.116281 0.48893 9.9982E-05 0.2466 0.147988
9.9982E-05 0.110868 0.278553 9.9982E-05 0.0832794 0.527099
0.097155 0.076272 0.416376 9.9991E-05 0.190437 0.21966
9.9973E-05 0.0340915 0.654909 9.9973E-05 0.310699 9.9973E-05
0.0368984 0.186479 0.0531979 0.0792454 0.125832 0.518347
0.0402185 0.278091 0.187323 0.0560701 0.139002 0.299295
0.11089 0.137405 9.9982E-05 9.9982E-05 0.327911 0.423595
9.9973E-05 0.238823 9.9973E-05 9.9973E-05 0.157072 0.603806
0.0768229 0.175152 0.0113122 0.0470815 0.120785 0.568847
9.9991E-05 0.264756 0.093418 0.0173389 0.122874 0.501514
9.9991E-05 0.200239 0.0871323 0.0202659 0.343099 0.349164
9.9991E-05 0.159302 0.0370089 0.0409429 0.232018 0.530628
0.0866529 0.281415 9.9991E-05 0.0398861 0.203669 0.388277
0.0729497 0.286981 0.108798 0.0233645 0.169637 0.338269
0.274254 0.117577 0.0958451 0.0557186 0.198456 0.258149
0.0735898 0.193173 0.00321913 0.130784 0.118525 0.480709
0.0826541 0.0723253 9.9982E-05 9.9982E-05 0.188019 0.656802
0.240843 0.118304 0.00881196 9.9991E-05 0.114191 0.51775
9.9991E-05 0.269927 0.0509109 0.0142786 0.246146 0.418637
0.0485036 0.167857 0.0765043 9.9991E-05 0.2003 0.506735
0.068506 0.166635 0.255317 9.9991E-05 0.351816 0.157627
0.0722434 0.254674 9.9991E-05 0.119331 0.141853 0.411799
0.0702528 0.262052 0.142368 9.9991E-05 0.274576 0.250652
0.0174868 9.9982E-05 0.0795477 0.136526 0.766239 9.9982E-05
9.9973E-05 9.9973E-05 9.9973E-05 0.779371 0.10477 0.115559
9.996E-05 9.996E-05 9.996E-05 0.9995 9.996E-05 9.996E-05
9.9964E-05 9.9964E-05 9.9964E-05 0.976504 0.0230958 9.9964E-05
9.9973E-05 0.0198223 9.9973E-05 0.955322 9.9973E-05 0.0245558
9.9973E-05 0.0117402 9.9973E-05 0.966805 9.9973E-05 0.0211546
9.9964E-05 9.9964E-05 9.9964E-05 0.879636 9.9964E-05 0.119965
9.9964E-05 9.9964E-05 9.9964E-05 0.976916 0.0226838 9.9964E-05
9.9973E-05 0.0171203 9.9973E-05 0.827013 0.155567 9.9973E-05
9.9991E-05 0.00636334 0.0242107 0.0481062 0.8812 0.0400197
0.0268856 9.9982E-05 9.9982E-05 0.125302 0.817075 0.0305376
0.0243492 0.0897901 9.9982E-05 0.0261276 0.859533 9.9982E-05
9.9982E-05 9.9982E-05 0.0494895 0.0874429 0.813304 0.0495632
9.9991E-05 0.0629945 0.00159321 0.0184433 0.900543 0.0163259
0.0308709 9.9982E-05 0.0181606 0.0551335 0.895635 9.9982E-05
9.9991E-05 0.16425 0.0391054 0.0330816 0.754094 0.00936905
9.9982E-05 0.128167 0.0242134 0.0202765 0.827143 9.9982E-05
0.00473364 0.0878933 0.0526231 0.133694 0.679478 0.0415776
0.0180699 0.0889759 9.9973E-05 9.9973E-05 0.892654 9.9973E-05
9.9964E-05 9.9964E-05 9.9964E-05 0.0524796 0.947121 9.9964E-05
0.00787463 0.0351531 0.0677722 0.0393766 0.83427 0.0155539
9.9982E-05 9.9982E-05 0.0245612 0.0028979 0.945832 0.0265089
9.9973E-05 9.9973E-05 0.0396826 9.9973E-05 0.850068 0.10995
9.9973E-05 0.0136167 9.9973E-05 9.9973E-05 0.877476 0.108608
9.9973E-05 0.068821 9.9973E-05 9.9973E-05 0.843284 0.0875946
9.9973E-05 0.0971223 9.9973E-05 9.9973E-05 0.782026 0.120552
9.9973E-05 0.0842559 9.9973E-05 9.9973E-05 0.790251 0.125193
0.0129589 0.0717613 9.9982E-05 9.9982E-05 0.824503 0.0905765
0.0331491 9.9991E-05 0.354555 0.10127 0.0805501 0.430376
9.9982E-05 9.9982E-05 0.173259 0.0544441 0.0598592 0.712238
0.107509 0.0866853 0.136967 0.0977171 0.0915332 0.479589
0.132773 9.9982E-05 0.681792 0.0134672 9.9982E-05 0.171768
9.9991E-05 0.00941891 0.24978 0.0945109 0.0561931 0.589997
0.000334736 9.9991E-05 0.739643 0.0106091 0.0383188 0.210994
9.9982E-05 9.9982E-05 0.242995 0.000881159 0.0926111 0.663313
0.105042 9.9991E-05 0.256138 0.138008 0.0394788 0.461233
9.9982E-05 9.9982E-05 0.301594 0.0601683 0.0161551 0.621883
0.383063 0.0262883 9.9991E-05 0.0694957 0.058186 0.462866
9.9982E-05 9.9982E-05 0.287603 0.200289 0.0247491 0.487159
0.00495752 9.9982E-05 0.252484 9.9982E-05 0.0677741 0.674584
9.9982E-05 9.9982E-05 0.200312 0.155141 0.0259451 0.618401
0.268777 0.0718041 0.184443 0.448264 9.9991E-05 0.0266131
0.122436 9.9973E-05 0.774484 0.10278 9.9973E-05 9.9973E-05
9.9964E-05 9.9964E-05 0.747166 9.9964E-05 9.9964E-05 0.252434
0.104171 0.061978 0.0941396 0.0799927 0.0896575 0.570061
0.0311727 0.0144334 0.303623 0.0703182 0.0716656 0.508787
9.9973E-05 9.9973E-05 0.311415 9.9973E-05 0.0906633 0.597622
0.0853686 0.0146916 0.156615 9.9991E-05 0.0661881 0.677037
9.9982E-05 0.204022 0.11813 9.9982E-05 0.170792 0.506856
0.000708018 0.156937 0.0276842 0.0842786 0.176209 0.554183
0.0489457 0.237129 0.151484 0.153731 0.365339 0.043371
0.0858829 9.9982E-05 9.9982E-05 0.0896451 0.169385 0.654887
0.0681834 0.126263 0.00638062 0.228562 0.208183 0.362428
9.9982E-05 0.155747 0.463922 0.0283399 0.351792 9.9982E-05
0.0600827 0.161321 0.21335 9.9991E-05 0.258023 0.307124
0.109618 0.154004 0.0394833 0.047837 0.351018 0.29804
9.9982E-05 0.0837129 9.9982E-05 0.150505 0.346188 0.419395
0.122333 0.324655 0.0994427 0.0509344 0.0746548 0.32798
0.00223729 0.146103 0.0916248 0.0676141 0.211611 0.48081
0.0767552 0.126856 9.9982E-05 9.9982E-05 0.222377 0.573813
0.130585 0.139456 0.123084 0.0204444 0.18268 0.40375
0.0375036 0.151645 0.0290503 0.0171673 0.480272 0.284362
