9.9973E-05 9.9973E-05 0.0115033 0.0983477 9.9973E-05 0.889849
9.9973E-05 9.9973E-05 9.9973E-05 0.00126482 0.0466609 0.951774
0.120407 9.9991E-05 0.0169789 0.0173023 0.00923903 0.835973
0.0156201 9.9982E-05 0.105402 0.0948844 9.9982E-05 0.783893
0.00337938 9.9991E-05 0.0798238 0.0298048 0.0272603 0.859632
9.999E-05 0.0685484 0.0808848 0.0899709 0.126187 0.634309
9.9982E-05 0.0690442 9.9982E-05 0.0519319 0.00870911 0.870115
9.9982E-05 0.110163 0.0241128 0.159306 9.9982E-05 0.706218
9.9982E-05 0.0508539 9.9982E-05 0.0882569 0.0179929 0.842696
0.108186 0.113648 0.0674136 0.0144654 9.9991E-05 0.696187
9.999E-05 0.130032 0.00680828 0.0726688 0.0490816 0.74131
0.251005 0.0341933 0.0935837 0.366157 0.254962 9.9991E-05
0.616518 0.00709527 0.044946 0.288791 9.9991E-05 0.0425493
0.351384 0.136886 0.0262763 0.35869 0.0612339 0.0655299
0.341702 0.0906809 0.162423 0.314471 0.0502412 0.0404818
0.362734 0.0931815 0.148022 0.187773 0.0573705 0.150919
0.569 0.0329127 0.0911705 0.115658 0.128454 0.0628054
0.382618 0.0960286 0.179167 0.183585 0.1585 9.9991E-05
0.328665 9.9991E-05 0.0537466 0.28898 0.162517 0.165992
9.999E-05 0.163463 0.0860371 0.658578 0.0888627 0.00295952
0.401126 0.141069 0.0763269 0.231227 0.137449 0.0128027
0.520399 0.228924 0.0182886 0.166477 0.0658115 9.9991E-05
0.62478 0.111763 9.9991E-05 0.15857 0.0714416 0.0333462
0.28703 0.159429 0.118858 0.285826 0.148757 9.9991E-05
0.662395 0.139088 0.0708668 0.0939517 9.9991E-05 0.0335983
0.566601 0.0661909 0.120472 0.176313 0.0703229 9.9991E-05
0.158619 0.0750569 0.143681 0.497669 0.124874 9.9991E-05
0.186312 0.014314 0.23964 0.438821 0.120813 9.9991E-05
0.258818 0.228911 0.0162349 0.393062 0.0931899 0.00978349
0.113684 9.9973E-05 0.0720709 9.9973E-05 9.9973E-05 0.813945
0.144644 9.9973E-05 0.00140537 9.9973E-05 9.9973E-05 0.85365
0.13968 9.9973E-05 9.9973E-05 9.9973E-05 0.0590028 0.801017
0.112047 9.9982E-05 0.0662264 9.9982E-05 0.0689854 0.752541
0.581307 0.0285793 0.000471877 0.105869 0.193264 0.0905083
0.504421 9.9991E-05 0.000637231 0.138397 0.26188 0.094565
0.564675 9.9973E-05 9.9973E-05 9.9973E-05 0.432967 0.00205733
0.185977 0.0222873 9.9991E-05 0.614486 0.12048 0.0566693
0.360192 0.0571776 0.02128 9.9991E-05 0.550326 0.0109249
0.531778 0.0171649 0.0375394 0.0634417 0.251231 0.0988451
0.796179 0.100617 9.9982E-05 9.9982E-05 0.102509 0.000494899
0.567216 0.132757 9.9991E-05 0.0303459 0.135273 0.134307
0.626174 9.9991E-05 0.000597246 0.0934569 0.148874 0.130799
0.0754253 9.9991E-05 0.0414051 0.132855 0.714862 0.0353531
0.580746 0.233211 0.0741586 0.0235719 0.021261 0.067051
0.505632 0.00660402 0.0884223 0.124457 0.20996 0.0649241
0.494115 0.0786237 0.0903142 0.00270763 0.175136 0.159104
0.346436 0.0294235 0.00547077 9.9982E-05 0.61847 9.9982E-05
0.670411 9.9982E-05 0.0363539 9.9982E-05 0.254695 0.0383393
0.608129 0.0732789 0.0379024 0.0548462 0.152034 0.0738095
9.9973E-05 0.314772 9.9973E-05 9.9973E-05 0.621869 0.0630588
0.232071 0.169325 9.9982E-05 0.431514 0.16689 9.9982E-05
0.0758164 0.460887 0.0544797 0.222698 0.186019 9.9991E-05
0.589901 0.0786525 0.104918 0.146993 0.0301429 0.0493927
0.51343 0.122901 0.112272 0.120615 0.052378 0.0784028
0.594472 0.204281 0.0464998 0.0205927 0.0605547 0.0735998
0.209492 0.0985429 9.9991E-05 0.292357 0.28171 0.117798
0.634767 0.0860224 0.0111896 0.221322 0.0298626 0.0168366
0.498795 0.228932 0.141273 0.0661791 0.043666 0.0211548
0.377549 0.119236 9.9991E-05 0.270972 0.140083 0.0920599
0.110992 0.206854 0.0279398 0.290496 0.141131 0.222587
0.429925 0.0657963 0.0813876 0.194038 0.225081 0.00377112
0.457667 0.0837431 0.0213169 0.255889 0.0762065 0.105178
0.0442092 0.132319 9.9991E-05 0.502002 0.280171 0.041199
0.538258 0.136417 0.0102902 0.213394 0.101541 9.9991E-05
0.717517 0.207128 0.0523526 9.9982E-05 9.9982E-05 0.0228031
0.611162 0.111075 0.021548 0.157619 0.0410667 0.0575293
0.308159 0.202636 0.0581217 0.218081 0.201791 0.0112108
0.518086 0.188152 0.0321168 0.156789 0.079233 0.0256237
0.586484 0.122998 9.9991E-05 0.131314 0.00105414 0.15805
0.247943 0.244156 9.9982E-05 0.34752 0.160182 9.9982E-05
0.514715 9.9973E-05 9.9973E-05 0.137524 0.347461 9.9973E-05
0.194244 9.9982E-05 9.9982E-05 0.0696916 0.70272 0.0331447
0.48137 9.9991E-05 0.084128 0.0604472 0.302038 0.0719169
9.9964E-05 0.154553 9.9964E-05 9.9964E-05 0.845047 9.9964E-05
9.9973E-05 0.116249 9.9973E-05 0.0100611 0.87339 9.9973E-05
0.260265 0.0141627 0.0190107 9.9982E-05 0.706362 9.9982E-05
0.469894 9.9973E-05 9.9973E-05 0.0388231 0.490983 9.9973E-05
0.446421 0.0318457 0.103082 0.0908592 0.207599 0.120193
0.487133 0.00543201 0.0344434 0.0781435 0.370852 0.0239958
0.059966 9.9991E-05 0.05397 0.125634 0.757433 0.00289646
0.225571 9.9982E-05 9.9982E-05 0.252717 0.503997 0.0175146
0.481342 0.00423372 0.0411011 0.0828408 0.273766 0.116716
0.272822 9.9991E-05 0.00945164 0.0222546 0.667434 0.0279378
0.404376 0.00167788 9.9991E-05 0.0512457 0.492971 0.0496295
0.380151 0.0355602 9.9982E-05 9.9982E-05 0.563562 0.0205267
9.9973E-05 0.305103 9.9973E-05 0.0286386 0.665959 9.9973E-05
0.640457 9.9991E-05 0.019453 0.00504298 0.294238 0.0407086
0.114783 9.9973E-05 9.9973E-05 0.0509905 9.9973E-05 0.833927
0.0699035 9.9964E-05 9.9964E-05 9.9964E-05 9.9964E-05 0.929697
0.0623996 9.9973E-05 0.0485246 9.9973E-05 9.9973E-05 0.888776
0.0686028 9.9973E-05 9.9973E-05 9.9973E-05 0.0057968 0.9253
0.0540227 0.0548642 0.0235569 9.9982E-05 9.9982E-05 0.867356
0.0753927 0.00776011 9.9973E-05 9.9973E-05 9.9973E-05 0.916547
0.0539183 0.00272685 9.9973E-05 9.9973E-05 9.9973E-05 0.943055
0.455237 0.00661416 0.0139705 0.0953348 0.282192 0.146651
0.541517 0.0233236 0.13436 0.019642 0.249755 0.0314016
9.9982E-05 0.0300298 9.9982E-05 0.0727356 0.85751 0.0395245
0.640414 0.00411105 9.9982E-05 9.9982E-05 0.239434 0.115841
0.403335 9.9982E-05 9.9982E-05 0.0776049 0.469082 0.0497783
0.630885 9.9973E-05 9.9973E-05 9.9973E-05 0.291204 0.0776111
0.601959 0.0704097 9.9991E-05 0.0166642 0.299177 0.01169
0.418078 9.9982E-05 0.10062 9.9982E-05 0.433251 0.0478509
9.9973E-05 9.9973E-05 9.9973E-05 0.195746 0.788454 0.0155002
0.576251 0.0182126 0.0273514 0.113186 0.14087 0.124129
0.594942 9.9982E-05 0.0478448 9.9982E-05 0.250013 0.107001
0.549044 0.14599 0.124614 0.0625834 0.0916179 0.0261517
0.287563 0.131519 0.0172914 9.9982E-05 0.563426 9.9982E-05
0.537242 0.0615452 0.0226183 9.9991E-05 0.37191 0.00658514
0.418031 0.0480389 9.9991E-05 0.106312 0.419581 0.00793733
0.255003 0.0651805 0.0809286 9.9982E-05 0.598688 9.9982E-05
0.414529 9.9982E-05 9.9982E-05 0.0746511 0.407238 0.103382
0.5387 0.147104 9.9991E-05 0.00682348 0.202599 0.104674
0.333399 0.287825 9.9991E-05 0.204327 0.131303 0.0430455
0.42013 0.103374 0.0461216 0.253698 0.026564 0.150112
0.529464 0.100666 0.0646269 0.12728 0.11036 0.0676029
0.714612 0.117373 9.9991E-05 0.101272 0.00243392 0.0642086
0.572465 9.9982E-05 9.9982E-05 0.290338 0.122755 0.0142413
0.650169 0.0462279 9.9991E-05 0.217965 0.061007 0.0245313
0.505784 0.0379674 0.03921 0.375732 0.0390097 0.00229697
0.55708 0.140443 9.9991E-05 0.0726502 0.124339 0.105388
0.624418 0.121374 0.0219517 0.150628 9.9991E-05 0.0815276
0.648066 0.114186 9.9991E-05 0.163187 0.0611698 0.0132915
0.619495 0.00923119 9.9991E-05 0.272778 0.0867773 0.0116185
0.575938 0.142247 0.0729196 0.149379 9.9991E-05 0.059416
0.587669 0.100769 0.0339163 0.0704145 0.0724614 0.134769
0.669504 9.9982E-05 0.0190063 0.308075 0.00321472 9.9982E-05
0.579466 0.194016 0.0832237 0.0917759 0.0122115 0.0393074
0.62465 0.107023 0.0679438 0.176484 9.9991E-05 0.0237981
0.461069 0.205491 0.00636148 0.241367 9.9991E-05 0.085612
0.73798 0.0128769 0.01498 0.223086 0.0109766 9.9991E-05
0.733942 0.0563685 9.9982E-05 0.157564 9.9982E-05 0.0519245
0.208041 0.0433314 0.102142 0.402801 0.243585 9.9991E-05
0.192554 0.346863 0.0484845 0.270399 0.119915 0.021784
0.574382 0.0727713 0.0474362 0.298204 9.9991E-05 0.00710607
0.132174 0.337951 0.0472528 0.320078 0.162444 9.9991E-05
0.371288 0.118693 9.9991E-05 0.399652 0.0983843 0.0118818
0.436679 0.0455684 0.0331441 0.311114 0.173395 9.9991E-05
0.362917 9.9982E-05 9.9982E-05 0.444472 0.174787 0.0176239
0.369781 0.0640159 9.9991E-05 0.463132 0.0947397 0.0082313
0.678312 0.0307622 9.9991E-05 0.170937 0.0476367 0.0722523
0.539919 9.9991E-05 0.154033 0.0916344 0.10965 0.104664
0.496419 0.000331625 0.0551479 0.220037 0.204709 0.0233551
0.145586 0.277801 0.0714948 0.411041 0.0939781 9.9991E-05
0.523788 0.0748897 9.9991E-05 0.0152823 0.16617 0.21977
0.456338 0.293132 0.0623729 9.9991E-05 0.141315 0.0467424
0.019723 0.516091 9.9991E-05 0.129754 0.181163 0.153169
0.615639 0.0952821 0.0849044 0.0315414 0.0637061 0.108927
0.427718 0.312579 9.9991E-05 0.0658682 0.0802404 0.113495
0.589469 0.2079 0.0194412 9.9982E-05 9.9982E-05 0.182991
0.338046 0.381913 0.00608406 0.0889322 0.0582207 0.126805
0.282764 0.530918 9.9982E-05 0.14264 9.9982E-05 0.0434775
0.476369 0.248267 9.9991E-05 0.139683 0.072885 0.0626961
0.541037 0.274437 9.9982E-05 0.0885098 9.9982E-05 0.0958164
0.449954 0.171626 9.9991E-05 0.101851 0.116929 0.15954
0.0689151 0.390351 0.10909 0.115712 0.261436 0.0544959
0.569334 0.0913924 9.9991E-05 0.128402 0.0857131 0.125058
0.371587 0.325782 9.9982E-05 0.134033 0.168398 9.9982E-05
0.512398 0.24443 0.0096259 0.166298 0.0671481 9.9991E-05
0.646121 0.163836 9.9982E-05 0.0109553 9.9982E-05 0.178887
0.174768 0.222208 0.234084 9.9982E-05 9.9982E-05 0.36874
9.9973E-05 0.333173 0.134545 9.9973E-05 9.9973E-05 0.531982
9.9973E-05 0.413674 0.134367 9.9973E-05 9.9973E-05 0.451659
0.0742373 0.158596 0.32687 0.00146553 9.9991E-05 0.438731
0.712041 0.264652 9.9973E-05 9.9973E-05 0.0230067 9.9973E-05
0.584381 0.127678 0.0194204 0.0791407 0.0864995 0.10288
0.310315 9.9982E-05 0.675062 0.0025158 0.0119073 9.9982E-05
0.379065 0.0244504 0.414246 0.00140782 0.0208236 0.160007
0.314584 0.0943135 0.491033 0.056385 9.9991E-05 0.0435847
0.420461 0.474455 9.9991E-05 0.0501204 0.0517213 0.00314298
0.492758 0.147002 0.0408919 0.0435526 0.17903 0.0967663
0.270256 0.672914 9.9973E-05 9.9973E-05 0.0565297 9.9973E-05
0.594302 0.268122 9.9991E-05 0.0638624 0.0499147 0.0236991
0.55403 0.311808 9.9991E-05 0.0716625 0.0313519 0.0310478
0.511449 0.183174 0.134601 0.0366395 0.104296 0.02984
0.273014 0.578987 9.9982E-05 0.0443319 0.103467 9.9982E-05
0.595255 0.0952811 0.0921025 0.0893766 0.106038 0.0219464
0.499619 0.175918 0.0291676 0.0188666 0.162907 0.113522
9.9964E-05 0.0219702 0.97763 9.9964E-05 9.9964E-05 9.9964E-05
0.0520596 9.9973E-05 0.917993 0.0296473 9.9973E-05 9.9973E-05
0.228305 9.9982E-05 0.616512 0.0140847 0.140898 9.9982E-05
0.244583 9.9973E-05 0.70689 0.0482264 9.9973E-05 9.9973E-05
0.100367 0.00152873 0.770868 9.9991E-05 0.109954 0.0171823
9.996E-05 9.996E-05 0.9995 9.996E-05 9.996E-05 9.996E-05
9.9964E-05 9.9964E-05 0.965923 0.0336767 9.9964E-05 9.9964E-05
0.124524 0.0228378 0.852339 9.9973E-05 9.9973E-05 9.9973E-05
9.9964E-05 9.9964E-05 0.985714 0.0138864 9.9964E-05 9.9964E-05
9.996E-05 9.996E-05 0.9995 9.996E-05 9.996E-05 9.996E-05
9.996E-05 9.996E-05 0.9995 9.996E-05 9.996E-05 9.996E-05
0.184092 9.9991E-05 0.79895 0.00448305 0.00229361 0.0100817
0.0893472 9.9982E-05 0.800029 9.9982E-05 0.024163 0.086261
9.9964E-05 9.9964E-05 0.965438 9.9964E-05 0.0341619 9.9964E-05
0.237798 9.9991E-05 0.441654 0.090663 0.155593 0.0741918
0.220541 9.9991E-05 0.657806 0.05542 0.0177984 0.0483353
0.140287 0.0162209 0.765561 0.00131003 9.9991E-05 0.0765217
0.0640922 9.9973E-05 0.884265 0.0513428 9.9973E-05 9.9973E-05
0.0248134 9.9964E-05 0.974787 9.9964E-05 9.9964E-05 9.9964E-05
0.0902394 9.9973E-05 0.816109 9.9973E-05 9.9973E-05 0.093352
9.996E-05 9.996E-05 0.9995 9.996E-05 9.996E-05 9.996E-05
0.257757 9.9982E-05 0.608667 0.088291 9.9982E-05 0.0450856
9.9982E-05 9.9982E-05 0.94418 0.0439744 0.00993249 0.00171324
9.9973E-05 0.622933 0.0439636 9.9973E-05 9.9973E-05 0.332804
0.376421 0.211978 0.0843895 0.148663 9.9991E-05 0.178449
0.446343 0.253478 0.0387619 0.0383751 0.0133231 0.20972
0.211847 0.463158 0.0991554 9.9982E-05 9.9982E-05 0.225639
0.53986 0.23715 0.0482562 9.9991E-05 0.0262086 0.148426
0.199491 0.399041 0.114725 9.9991E-05 0.0117906 0.274852
0.490957 0.177044 9.9991E-05 0.0420333 0.0310962 0.25877
0.326653 0.35898 0.136292 9.9982E-05 9.9982E-05 0.177876
0.475977 0.177812 0.152635 9.9982E-05 9.9982E-05 0.193377
0.332526 0.275779 0.216014 9.9982E-05 9.9982E-05 0.175481
0.560639 0.233962 0.0429329 9.9982E-05 9.9982E-05 0.162266
0.026753 0.0518847 9.9982E-05 0.0592866 9.9982E-05 0.861876
0.00219056 0.0271201 0.0671441 9.9991E-05 0.0188831 0.884562
9.9973E-05 9.9973E-05 9.9973E-05 0.00200394 0.00363457 0.994062
0.0346191 9.9973E-05 9.9973E-05 0.0359415 9.9973E-05 0.929139
0.0131534 0.0147883 0.0299311 0.0550685 9.9991E-05 0.886959
0.00320013 0.0271765 0.0463699 9.9982E-05 9.9982E-05 0.923054
0.0013718 9.9991E-05 0.0996283 0.00430771 0.00754927 0.887043
0.00298233 0.0822461 9.9982E-05 0.0373571 9.9982E-05 0.877214
0.0434846 0.0165236 9.9982E-05 9.9982E-05 0.0200083 0.919783
0.0396181 0.0483502 0.0510887 9.9982E-05 9.9982E-05 0.860743
9.9982E-05 0.00528255 9.9982E-05 0.262255 0.102502 0.62976
9.9991E-05 0.00930849 0.00858461 0.349274 0.0423486 0.590384
9.9982E-05 0.0875312 9.9982E-05 0.273607 0.107294 0.531368
9.9982E-05 0.102191 9.9982E-05 0.295538 0.131843 0.470227
0.481297 9.9991E-05 0.0562236 0.128194 0.298367 0.035818
0.419991 0.0361911 0.0143473 0.0476104 0.440405 0.0414558
0.605936 9.9973E-05 9.9973E-05 0.201392 0.192371 9.9973E-05
0.425961 0.0507841 9.9991E-05 0.313932 0.186809 0.022414
0.201925 0.0301673 9.9982E-05 0.59404 0.173667 9.9982E-05
0.603474 0.0744825 0.0604986 9.9991E-05 0.256537 0.00490775
0.559672 0.0177246 0.0406656 0.1003 0.281538 9.9991E-05
0.561064 0.100232 9.9991E-05 0.0612188 0.268849 0.00853639
0.287621 0.00559717 0.0751866 9.9982E-05 0.631396 9.9982E-05
0.582234 0.0982499 0.0154881 0.0723023 0.165163 0.0665622
0.394099 0.077652 9.9982E-05 0.162183 0.365866 9.9982E-05
9.9973E-05 0.181995 9.9973E-05 0.0772924 0.740412 9.9973E-05
0.573546 0.112749 9.9982E-05 0.261881 9.9982E-05 0.0516248
0.187505 0.22234 0.0396614 9.9991E-05 0.548503 0.0018897
0.548169 9.9991E-05 0.0338642 0.0173566 0.35317 0.0473401
0.0796887 9.9982E-05 9.9982E-05 0.234539 0.67243 0.013142
9.9973E-05 0.115414 9.9973E-05 0.796355 9.9973E-05 0.0879318
0.0894891 0.111525 9.9982E-05 0.726428 9.9982E-05 0.0723586
9.9973E-05 0.118021 9.9973E-05 0.868423 9.9973E-05 0.0132564
9.9973E-05 0.120235 9.9973E-05 0.787666 9.9973E-05 0.091799
0.0381469 0.105178 0.0253138 0.831161 9.9982E-05 9.9982E-05
0.085846 0.0769483 0.0100887 0.765858 9.9991E-05 0.0611589
0.0893733 9.9982E-05 0.00847011 9.9982E-05 0.0168356 0.885121
0.0608457 9.9982E-05 0.0422794 0.106872 9.9982E-05 0.789803
0.117956 0.0212679 0.105518 9.9982E-05 9.9982E-05 0.755058
0.041657 9.9982E-05 0.128141 0.0667306 9.9982E-05 0.763272
0.124157 9.9973E-05 0.0454326 9.9973E-05 9.9973E-05 0.830111
9.9973E-05 0.1213 9.9973E-05 0.527072 9.9973E-05 0.351328
9.9982E-05 0.0150596 9.9982E-05 0.463326 0.0594336 0.461981
9.9982E-05 9.9982E-05 0.00995282 0.507424 0.0790147 0.403409
0.154926 9.9973E-05 9.9973E-05 0.0179485 9.9973E-05 0.826826
9.9982E-05 0.0614277 9.9982E-05 0.579818 0.0360588 0.322496
0.279178 0.118539 0.377404 0.000970271 9.9991E-05 0.223809
0.573498 0.0443235 0.209342 0.0472247 0.00883832 0.116774
0.50956 9.9982E-05 0.292711 0.0145005 9.9982E-05 0.183028
0.3498 0.128425 0.27424 0.00325557 0.0367024 0.207577
0.437727 0.0123033 0.206112 0.0985102 0.084655 0.160693
9.9973E-05 0.255575 0.298632 9.9973E-05 9.9973E-05 0.445493
0.457657 0.0913486 9.9982E-05 0.394993 0.0558013 9.9982E-05
0.379594 0.262718 0.044843 0.212476 0.0913985 0.00896984
0.30548 0.0268807 0.0171863 0.584793 0.0311088 0.0345518
0.509253 0.170148 9.9982E-05 0.166199 0.1542 9.9982E-05
9.9973E-05 0.612308 9.9973E-05 0.20204 0.185352 9.9973E-05
0.564911 0.130608 0.0607645 0.116052 0.0112424 0.116422
0.538503 0.140824 9.9982E-05 0.212509 0.107964 9.9982E-05
0.363308 0.0895206 9.9991E-05 0.416462 0.0920908 0.0385181
0.47369 0.01724 0.0663116 0.228977 0.101744 0.112038
0.160828 0.425549 9.9982E-05 0.248436 0.164988 9.9982E-05
0.448298 0.309549 0.0887525 0.105988 0.0473122 9.9991E-05
0.622886 0.040123 0.0552729 0.255939 0.0240803 0.00169923
0.355962 0.0244139 0.211264 0.139808 0.164211 0.104341
0.413177 0.23729 0.00990003 0.262727 0.0768058 9.9991E-05
0.426355 0.143941 0.05524 0.236229 0.131172 0.00706311
0.499316 0.193284 0.0547619 0.146753 0.105786 9.9991E-05
0.57303 0.121615 9.9991E-05 0.1575 0.127834 0.0199212
0.667244 0.0340718 0.0510204 0.145456 0.0495574 0.0526505
0.707453 0.0517873 0.00135843 0.133894 0.0558108 0.0496968
0.466688 0.0498781 0.128707 0.166169 0.0820198 0.106538
0.104936 9.9973E-05 0.100963 9.9973E-05 9.9973E-05 0.7938
0.0664844 9.9982E-05 0.0369305 9.9982E-05 0.0588801 0.837505
0.0816028 0.0135117 9.9991E-05 0.0591711 0.0721998 0.773415
9.9991E-05 0.0237787 0.0633974 0.00195211 0.108856 0.801916
0.134257 9.9964E-05 9.9964E-05 9.9964E-05 9.9964E-05 0.865343
0.17265 0.0506485 0.0528486 0.579121 0.144632 9.9991E-05
0.536116 0.0884906 0.0260759 0.090012 0.193971 0.0653349
0.343167 0.106235 0.237738 9.9991E-05 0.143973 0.168787
0.659637 0.0749868 0.0750383 0.161532 0.0287061 9.9991E-05
0.561668 0.00709183 0.0018846 0.321122 0.078029 0.0302048
0.366726 0.299464 9.9973E-05 0.33351 9.9973E-05 9.9973E-05
0.0244621 0.154894 9.9991E-05 0.590884 0.124263 0.105396
0.589967 0.0374558 0.0213097 0.312938 0.0169094 0.0214196
0.188895 0.058775 0.0587129 0.522648 0.0870476 0.0839216
0.434409 0.176603 0.0437287 0.178417 0.130108 0.0367344
0.064391 0.0860125 0.0912301 0.548335 0.0778029 0.132229
0.615596 0.0650638 0.042111 0.20841 0.00222158 0.0665975
0.260798 0.0616173 9.9991E-05 0.515612 0.0653182 0.096555
0.419858 0.165814 0.0738583 0.330729 9.9991E-05 0.00964047
0.51701 0.185166 0.0617504 0.139195 0.0967788 9.9991E-05
0.301703 0.563804 9.9973E-05 0.134193 9.9973E-05 9.9973E-05
0.634621 0.190241 9.9991E-05 0.0387756 0.0128171 0.123445
0.536475 0.286817 9.9991E-05 0.0121243 0.0628108 0.101672
0.399514 0.465506 9.9973E-05 0.13468 9.9973E-05 9.9973E-05
0.414785 0.148074 0.0607977 0.211323 0.117877 0.0471426
0.61459 0.347579 9.9982E-05 9.9982E-05 0.00976302 0.0278674
0.189416 0.687313 9.9973E-05 0.122971 9.9973E-05 9.9973E-05
0.320653 0.635238 9.9973E-05 9.9973E-05 0.0438088 9.9973E-05
0.525984 0.39074 9.9973E-05 0.0829765 9.9973E-05 9.9973E-05
0.174613 0.561598 9.9982E-05 0.10076 0.162829 9.9982E-05
0.547547 0.287607 9.9991E-05 0.0674444 0.0882303 0.0090714
0.107935 0.0875971 0.0532651 0.530164 0.21505 0.00598882
0.248824 0.324005 0.0173116 0.306645 0.103114 9.9991E-05
0.382553 9.9991E-05 0.0671368 0.415899 0.112326 0.0219849
0.622036 0.0358314 0.106162 0.189878 0.0459925 9.9991E-05
0.285313 0.0853175 9.9982E-05 0.463007 0.166162 9.9982E-05
0.478031 0.223051 0.056837 0.170383 9.9991E-05 0.0715981
0.584839 9.9982E-05 0.0951135 0.239837 9.9982E-05 0.0800105
0.444564 0.0327368 0.14386 0.240963 0.137776 9.9991E-05
0.536541 9.9991E-05 0.0851366 0.315276 0.0422542 0.0206916
0.465928 9.9991E-05 0.0355632 0.285139 0.188929 0.0243405
0.215674 9.9982E-05 0.0559399 0.523736 0.204451 9.9982E-05
0.294022 0.0294057 0.101325 0.442513 0.132634 9.9991E-05
0.591725 9.9982E-05 0.0373298 0.264874 0.105871 9.9982E-05
0.600551 0.176258 0.0659701 0.065729 0.0547006 0.0367911
0.528652 0.150294 9.9982E-05 0.272368 9.9982E-05 0.0484856
0.588409 0.151546 0.0296326 0.197389 0.0329238 9.9991E-05
0.429578 0.0416659 0.0337794 0.362489 0.0290611 0.103426
0.663288 0.0219832 0.00833409 0.216368 0.0529405 0.037087
0.479562 0.0555046 0.0738369 0.26531 0.0897493 0.0360368
0.499604 0.0651111 0.0686059 0.175817 0.0959026 0.0949589
0.515582 9.9982E-05 0.0689819 9.9982E-05 0.0401468 0.375089
0.412049 0.160282 0.248949 9.9991E-05 0.0652234 0.113396
0.590911 0.159324 0.0897556 0.139851 9.9991E-05 0.0200588
0.505603 0.0930982 0.210732 0.0719443 0.0972465 0.0213757
0.520767 0.0756357 0.121312 9.9991E-05 0.0673281 0.214858
0.565919 0.251025 9.9982E-05 0.16058 0.0222761 9.9982E-05
0.405534 9.9991E-05 0.231053 0.0847307 0.114763 0.163819
0.0458373 0.442777 0.142592 9.9991E-05 0.113799 0.254894
0.499964 0.114549 0.175067 0.0150394 0.036491 0.158889
0.566699 0.104067 0.170412 0.0921619 9.9991E-05 0.0665595
0.493369 0.0676445 0.180502 0.072971 0.0902591 0.0952537
0.38485 0.257763 0.0695516 0.0456131 0.0174216 0.224801
0.544173 0.0234595 0.134488 0.106138 0.0343764 0.157365
0.479621 0.125656 0.212639 9.9982E-05 9.9982E-05 0.181883
9.9973E-05 0.339151 0.18037 9.9973E-05 9.9973E-05 0.480178
0.489042 0.106025 0.225209 9.9982E-05 9.9982E-05 0.179524
0.534448 0.096017 0.206994 9.9982E-05 9.9982E-05 0.16234
0.44431 0.0990954 0.194314 0.152084 0.0444811 0.0657154
0.546592 9.9973E-05 0.193828 9.9973E-05 9.9973E-05 0.25928
0.414442 0.103599 0.258406 0.0942193 0.00971434 0.119619
0.414766 0.181817 0.0825945 0.109562 0.159245 0.0520158
0.520522 0.181908 0.103026 0.0475202 0.0778574 0.0691657
0.0417731 0.593116 9.9982E-05 0.102826 0.262085 9.9982E-05
0.0351217 0.673286 9.9982E-05 0.0622962 0.229096 9.9982E-05
0.560597 0.191753 0.0385739 0.0697566 0.0298816 0.109438
0.404411 0.224791 0.264706 9.9982E-05 9.9982E-05 0.105892
0.270622 0.226891 0.372428 9.9991E-05 0.0606271 0.0693311
0.172507 0.251783 0.280649 0.0298785 0.0317306 0.233452
0.31901 0.206569 0.308323 0.00859555 9.9991E-05 0.157403
0.138804 0.724359 0.07527 9.9982E-05 9.9982E-05 0.0613678
0.200494 0.553362 0.112811 9.9991E-05 0.0643501 0.0688831
0.466002 0.149311 0.139812 0.0586752 0.186099 9.9991E-05
0.445419 0.243866 0.135814 9.9991E-05 0.135215 0.0395856
0.177703 0.517499 0.144442 0.0379943 0.103723 0.0186381
0.548727 0.150417 0.0318717 0.037491 0.119105 0.112388
0.463434 0.291948 0.20028 0.0423304 0.00190772 9.9991E-05
0.4597 0.142469 0.139415 0.0821296 0.0632583 0.113028
0.389016 0.405756 9.9982E-05 0.0400591 0.16497 9.9982E-05
0.38861 0.323081 0.0745592 0.116605 0.0970443 9.9991E-05
0.570616 0.162185 0.0530487 0.0116029 0.202448 9.9991E-05
0.472088 0.37519 0.0333169 0.0643914 0.0420934 0.0129208
0.517489 0.193142 0.0372964 0.0574034 0.123729 0.070941
0.481502 0.397422 9.9982E-05 0.0164785 0.104397 9.9982E-05
0.268953 0.523838 9.9982E-05 0.122776 0.0842329 9.9982E-05
0.593188 0.240757 0.0245839 9.9982E-05 0.14127 9.9982E-05
0.289181 0.526283 9.9982E-05 0.0244575 0.159878 9.9982E-05
0.485333 0.469398 9.9982E-05 9.9982E-05 0.0431398 0.00192905
0.624605 0.186477 9.9991E-05 0.0993091 0.0396564 0.0498529
0.550029 0.27872 0.0356662 0.0373526 0.0981321 9.9991E-05
0.49868 0.126147 0.171067 0.0427077 0.00305673 0.158341
0.407328 0.227585 0.151457 0.0589828 0.0179822 0.136664
0.31196 0.169144 0.263597 0.0169878 0.0449842 0.193327
0.346011 0.141855 0.183477 0.126864 0.0402702 0.161523
0.427187 0.0149467 0.137147 0.145879 0.154986 0.119854
0.393877 0.17424 0.176007 0.125722 0.00532324 0.12483
9.9991E-05 0.598787 0.174475 0.0542074 0.00913884 0.163291
0.514469 0.0241965 0.275866 0.0692459 9.9991E-05 0.116123
9.9973E-05 0.49944 0.125029 9.9973E-05 9.9973E-05 0.375231
0.444292 0.187005 0.250645 0.0339816 0.0839759 9.9991E-05
0.0971608 0.588542 9.9973E-05 9.9973E-05 0.313998 9.9973E-05
9.9973E-05 0.661521 9.9973E-05 0.00881092 0.329368 9.9973E-05
0.519283 0.273768 9.9973E-05 9.9973E-05 0.206649 9.9973E-05
0.673511 0.201588 0.020632 0.000866728 0.103302 9.9991E-05
0.455558 0.347612 9.9982E-05 0.0269457 0.169685 9.9982E-05
0.454819 0.191641 9.9982E-05 9.9982E-05 0.329189 0.0241519
0.628316 0.327379 9.9973E-05 9.9973E-05 0.0440055 9.9973E-05
0.148582 9.9982E-05 0.0112048 0.036084 9.9982E-05 0.803929
0.0485959 0.0324688 0.0772892 0.103499 0.000611967 0.737535
9.9973E-05 9.9973E-05 0.0615502 0.0774293 9.9973E-05 0.86072
0.0294342 9.9964E-05 9.9964E-05 9.9964E-05 9.9964E-05 0.970166
0.514435 9.9991E-05 0.0443789 0.0695081 0.351601 0.0199778
0.455663 9.9991E-05 0.0719021 0.0396296 0.396287 0.0364179
0.458331 9.9973E-05 9.9973E-05 0.0368784 0.504491 9.9973E-05
0.572855 0.030953 9.9991E-05 0.0854258 0.238816 0.0718498
0.533278 0.0478039 0.0310309 0.131457 0.211737 0.0446935
0.177418 0.0815442 0.0265733 0.0879328 0.626432 9.9991E-05
0.548492 9.9973E-05 0.0609154 9.9973E-05 0.390293 9.9973E-05
0.371396 0.325111 9.9973E-05 9.9973E-05 0.303192 9.9973E-05
0.462918 0.0235185 0.197146 0.0334613 0.00030227 0.282654
0.407861 0.139599 0.0631066 0.0188992 0.370434 9.9991E-05
0.330264 9.9982E-05 9.9982E-05 0.0923048 0.559023 0.0182075
0.509751 9.9982E-05 0.0860648 0.00128165 0.402703 9.9982E-05
0.388144 9.9973E-05 9.9973E-05 0.0977179 0.513838 9.9973E-05
0.521149 0.0477888 0.00415679 9.9991E-05 0.407599 0.0192056
0.515536 9.9991E-05 0.0616667 0.0121482 0.36551 0.0450398
0.054118 0.0890464 9.9973E-05 9.9973E-05 0.856536 9.9973E-05
0.27436 0.14355 0.00277656 9.9991E-05 0.573114 0.0060992
0.28691 9.9982E-05 9.9982E-05 0.00232185 0.661963 0.0486058
9.9964E-05 0.20619 9.9964E-05 9.9964E-05 0.79341 9.9964E-05
0.434243 9.9991E-05 0.00974051 0.0965505 0.438014 0.0213524
0.0910621 0.304941 0.00393723 9.9982E-05 0.59986 9.9982E-05
9.9973E-05 0.291969 9.9973E-05 9.9973E-05 0.705941 0.00179022
0.575837 0.0254205 0.0279248 9.9991E-05 0.311923 0.0587951
0.203269 0.00699031 0.00956143 0.104416 0.640709 0.0350541
0.323014 9.9982E-05 0.12836 0.128827 0.419599 9.9982E-05
0.524346 9.9982E-05 0.118528 9.9982E-05 0.286296 0.0706292
0.517364 9.9973E-05 9.9973E-05 0.13781 0.344526 9.9973E-05
0.411108 0.18744 0.0297691 0.263262 0.10832 9.9991E-05
0.535718 9.9982E-05 9.9982E-05 0.0237523 0.392681 0.0476483
0.425837 9.9982E-05 0.079749 0.189443 0.304771 9.9982E-05
0.307831 0.0020972 9.9973E-05 9.9973E-05 0.689772 9.9973E-05
0.530748 0.0682694 9.9991E-05 0.0959673 0.242838 0.0620772
9.9982E-05 0.0545499 0.0301739 0.29275 9.9982E-05 0.622326
0.0171075 0.0947446 0.0112736 0.0930241 0.0352149 0.748635
9.9973E-05 0.0664639 9.9973E-05 0.141877 9.9973E-05 0.791359
9.9973E-05 0.0392817 9.9973E-05 0.151442 9.9973E-05 0.808977
9.9973E-05 0.0154597 9.9973E-05 0.245603 9.9973E-05 0.738638
0.102104 9.9982E-05 9.9982E-05 0.112707 0.744923 0.0400656
0.136923 0.00876396 9.9991E-05 0.0600162 0.714481 0.0797154
0.131904 0.0964826 0.00968245 9.9982E-05 0.761731 9.9982E-05
0.512347 0.0432724 0.17266 0.0810358 0.190585 9.9991E-05
0.587705 0.129369 0.0233589 9.9991E-05 0.103698 0.155768
0.238349 0.0666798 9.9982E-05 9.9982E-05 0.663953 0.0308181
0.5832 0.0538111 0.040211 9.9991E-05 0.308591 0.0140871
0.32325 0.0684857 0.0205126 9.9991E-05 0.480031 0.10762
0.573795 0.0123332 9.9991E-05 0.0362522 0.347865 0.0296541
0.6372 9.9982E-05 9.9982E-05 0.102279 0.217701 0.0426207
0.190869 0.00251609 0.0191309 0.113383 0.656154 0.0179481
0.350242 9.9982E-05 9.9982E-05 0.0571388 0.58789 0.00452941
0.344769 9.9982E-05 0.00733105 0.107924 0.539775 9.9982E-05
0.65987 0.168669 9.9982E-05 0.0671473 9.9982E-05 0.104114
0.412453 9.9982E-05 9.9982E-05 0.0234219 0.548174 0.0157507
0.466016 9.9991E-05 0.0314681 0.105792 0.385847 0.0107765
0.420645 9.9982E-05 0.392558 0.0645533 9.9982E-05 0.122044
0.348704 0.0619537 0.406886 9.9982E-05 9.9982E-05 0.182256
0.441127 0.0631655 0.414453 9.9982E-05 9.9982E-05 0.081054
0.316817 0.0756527 0.44845 9.9982E-05 9.9982E-05 0.158881
0.548324 0.127539 0.254119 9.9991E-05 0.00971013 0.0602078
0.490963 0.173881 0.00687035 9.9991E-05 0.274389 0.0537969
0.0303289 0.00777855 0.672079 0.0677738 9.9991E-05 0.22194
0.26269 0.107732 0.426637 9.9982E-05 9.9982E-05 0.202741
0.367934 0.197945 0.130377 9.9991E-05 0.0832452 0.220399
0.626434 0.222 9.9973E-05 9.9973E-05 9.9973E-05 0.151267
0.347036 0.372849 0.0870045 0.104425 9.9991E-05 0.088585
0.667359 0.0931843 0.0356899 0.0445947 9.9991E-05 0.159072
0.51514 0.144446 0.094442 0.0601296 0.0977918 0.0880506
0.280618 0.00952802 0.474471 9.9982E-05 9.9982E-05 0.235182
0.457216 9.9982E-05 0.289749 0.111335 9.9982E-05 0.1415
0.439366 9.9973E-05 0.484468 9.9973E-05 9.9973E-05 0.0758663
0.522281 0.0748075 0.145985 9.9991E-05 0.075058 0.181769
0.32227 0.0065439 0.501321 9.9991E-05 0.025587 0.144179
0.325206 0.021419 0.371183 0.0646238 0.119638 0.0979307
0.246316 9.9991E-05 0.54276 0.0236179 0.0418746 0.145332
0.280347 0.0964753 0.495633 0.0597994 0.0115542 0.0561918
0.55821 0.3346 9.9982E-05 9.9982E-05 0.0112887 0.0957014
0.435573 0.0427286 0.269823 9.9991E-05 0.0440942 0.207682
0.203191 0.0453712 0.568836 9.9982E-05 9.9982E-05 0.182402
0.321227 9.9991E-05 0.37757 0.0928927 0.050124 0.158086
0.211317 0.316779 9.9991E-05 0.265812 0.063418 0.142574
0.598613 0.235301 0.0526429 0.057008 0.0357447 0.0206898
0.441038 0.0506944 0.283715 0.0603805 9.9991E-05 0.164071
0.59425 0.242089 0.032172 0.0212074 9.9991E-05 0.110181
0.483193 0.168131 0.0221 0.0401456 0.108139 0.178291
0.449442 0.125797 0.172792 9.9991E-05 0.0502392 0.20163
0.345264 0.12032 0.249437 9.9991E-05 0.0199016 0.264977
0.477783 0.0814851 0.132441 0.0368541 0.138131 0.133306
0.416005 0.0491087 0.364118 9.9991E-05 0.0567204 0.113948
0.397043 0.0535678 0.429982 9.9991E-05 0.0393899 0.0799175
0.142471 0.024108 0.61607 9.9982E-05 9.9982E-05 0.217151
0.637168 0.157192 9.9991E-05 0.0625363 0.0348238 0.108179
0.503698 0.203343 9.9991E-05 0.128891 0.042726 0.121242
0.228008 0.62677 0.0333545 9.9982E-05 9.9982E-05 0.111668
0.577201 0.108908 0.0971548 0.107188 0.0129093 0.0966381
0.410474 0.22236 0.0194073 0.205166 0.0370825 0.10551
0.455135 0.118532 0.103686 9.9991E-05 0.081516 0.241032
0.566529 0.189231 9.9991E-05 0.0398542 0.0237966 0.180489
9.9973E-05 0.512964 0.196133 9.9973E-05 9.9973E-05 0.290603
9.9973E-05 0.574069 0.0773178 9.9973E-05 9.9973E-05 0.348313
0.227387 0.339512 0.20098 0.054592 0.048449 0.129081
9.9973E-05 0.469109 0.221133 9.9973E-05 9.9973E-05 0.309458
9.9973E-05 0.360627 0.216186 9.9973E-05 9.9973E-05 0.422887
0.360975 0.275641 0.137465 9.9991E-05 0.0594333 0.166386
0.377945 0.21116 0.175447 9.9991E-05 0.0249186 0.210429
0.243949 0.295174 0.156701 0.00717551 9.9991E-05 0.296901
0.158494 0.389589 0.114767 9.9982E-05 9.9982E-05 0.33695
0.563116 0.169003 0.0801003 0.0152987 0.018032 0.154449
0.170312 0.398523 0.0870766 9.9991E-05 0.0701167 0.273871
9.9973E-05 0.504585 0.0578585 9.9973E-05 9.9973E-05 0.437256
0.498101 0.0878739 0.127356 0.11209 9.9991E-05 0.17448
0.393419 0.19046 0.220643 9.9982E-05 9.9982E-05 0.195279
0.390072 0.027982 0.159763 9.9991E-05 0.114009 0.308074
0.540664 0.00718976 0.235443 9.9991E-05 0.026305 0.190298
0.555311 0.0312884 0.158204 0.00365364 0.053218 0.198325
0.451037 0.0620363 0.237927 9.9991E-05 0.04877 0.20013
0.366854 9.9982E-05 0.20715 0.0364994 9.9982E-05 0.389296
0.528252 0.0699859 0.170704 0.0583728 9.9991E-05 0.172585
0.446711 0.0115961 0.284457 0.00909737 0.0115893 0.23655
0.279656 0.131639 0.277309 0.0125261 0.0826727 0.216197
0.196636 0.0703191 0.220301 0.0808061 0.28652 0.145418
0.505855 0.0122748 0.144923 0.0854967 0.0845128 0.166937
0.481252 0.0508405 0.133413 0.0587365 0.0171518 0.258606
0.592029 0.111861 0.0189088 9.9991E-05 0.0993582 0.177743
0.394681 0.0857986 0.247083 9.9982E-05 9.9982E-05 0.272237
0.521578 0.130584 0.152206 0.0186144 9.9991E-05 0.176918
0.165776 0.248085 0.195425 9.9982E-05 9.9982E-05 0.390513
0.416275 0.0516855 0.188512 0.115192 0.029838 0.198497
0.183459 0.206918 0.345415 9.9991E-05 0.0217529 0.242355
9.9982E-05 0.042614 9.9982E-05 0.11519 0.0611465 0.78085
0.105109 9.9991E-05 0.0455406 0.77932 0.0666602 0.00326989
9.996E-05 9.996E-05 9.996E-05 0.9995 9.996E-05 9.996E-05
0.0282908 9.9973E-05 9.9973E-05 0.958699 9.9973E-05 0.0127107
0.079143 9.9964E-05 9.9964E-05 0.920457 9.9964E-05 9.9964E-05
0.0200803 9.9973E-05 0.0383382 0.941282 9.9973E-05 9.9973E-05
0.134681 9.9964E-05 9.9964E-05 0.86492 9.9964E-05 9.9964E-05
9.996E-05 9.996E-05 9.996E-05 0.9995 9.996E-05 9.996E-05
9.9973E-05 9.9973E-05 0.0100929 0.798484 9.9973E-05 0.191123
0.0360298 9.9982E-05 0.00822378 0.0531354 9.9982E-05 0.902411
0.0562667 9.9973E-05 9.9973E-05 0.109375 9.9973E-05 0.834059
9.9982E-05 9.9982E-05 0.0439424 0.0135663 0.0383591 0.903932
0.0407526 0.0456023 9.9982E-05 0.121072 9.9982E-05 0.792373
0.00626721 9.9991E-05 0.0397359 0.0180559 0.00204511 0.933796
9.9982E-05 9.9982E-05 0.0172913 0.0273961 0.0457758 0.909337
0.0263048 0.0142659 0.165931 0.00175677 9.9991E-05 0.791641
0.0270689 0.0131056 0.0422535 0.0107641 0.0291467 0.877661
0.100358 9.9982E-05 9.9982E-05 0.0933931 0.0573923 0.748657
9.9973E-05 9.9973E-05 0.0742246 9.9973E-05 0.0192761 0.906199
9.9973E-05 0.0131534 9.9973E-05 0.0187575 9.9973E-05 0.967789
0.0075153 0.0148333 0.0679187 0.071973 9.9991E-05 0.83766
9.9973E-05 9.9973E-05 0.0356501 0.0516524 9.9973E-05 0.912398
0.0379043 9.9973E-05 0.0505312 9.9973E-05 9.9973E-05 0.911265
0.0165142 9.9982E-05 0.0735473 9.9982E-05 0.0554984 0.85424
0.119194 9.9973E-05 0.0186977 9.9973E-05 9.9973E-05 0.861809
0.0822111 9.9973E-05 0.143306 9.9973E-05 9.9973E-05 0.774183
0.129711 9.9982E-05 0.0683548 9.9982E-05 0.00475444 0.79698
0.116331 9.9982E-05 0.0719005 9.9982E-05 0.0180127 0.793556
0.448389 0.272352 9.9991E-05 0.10731 0.0411156 0.130734
0.670696 0.155382 9.9991E-05 0.0175883 0.0684885 0.0877452
0.60611 0.167243 0.0448813 0.0802577 0.00279962 0.0987086
0.151942 0.713043 0.00297843 0.00662795 0.0633982 0.0620104
0.539884 0.194097 9.9991E-05 0.118822 0.0284098 0.118687
0.146411 0.691905 9.9973E-05 9.9973E-05 9.9973E-05 0.161384
0.650899 0.254262 9.9973E-05 9.9973E-05 9.9973E-05 0.0945388
0.387338 0.26859 9.9991E-05 0.112012 0.177533 0.0544269
0.549548 0.204397 9.9991E-05 0.102369 0.0151537 0.128432
0.606911 0.0358779 0.00526674 0.0155875 0.286638 0.0497195
0.504805 0.157969 9.9991E-05 0.185306 0.0548196 0.0970002
0.714251 0.235403 9.9973E-05 9.9973E-05 9.9973E-05 0.0500465
0.590013 0.212759 0.000927566 0.121563 0.00426809 0.0704682
0.0884189 0.292183 0.0390699 0.463177 0.117051 9.9991E-05
9.9973E-05 0.892795 9.9973E-05 0.0956812 9.9973E-05 0.0112243
0.184472 0.735123 9.9982E-05 0.0135273 9.9982E-05 0.0666769
0.587592 0.136159 0.072808 0.0937744 9.9991E-05 0.109567
0.598294 0.249669 9.9982E-05 0.0297795 9.9982E-05 0.122057
0.58225 0.270548 9.9982E-05 9.9982E-05 0.0415496 0.105453
0.607024 0.127397 0.0597715 9.9991E-05 0.0502364 0.155471
0.529643 0.125805 0.171633 0.00208278 9.9991E-05 0.170736
0.6234 0.0335317 0.133078 0.00219956 9.9991E-05 0.207691
0.130547 0.195549 0.144116 0.137827 9.9991E-05 0.391862
0.649809 9.9991E-05 0.0139407 0.126533 0.0669786 0.142638
0.406066 0.112981 0.139804 0.0515439 0.110113 0.179493
9.9982E-05 0.40604 0.157705 0.0117375 9.9982E-05 0.424317
0.306982 0.206635 0.190723 9.9991E-05 0.0158531 0.279707
0.298917 0.000689594 0.16622 0.0056188 0.163909 0.364646
0.442944 9.9991E-05 0.124578 0.124502 0.00224632 0.30563
0.454253 0.128702 0.20133 0.10579 9.9991E-05 0.109825
0.523833 0.112333 0.103947 0.0301729 9.9991E-05 0.229614
0.636033 0.00561128 0.176682 0.0486333 0.00223679 0.130804
0.450344 0.154689 0.126564 0.0225157 0.0841577 0.16173
0.373712 0.0146181 0.0794744 9.9991E-05 0.0283504 0.503745
