9.9991E-05 0.03711 0.0330461 0.00645153 0.00628554 0.0325649 0.884442
0.0433468 9.9973E-05 0.0211943 9.9973E-05 9.9973E-05 0.0126019 0.922557
9.9982E-05 0.000349726 0.00014737 9.9982E-05 0.146208 0.0357325 0.817362
9.9973E-05 0.0620566 9.9973E-05 9.9973E-05 0.0532263 0.0868187 0.797598
9.9982E-05 0.0470203 9.9982E-05 0.00344662 0.0726958 0.0157103 0.860927
9.9973E-05 0.0855466 9.9973E-05 0.34817 9.9973E-05 0.0140817 0.551902
9.9955E-05 9.9955E-05 9.9955E-05 0.275688 9.9955E-05 9.9955E-05 0.723812
9.9964E-05 9.9964E-05 9.9964E-05 0.278011 9.9964E-05 0.0320054 0.689584
0.0266874 9.99729E-05 0.0699202 9.99729E-05 9.99729E-05 0.0818171 0.821275
9.9973E-05 0.0902522 9.9973E-05 0.249815 0.00947199 9.9973E-05 0.650161
9.9964E-05 9.9964E-05 9.9964E-05 0.29233 9.9964E-05 0.0391178 0.668153
0.0116418 0.0825322 0.195443 0.081915 0.186272 0.442096 9.9991E-05
0.0389867 0.0676122 9.9991E-05 0.0576796 0.576194 0.25621 0.00321752
0.113002 0.00569124 0.0521104 9.9991E-05 0.314243 0.46834 0.0465138
9.999E-05 0.171792 0.186432 0.0139129 0.310133 0.284092 0.0335384
0.0645429 0.181419 0.124591 0.0747083 0.238734 0.204435 0.11157
0.116757 0.0822712 9.9991E-05 0.0453773 0.624731 0.0778938 0.0528706
0.0143421 0.139007 0.13791 0.0757699 0.438115 0.194757 9.9991E-05
9.999E-05 0.127999 0.0857562 0.0127503 0.32698 0.352089 0.0943257
0.0524039 0.0347496 0.081288 0.201315 9.9991E-05 0.62418 0.00596346
0.123495 0.0332896 0.183097 0.0228971 0.397353 0.239769 9.9991E-05
0.10054 9.9991E-05 0.0820725 0.193933 0.446358 0.128616 0.0483799
9.9982E-05 0.0962549 0.119305 0.210766 0.468313 0.105162 9.9982E-05
9.9991E-05 0.0628941 0.0964347 0.207906 0.267074 0.350999 0.014592
0.0329991 0.0785702 9.9991E-05 0.0779926 0.658319 0.0802919 0.0717269
9.9982E-05 0.0795962 0.149414 0.100717 0.469025 0.201048 9.9982E-05
0.0493867 0.152379 0.0902629 0.0641407 0.101375 0.497911 0.0445446
9.999E-05 0.180589 0.147899 0.0958628 0.149661 0.416514 0.00937389
0.137685 0.0089934 0.0775682 0.0860863 0.295632 0.393935 9.9991E-05
9.9964E-05 0.0632815 9.9964E-05 9.9964E-05 0.132214 9.9964E-05 0.804105
9.9955E-05 9.9955E-05 9.9955E-05 9.9955E-05 0.1838 9.9955E-05 0.815701
9.9973E-05 0.0271965 9.9973E-05 9.9973E-05 0.148664 0.0191343 0.804705
0.00497438 0.1427 0.0839315 9.9982E-05 0.0840042 9.9982E-05 0.68419
9.9973E-05 9.9973E-05 0.111134 0.24329 0.534911 0.110365 9.9973E-05
9.9973E-05 9.9973E-05 0.304286 9.9973E-05 0.562646 0.0545017 0.0782662
9.9973E-05 9.9973E-05 0.380141 0.0449487 0.514352 9.9973E-05 0.060258
0.051072 0.00161889 0.115465 9.9991E-05 0.20278 0.543083 0.0858808
0.0901905 0.0384906 0.578478 9.9982E-05 0.268453 9.9982E-05 0.0241884
0.0095589 9.9982E-05 0.25819 9.9982E-05 0.545409 0.0641236 0.122519
9.9982E-05 0.00722744 0.194392 0.115105 0.662472 9.9982E-05 0.0206035
9.9991E-05 0.00343902 0.0276922 0.353852 0.52735 0.0403152 0.0472512
9.9982E-05 9.9982E-05 0.139733 0.31036 0.481357 0.00754199 0.0608076
0.0473029 0.00946295 0.708449 9.9991E-05 0.0801378 0.137075 0.0174721
0.0486532 0.0380829 0.0172068 0.36159 0.510219 9.9991E-05 0.0241479
9.9991E-05 0.149804 0.256979 0.117875 0.420042 0.0522891 0.00291032
0.0795884 0.0904799 0.122012 9.9991E-05 0.56374 0.0167102 0.12737
0.0624095 9.9964E-05 0.604204 9.9964E-05 0.332986 9.9964E-05 9.9964E-05
9.9982E-05 0.0217764 0.209737 0.0372562 0.699342 9.9982E-05 0.0316879
9.9991E-05 0.10003 0.233686 0.105887 0.403112 0.10152 0.0556654
0.227692 9.9964E-05 0.695296 9.9964E-05 9.9964E-05 9.9964E-05 0.0766123
0.0760793 9.9982E-05 0.351772 0.0815672 0.128163 0.362218 9.9982E-05
0.325277 0.0783945 0.193415 0.202843 9.9982E-05 0.199871 9.9982E-05
0.021648 0.0912573 0.0681235 0.0647236 0.539717 0.161518 0.0530124
0.0835272 0.0327736 0.0355251 0.145469 0.659151 9.9991E-05 0.0434544
0.175569 0.0216505 9.9982E-05 9.9982E-05 0.657614 0.020731 0.124235
0.0820864 9.9991E-05 0.231636 0.113537 0.137933 0.335748 0.0989589
0.134681 9.9982E-05 0.0112252 9.9982E-05 0.605221 0.233089 0.0155834
0.046155 0.054516 0.0149341 0.126886 0.620266 0.0980631 0.0391799
0.0553942 9.9991E-05 0.158238 0.142223 0.358481 0.144225 0.14134
0.111809 0.0514682 0.10624 0.184833 0.0534635 0.316369 0.175818
0.035852 0.0587701 0.176057 0.105053 0.438909 0.129735 0.0556235
0.0266594 0.026464 0.135677 0.0151919 0.427367 0.315021 0.0536187
0.172473 9.9991E-05 0.179469 0.0803581 0.0058507 0.537251 0.0244982
0.0942912 0.0198977 0.136593 0.0256971 0.47337 0.250052 9.9991E-05
0.11012 0.0186085 0.0153776 0.0636913 0.661135 0.130968 9.9991E-05
0.0232914 0.0691073 0.0188496 0.173389 0.527752 0.141392 0.0462188
0.148566 0.0764495 0.171063 0.0453592 0.243282 0.299145 0.0161348
0.0622276 0.0459273 0.157787 0.0715512 0.503139 0.159268 9.9991E-05
9.9991E-05 0.0221222 0.0940123 0.0442035 0.592696 0.174881 0.0719856
0.1666 9.9991E-05 0.144154 0.0680026 0.260778 0.35257 0.00779523
9.9973E-05 9.9973E-05 0.444929 0.0463464 0.473379 0.0350466 9.9973E-05
9.9973E-05 9.9973E-05 0.742138 0.050348 0.14214 0.0650741 9.9973E-05
0.105749 0.0525145 0.175342 0.0454261 0.555831 0.0252928 0.0398445
0.121326 9.9955E-05 0.878174 9.9955E-05 9.9955E-05 9.9955E-05 9.9955E-05
0.0890302 9.9973E-05 0.840935 0.034767 9.9973E-05 0.0349677 9.9973E-05
0.0262262 9.9964E-05 0.723507 9.9964E-05 0.249867 9.9964E-05 9.9964E-05
9.9991E-05 0.00688172 0.398447 0.0835429 0.447333 0.0625882 0.00110711
0.101596 0.0393917 0.126669 0.0724407 0.524667 9.9991E-05 0.135135
0.113307 0.016012 0.377712 9.9973E-05 0.492669 9.9973E-05 9.9973E-05
9.9982E-05 0.064039 0.645744 9.9982E-05 0.0610211 0.205297 0.0236993
9.9973E-05 9.9973E-05 0.509561 9.9973E-05 0.230012 0.249279 0.010848
0.0469857 0.066883 0.201188 9.9991E-05 0.453138 0.0612096 0.170496
9.9982E-05 0.104037 0.560944 0.0691997 0.209248 0.0563719 9.9982E-05
9.9991E-05 0.0283503 0.472979 0.0635498 0.402746 0.00239625 0.0298781
0.0299455 9.9973E-05 0.537589 0.104764 0.327401 9.9973E-05 9.9973E-05
0.28253 0.0153094 0.693792 9.9973E-05 9.9973E-05 9.9973E-05 0.00806894
9.9973E-05 0.0351291 0.250517 9.9973E-05 0.617412 9.9973E-05 0.0966419
9.9964E-05 9.9964E-05 9.9964E-05 9.9964E-05 0.137189 0.0486563 0.813755
9.9955E-05 9.9955E-05 9.9955E-05 9.9955E-05 0.112835 9.9955E-05 0.886665
9.9955E-05 9.9955E-05 9.9955E-05 9.9955E-05 0.146178 9.9955E-05 0.853323
9.9955E-05 9.9955E-05 9.9955E-05 9.9955E-05 0.0942476 9.9955E-05 0.905253
0.00728283 9.9973E-05 0.0147141 9.9973E-05 0.122927 9.9973E-05 0.854776
0.0181417 0.00817247 0.00957116 0.0326046 0.0595809 9.9991E-05 0.871829
9.99551E-05 9.99551E-05 9.99551E-05 9.99551E-05 0.0654101 9.99551E-05 0.93409
9.9991E-05 0.105659 0.272542 0.0230023 0.430503 0.0792055 0.0889882
9.9991E-05 0.0434022 0.167197 0.14727 0.42923 0.131897 0.0809033
0.0502599 9.9982E-05 0.852265 9.9982E-05 0.00564233 0.0737787 0.0178543
9.9991E-05 0.0321306 0.103442 0.177316 0.474252 0.0753817 0.137379
9.9982E-05 9.9982E-05 0.471346 0.0399679 0.362745 0.104058 0.0216835
0.0728997 9.9973E-05 0.306658 9.9973E-05 0.574288 9.9973E-05 0.0458549
0.0558386 9.9982E-05 0.290209 0.0885178 0.540539 9.9982E-05 0.0246959
0.0123721 0.0638798 0.425877 0.0537803 0.443891 9.9982E-05 9.9982E-05
0.0465549 9.9982E-05 0.717091 0.0274429 9.9982E-05 0.172281 0.0364301
0.019138 0.0893267 0.0488696 0.115148 0.513385 0.134225 0.0799064
9.9991E-05 0.0292684 0.133503 0.150076 0.609301 0.0095321 0.0682193
9.9991E-05 0.0580386 0.106933 0.126149 0.545976 0.112034 0.050769
0.130291 9.9973E-05 0.534535 9.9973E-05 0.282062 9.9973E-05 0.052812
0.0596782 9.9991E-05 0.359985 0.00120087 0.532831 0.0402682 0.00593687
0.00839032 0.0339014 0.393191 0.117939 0.351799 0.0835655 0.0112137
9.9973E-05 0.0985554 0.635682 0.00590278 0.25956 9.9973E-05 9.9973E-05
9.9973E-05 9.9973E-05 0.49324 9.9973E-05 0.366194 0.0397677 0.100499
0.00954308 9.9991E-05 0.286262 0.0685249 0.455623 0.0643007 0.115646
0.289097 9.9982E-05 0.0493908 0.0073645 0.334647 0.3193 9.9982E-05
9.9982E-05 0.0756353 9.9982E-05 0.115391 0.340905 0.368199 0.0996696
9.9991E-05 0.0406688 0.101261 0.0339737 0.530554 0.195286 0.0981561
0.0611013 0.00354685 0.140534 0.113115 0.590377 0.0277334 0.0635928
0.0674538 9.9991E-05 0.0259225 0.00949264 0.487303 0.322124 0.0876048
0.057027 0.0526672 0.017848 0.00102625 0.587479 0.283853 9.9991E-05
0.0906601 9.9964E-05 9.9964E-05 9.9964E-05 0.52941 0.37953 9.9964E-05
0.053982 9.9991E-05 0.101211 0.0925574 0.534379 0.114317 0.103453
0.0224328 0.0651347 0.117337 0.0274818 0.622643 0.0848372 0.0601334
0.08656 0.0110986 0.0089943 9.9991E-05 0.63716 0.198291 0.0577952
0.0541648 9.9982E-05 0.0553105 0.0130595 0.562321 0.314944 9.9982E-05
0.0253666 0.0483862 0.0266245 0.155937 0.647972 0.0817475 0.0139663
0.0761994 0.0633539 0.0296799 0.0726382 0.523056 0.0979888 0.137084
0.0241462 0.0612037 0.0991819 9.9982E-05 0.518178 0.29709 9.9982E-05
0.134645 0.0974029 9.9991E-05 0.0341253 0.540059 0.168735 0.0249335
0.00272265 0.122452 0.109053 9.9991E-05 0.502311 0.237354 0.0260076
0.174038 9.9982E-05 9.9982E-05 0.0421078 0.415318 0.274558 0.0937787
0.0519152 0.0933747 9.9973E-05 9.9973E-05 0.630859 0.223551 9.9973E-05
0.144365 0.0367028 9.9982E-05 9.9982E-05 0.67293 0.140478 0.00532494
0.118554 0.0621527 0.201025 9.9991E-05 0.236842 0.354407 0.026919
0.383729 0.00295403 0.00887565 0.0527763 0.213616 0.294559 0.0434903
9.9991E-05 0.0399678 0.06932 0.139493 0.51895 0.190394 0.0417762
0.409886 0.0366058 0.126787 9.9982E-05 0.116342 0.31018 9.9982E-05
0.0656649 9.9991E-05 0.167521 0.0598039 0.266103 0.428369 0.0124389
0.0537664 9.9982E-05 0.236865 9.9982E-05 0.385185 0.283821 0.0401628
0.0196476 9.9991E-05 0.220662 0.00254968 0.310125 0.438421 0.00849412
9.9973E-05 0.0299323 0.127699 9.9973E-05 0.328579 0.513491 9.9973E-05
0.00256406 0.0325884 0.0855938 0.102328 0.535612 0.156759 0.084555
0.0590723 0.0611212 0.126588 0.0235461 0.555215 0.090801 0.0836566
0.0813938 0.0500463 0.0862275 0.0556202 0.548024 0.138018 0.0406703
0.348844 0.106855 0.192828 9.9982E-05 0.0425782 0.308694 9.9982E-05
0.0871341 0.012289 0.065027 0.120495 0.444114 0.126028 0.144913
0.231207 0.0449774 0.0806747 0.18308 0.43791 9.9991E-05 0.0220511
0.299648 9.9982E-05 0.112414 0.329876 9.9982E-05 0.0938587 0.164003
0.0843671 9.9982E-05 0.0865036 0.0948513 0.614759 9.9982E-05 0.11932
0.241195 0.0143401 0.213042 0.155936 0.306053 0.0319049 0.0375295
0.174131 0.0978375 0.0857831 0.0625333 0.427383 0.0637697 0.0885627
0.274552 0.0117113 0.0186954 0.300702 0.17765 0.128013 0.0886765
0.266205 9.9991E-05 0.0528842 0.373669 0.140718 0.118256 0.0481675
0.287833 9.9982E-05 9.9982E-05 0.115166 0.415994 0.161488 0.0193196
0.0513674 0.135445 9.9991E-05 0.182329 0.398745 0.166848 0.0651656
0.220464 0.0254729 0.0349855 0.0748274 0.413639 0.073485 0.157126
0.308555 0.178791 0.162565 0.190902 9.9991E-05 0.119928 0.0391588
0.00695384 0.0128962 0.0661459 0.154263 0.60964 0.0727432 0.0773577
0.19256 9.9982E-05 0.115958 0.370736 0.281574 0.038973 9.9982E-05
0.183007 9.9982E-05 0.111121 0.20369 0.437436 0.0645462 9.9982E-05
0.052021 9.9982E-05 0.141048 9.9982E-05 0.548676 0.0979696 0.160086
0.0998261 0.248993 0.0259543 0.287604 0.059505 9.9991E-05 0.278017
0.269095 0.111083 9.9973E-05 0.0794558 9.9973E-05 9.9973E-05 0.540066
0.337047 0.144693 9.9973E-05 0.07355 9.9973E-05 9.9973E-05 0.444411
0.0492795 0.340504 9.9982E-05 0.166218 0.0174874 9.9982E-05 0.426311
0.0377956 0.0299826 9.9973E-05 0.336585 0.595337 9.9973E-05 9.9973E-05
0.0076003 0.12105 0.190634 0.114337 0.436094 0.0690434 0.0612406
9.9964E-05 0.669065 0.0169605 9.9964E-05 0.313574 9.9964E-05 9.9964E-05
9.9973E-05 0.533893 0.123267 9.9973E-05 0.294534 0.0480062 9.9973E-05
0.0734645 0.366843 0.0375664 9.9991E-05 0.374744 0.0358376 0.111445
0.22202 0.000646336 0.0957936 0.42826 0.25308 9.9982E-05 9.9982E-05
0.112807 0.0501072 0.13856 0.161742 0.477687 0.0223916 0.0367052
0.356813 9.9973E-05 0.0414005 0.464945 0.136541 9.9973E-05 9.9973E-05
0.0913008 0.059718 9.9982E-05 0.289835 0.524747 0.0341989 9.9982E-05
0.174468 9.9991E-05 0.0576711 0.113388 0.489442 0.113422 0.0515086
0.175487 9.9991E-05 0.040911 0.169381 0.535552 0.0368719 0.0416967
0.405124 9.9982E-05 0.0657544 0.336071 0.134498 0.0583528 9.9982E-05
0.124035 0.0851871 0.122711 0.0546005 0.565223 0.0481435 9.9991E-05
0.107027 0.0858644 0.120832 0.13466 0.49401 9.9991E-05 0.057507
9.9955E-05 0.981764 0.0177365 9.9955E-05 9.9955E-05 9.9955E-05 9.9955E-05
9.9973E-05 0.875416 0.0247383 9.9973E-05 0.0818663 0.0176798 9.9973E-05
9.9973E-05 0.55996 0.0266643 0.138603 0.274472 9.9973E-05 9.9973E-05
9.9964E-05 0.700923 9.9964E-05 9.9964E-05 0.285261 0.013416 9.9964E-05
9.9982E-05 0.777754 0.00867076 0.112573 0.0724963 9.9982E-05 0.0283063
9.995E-05 0.9994 9.995E-05 9.995E-05 9.995E-05 9.995E-05 9.995E-05
9.9955E-05 0.976368 9.9955E-05 9.9955E-05 9.9955E-05 0.023132 9.9955E-05
9.9955E-05 0.834905 9.9955E-05 9.9955E-05 0.164596 9.9955E-05 9.9955E-05
9.9955E-05 0.98631 9.9955E-05 9.9955E-05 9.9955E-05 0.0131903 9.9955E-05
9.995E-05 0.9994 9.995E-05 9.995E-05 9.995E-05 9.995E-05 9.995E-05
9.995E-05 0.9994 9.995E-05 9.995E-05 9.995E-05 9.995E-05 9.995E-05
9.9982E-05 0.782789 9.9982E-05 0.00588459 0.134806 0.0606322 0.0156879
9.9982E-05 0.744398 0.00576586 9.9982E-05 0.165956 0.0143829 0.0692971
9.9955E-05 0.956512 0.0429886 9.9955E-05 9.9955E-05 9.9955E-05 9.9955E-05
9.9982E-05 0.457222 0.126105 0.0745706 0.209772 0.13213 9.9982E-05
9.9973E-05 0.746639 0.0669163 9.9973E-05 0.0962051 0.0899401 9.9973E-05
0.0119558 0.699616 0.0118019 9.9982E-05 0.18755 9.9982E-05 0.088877
9.9955E-05 0.962212 9.9955E-05 9.9955E-05 9.9955E-05 0.0372885 9.9955E-05
9.9964E-05 0.957583 9.9964E-05 9.9964E-05 0.0251779 9.9964E-05 0.0168391
9.9964E-05 0.874533 9.9964E-05 9.9964E-05 0.076522 9.9964E-05 0.0485455
9.9955E-05 0.997172 9.9955E-05 9.9955E-05 9.9955E-05 9.9955E-05 0.00232817
0.0296733 0.622557 0.0344406 9.9991E-05 0.205727 0.0295196 0.0779824
0.0145914 0.92633 0.0239762 0.0131896 0.020204 0.00160841 9.9991E-05
0.168426 9.9964E-05 9.9964E-05 0.507911 9.9964E-05 9.9964E-05 0.323264
9.9991E-05 0.0570308 0.0104063 0.337567 0.336242 0.136497 0.122156
0.0239045 0.0800726 0.0259997 0.451396 0.198973 9.9991E-05 0.219554
0.193872 0.111401 9.9982E-05 0.35303 0.0964389 9.9982E-05 0.245058
0.118479 0.156676 0.11061 0.135092 0.384972 9.9991E-05 0.094071
0.226899 0.18226 0.023655 0.283979 0.0896241 9.9991E-05 0.193483
0.0177732 0.118294 9.9991E-05 0.234802 0.418981 0.0681781 0.141873
0.0943762 0.197549 9.9982E-05 0.443311 0.224264 9.9982E-05 0.0403006
0.139755 0.159902 9.9982E-05 0.256353 0.366114 9.9982E-05 0.0776763
0.122201 0.266068 9.9982E-05 0.366567 0.150902 9.9982E-05 0.0940628
0.0169559 0.0574889 0.0527717 0.139142 0.503874 0.0161129 0.213655
0.0148835 9.9982E-05 9.9982E-05 0.0992134 0.0142513 0.026749 0.844703
9.9973E-05 0.0609834 0.0103469 9.9973E-05 9.9973E-05 0.0372649 0.891105
9.9973E-05 9.9973E-05 0.0187405 9.9973E-05 0.0376095 0.0311343 0.912216
9.9964E-05 9.9964E-05 9.9964E-05 9.9964E-05 0.0337892 0.0428053 0.923006
9.9982E-05 0.00797354 9.9982E-05 0.0351877 0.0498965 0.0242947 0.882448
0.0428299 0.0717853 9.9964E-05 9.9964E-05 9.9964E-05 9.9964E-05 0.884985
9.9982E-05 0.0707868 0.00607255 9.9982E-05 0.0314219 0.00759008 0.883929
0.0541213 9.9973E-05 0.0402543 9.9973E-05 9.9973E-05 0.00427344 0.901051
9.9973E-05 0.0239124 0.0509028 9.9973E-05 0.0179815 9.9973E-05 0.906903
0.0130253 0.0707581 9.9973E-05 9.9973E-05 0.0448689 9.9973E-05 0.871048
9.9964E-05 9.9964E-05 0.153816 9.9964E-05 9.9964E-05 0.249794 0.59599
9.9982E-05 0.00466731 0.0740126 9.9982E-05 0.0276017 0.313686 0.579832
0.110003 9.9973E-05 0.0717082 9.9973E-05 9.9973E-05 0.278262 0.539727
0.0141626 9.9982E-05 0.124604 0.0753965 9.9982E-05 0.334444 0.451193
0.0589897 0.018133 0.225979 0.0541868 0.49429 0.131823 0.0165984
0.0806817 0.0830421 0.280284 9.9991E-05 0.471272 0.0369341 0.0476862
9.9982E-05 0.0215108 0.246256 0.0259393 0.472715 0.233379 9.9982E-05
0.0775759 9.9991E-05 0.227825 0.0237088 0.397355 0.214569 0.0588659
0.050572 0.0263674 0.0991263 0.0596184 0.148861 0.615355 9.9991E-05
9.9982E-05 0.0436359 0.225164 0.142891 0.543718 9.9982E-05 0.0443902
0.0723978 9.9991E-05 0.212511 0.0513833 0.587221 0.0702515 0.00613628
0.114529 0.00525406 0.239971 0.0639488 0.461546 0.100337 0.0144145
0.0227142 0.0699595 0.571819 0.0132564 0.31444 0.007711 9.9991E-05
9.9982E-05 9.9982E-05 0.186814 0.0651199 0.633305 0.0321122 0.0824483
0.0321216 9.9991E-05 0.395062 0.0159121 0.40731 0.14518 0.00431481
0.310846 9.9964E-05 0.640016 9.9964E-05 9.9964E-05 0.0487384 9.9964E-05
9.9982E-05 9.9982E-05 0.199132 0.0367177 0.479769 0.214846 0.0693349
0.230685 0.00772758 0.485148 0.0571277 0.219112 9.9982E-05 9.9982E-05
0.0548798 0.0244969 0.338832 0.0150035 0.474725 0.0745078 0.017555
0.0607185 9.9982E-05 0.628072 9.9982E-05 0.105638 0.175662 0.0297094
9.9964E-05 9.9964E-05 9.9964E-05 0.209063 9.9964E-05 0.673148 0.11739
9.9973E-05 9.9973E-05 9.9973E-05 0.164154 0.0652412 0.677626 0.0926789
9.9955E-05 9.9955E-05 9.9955E-05 0.25782 9.9955E-05 0.74168 9.9955E-05
9.9973E-05 9.9973E-05 0.00305457 0.163181 9.9973E-05 0.756443 0.0770219
0.0505455 0.0182895 9.9973E-05 0.168977 9.9973E-05 0.761888 9.9973E-05
9.9982E-05 0.0110915 9.9982E-05 0.0582897 0.165856 0.700751 0.0638118
9.9973E-05 0.0565522 0.0255649 9.9973E-05 0.0885571 9.9973E-05 0.829026
0.0110185 0.0476015 9.9991E-05 0.0430901 0.0915656 0.0449991 0.761625
9.9973E-05 0.118618 9.9973E-05 0.0146752 0.103202 9.9973E-05 0.763205
9.9973E-05 0.105249 9.9973E-05 9.9973E-05 0.0492337 0.103293 0.741925
9.9973E-05 0.037251 9.9973E-05 0.101232 0.0900254 9.9973E-05 0.771192
9.9964E-05 9.9964E-05 9.9964E-05 0.148473 9.9964E-05 0.506326 0.344802
0.0373607 9.9973E-05 9.9973E-05 0.131825 9.9973E-05 0.376195 0.454319
0.0400966 9.9973E-05 0.0741508 9.9973E-05 9.9973E-05 0.440486 0.444967
9.9964E-05 9.9964E-05 9.9964E-05 9.9964E-05 0.181491 0.0037324 0.814377
0.0048835 9.9982E-05 0.0581834 0.103259 9.9982E-05 0.478928 0.354546
0.147679 0.387276 9.9982E-05 0.106794 0.226249 9.9982E-05 0.131802
9.9973E-05 0.15581 9.9973E-05 0.149045 0.555879 9.9973E-05 0.138966
9.9964E-05 0.2269 9.9964E-05 9.9964E-05 0.54832 9.9964E-05 0.22438
0.034269 0.224904 0.0564578 0.0829912 0.315827 0.036643 0.248908
9.9991E-05 0.209053 0.109346 0.053262 0.386616 0.083791 0.157833
0.231069 0.308556 9.9964E-05 9.9964E-05 9.9964E-05 9.9964E-05 0.459975
0.121843 9.9982E-05 0.092761 0.0583815 0.453924 0.272891 9.9982E-05
0.297784 9.9973E-05 9.9973E-05 9.9973E-05 0.377833 0.306591 0.0174925
0.0198665 9.9982E-05 0.042963 9.9982E-05 0.327428 0.551917 0.0576251
0.306046 9.9982E-05 0.0168193 0.0420754 0.500917 0.133942 9.9982E-05
0.660324 9.9964E-05 0.190424 9.9964E-05 9.9964E-05 0.148851 9.9964E-05
0.191788 0.0533612 0.00927595 0.0381365 0.495597 0.0923862 0.119455
0.215172 0.0118819 0.0370713 9.9982E-05 0.506853 0.228821 9.9982E-05
0.0372726 9.9991E-05 0.112284 0.0779234 0.323745 0.447409 0.00126575
0.0867403 0.0773027 0.095289 0.092802 0.481022 0.102798 0.0640457
0.384386 9.9982E-05 0.15069 0.0378255 0.157032 0.269866 9.9982E-05
0.209932 0.0771257 0.0677594 0.115579 0.359335 0.17017 9.9991E-05
0.0305478 0.00859767 0.162694 0.0404393 0.462451 0.29517 9.9991E-05
0.0562791 0.231254 0.126566 0.0824015 0.346492 0.0642513 0.0927556
0.258147 9.9964E-05 9.9964E-05 9.9964E-05 0.440848 0.300605 9.9964E-05
0.180569 9.9982E-05 0.022294 9.9982E-05 0.458569 0.301789 0.0365792
0.179333 0.124501 0.0617718 0.102716 0.430367 0.101211 9.9991E-05
0.0884744 9.9991E-05 0.109051 0.114984 0.546962 0.136539 0.00388968
0.00350669 0.0748432 0.123126 0.0508985 0.553589 0.125464 0.0685728
9.9991E-05 0.130766 0.131483 0.0697293 0.441507 0.20434 0.0220762
0.0105323 0.0253627 0.0437695 0.127794 0.501037 0.186629 0.104875
0.00706017 0.0610994 0.00756101 9.9982E-05 0.14714 9.9982E-05 0.77694
9.9964E-05 0.0174418 9.9964E-05 9.9964E-05 0.142205 9.9964E-05 0.839953
9.9991E-05 0.0157395 0.0617988 0.122859 0.0043863 0.0473273 0.747789
0.0297167 0.0415227 0.100503 9.9982E-05 0.031383 9.9982E-05 0.796674
9.9964E-05 9.9964E-05 9.9964E-05 0.0680715 0.114968 9.9964E-05 0.816561
0.0971207 0.051392 0.0794506 9.9982E-05 0.17759 0.594246 9.9982E-05
0.161443 0.0202399 0.0740204 0.0604066 0.47862 0.117235 0.0880346
0.0773147 0.136893 9.9982E-05 0.131169 0.460339 9.9982E-05 0.194084
0.0522639 9.9982E-05 0.0842529 9.9982E-05 0.673131 0.103831 0.086321
0.00626861 9.9982E-05 0.215168 9.9982E-05 0.509701 0.194326 0.0743366
0.32835 0.0387854 9.9973E-05 9.9973E-05 0.335242 0.297322 9.9973E-05
0.154124 9.9991E-05 0.148261 0.0202543 0.00602771 0.551476 0.119758
9.9991E-05 0.0135862 0.0833393 0.0892114 0.50128 0.273476 0.039007
0.0912333 9.9991E-05 0.0988459 0.040262 0.192102 0.496977 0.0804801
0.115469 0.0762123 0.0962917 0.0692438 0.384674 0.232424 0.0256854
0.165246 0.0399723 0.121767 9.9991E-05 0.0720941 0.511292 0.0895291
9.9991E-05 0.0778092 0.0371653 0.104296 0.510917 0.161937 0.107774
0.116864 0.0246677 0.0500021 0.0886295 0.148244 0.513297 0.0582959
0.132703 0.0735939 0.19591 0.0417471 0.358347 0.177019 0.0206794
0.125264 0.113219 9.9991E-05 0.23501 0.38961 0.118979 0.0178182
0.214203 9.9982E-05 0.0036383 0.502028 0.263474 0.0164562 9.9982E-05
9.9982E-05 9.9982E-05 0.0167423 0.379747 0.483719 0.101606 0.0179858
0.0182429 0.0540423 0.103411 0.325013 0.422328 9.9991E-05 0.0768633
0.123089 9.9973E-05 9.9973E-05 0.611058 0.211604 0.0539484 9.9973E-05
0.114942 0.101317 0.133703 0.173619 0.364176 0.0199894 0.0922543
0.0763314 9.9991E-05 0.123967 0.219497 0.471052 0.0902371 0.0188159
0.386039 9.9973E-05 0.087911 0.494275 0.0314754 9.9973E-05 9.9973E-05
0.251605 9.9973E-05 0.0529612 0.542063 0.153071 9.9973E-05 9.9973E-05
0.121431 9.9973E-05 9.9973E-05 0.310802 0.469591 0.0978753 9.9973E-05
0.174888 9.9982E-05 0.195933 0.612044 0.000749852 0.0161863 9.9982E-05
0.0414921 9.9991E-05 0.0108847 0.426683 0.422811 0.0788936 0.0191358
0.11519 0.0758778 0.20309 9.9991E-05 0.0468861 0.552444 0.00641276
0.398464 9.9964E-05 9.9964E-05 9.9964E-05 0.276165 0.324971 9.9964E-05
0.0976858 0.0548348 0.0645113 9.9991E-05 0.411494 0.360827 0.0105472
0.0728644 0.0540549 0.0866984 9.9982E-05 0.68554 0.100642 9.9982E-05
0.0959805 9.9973E-05 0.187488 9.9973E-05 0.265265 0.450967 9.9973E-05
0.17364 0.0659385 9.9982E-05 9.9982E-05 0.535712 0.187795 0.0367142
9.9991E-05 0.0998384 0.0433855 0.0341718 0.643239 0.13528 0.0439856
0.0539087 0.125367 0.0791007 9.9982E-05 0.451037 0.290387 9.9982E-05
0.063377 0.0991545 0.0282365 0.0271061 0.495315 0.28671 9.9991E-05
9.9991E-05 0.0608395 0.0980024 0.0340596 0.475954 0.303369 0.0276748
0.0334989 0.0466028 0.173112 9.9982E-05 0.281426 0.465161 9.9982E-05
9.9982E-05 0.0711265 0.0288279 0.103224 0.349558 0.447064 9.9982E-05
0.149366 9.9973E-05 9.9973E-05 0.00562329 0.62416 0.220551 9.9973E-05
0.0969014 0.087277 0.0986952 0.0780938 0.50944 0.105157 0.0244347
0.185901 9.9982E-05 0.0142739 9.9982E-05 0.499737 0.264211 0.035677
0.150109 0.0462727 9.9973E-05 9.9973E-05 0.561703 0.241616 9.9973E-05
0.0354325 0.0641955 9.9991E-05 0.0962746 0.326055 0.401281 0.0766614
0.0904363 0.0034369 0.114448 9.9991E-05 0.608113 0.180831 0.00263444
9.9991E-05 0.0765022 0.0484823 0.0777681 0.572804 0.223212 0.00113147
9.9982E-05 0.139755 0.109727 9.9982E-05 0.399702 0.204673 0.145944
9.9982E-05 0.143519 0.0724057 0.0836989 0.370445 9.9982E-05 0.329731
0.0402642 0.205881 0.073865 0.0789512 0.419654 9.9991E-05 0.181284
0.036743 0.0985008 9.9982E-05 0.170325 0.500827 9.9982E-05 0.193404
0.0495838 0.0792537 0.098628 0.0668026 0.590696 0.0962939 0.0187419
0.0681295 0.202859 0.0982654 9.9982E-05 0.453698 9.9982E-05 0.176848
0.278961 9.9973E-05 9.9973E-05 0.044701 0.497071 0.178968 9.9973E-05
0.0805126 9.9991E-05 0.107606 0.107945 0.547309 0.00971202 0.146816
0.306523 0.153469 0.179146 0.0723746 9.9982E-05 9.9982E-05 0.288287
0.0591939 0.164083 9.9982E-05 9.9982E-05 0.558901 0.136379 0.0812431
0.0120445 0.154317 0.088448 0.00768298 0.569023 0.0446421 0.123842
0.0799669 0.229589 0.0426849 0.0665914 0.463086 0.0325686 0.0855127
0.230943 0.113605 0.0967047 0.0446714 0.277057 0.0582487 0.17877
0.0613983 0.081823 9.9991E-05 0.0897389 0.52534 0.0437489 0.197851
0.108707 0.13455 9.9982E-05 9.9982E-05 0.520799 0.0765302 0.159214
0.328682 0.159012 9.9964E-05 9.9964E-05 9.9964E-05 9.9964E-05 0.511907
9.9982E-05 0.176924 0.139786 9.9982E-05 0.460007 0.0283271 0.194755
0.0215289 0.190001 9.9982E-05 0.0698251 0.521696 9.9982E-05 0.196749
0.0733465 0.0962506 0.000789267 0.138954 0.547424 9.9991E-05 0.143136
0.0747879 0.135785 9.9982E-05 0.0425719 0.511284 9.9982E-05 0.235372
0.0897741 0.193247 0.0264323 0.106745 0.448034 9.9991E-05 0.135667
0.324046 0.0117416 0.125832 9.9991E-05 0.45836 0.000223482 0.0796975
0.140074 0.0465037 0.041403 0.0990333 0.469665 0.149485 0.0538361
0.676001 9.9973E-05 0.160426 9.9973E-05 0.0645719 0.098702 9.9973E-05
0.78041 9.9973E-05 0.110108 9.9973E-05 0.0410747 0.0681067 9.9973E-05
0.312142 0.155994 9.9982E-05 9.9982E-05 0.459459 0.0412286 0.0309765
0.0623496 0.344627 9.9982E-05 0.197634 0.263919 9.9982E-05 0.131271
0.197042 0.374454 9.9982E-05 0.0513436 0.25462 9.9982E-05 0.122342
0.30207 0.279045 9.9982E-05 0.026685 0.199902 9.9982E-05 0.192098
0.235887 0.261353 9.9973E-05 9.9973E-05 0.363293 9.9973E-05 0.139167
0.689574 9.9964E-05 9.9964E-05 9.9964E-05 0.211388 9.9964E-05 0.0986376
0.648482 0.0144347 9.9973E-05 9.9973E-05 0.257277 9.9973E-05 0.0795057
0.320516 0.12584 0.023471 9.9982E-05 0.50264 0.0273324 9.9982E-05
0.368771 0.00923692 9.9982E-05 0.00379426 0.585358 9.9982E-05 0.0326402
0.611386 0.0163354 9.9973E-05 9.9973E-05 0.333702 9.9973E-05 0.0382773
0.297529 0.0420636 9.9973E-05 9.9973E-05 0.598069 9.9973E-05 0.0620385
0.177099 0.0885743 9.9991E-05 0.0636178 0.552505 0.0823705 0.0357332
0.0984802 0.11695 0.158515 9.9991E-05 0.4864 0.014826 0.124729
0.479252 9.9973E-05 0.0658647 9.9973E-05 0.416853 0.0377307 9.9973E-05
0.340347 9.9982E-05 0.139117 0.0427665 0.392929 0.08464 9.9982E-05
0.249691 0.00222045 0.139653 0.00368347 0.515465 0.037255 0.052031
0.40252 0.0159212 0.0392539 0.0231849 0.398927 0.0273889 0.0928042
0.199154 0.127522 0.175123 9.9991E-05 0.392607 0.00550371 0.0999905
0.344305 9.9964E-05 9.9964E-05 0.144648 0.510647 9.9964E-05 9.9964E-05
0.582497 9.9973E-05 9.9973E-05 0.0500244 0.264104 0.103074 9.9973E-05
0.233858 0.0233338 0.110948 9.9982E-05 0.589812 9.9982E-05 0.0418477
0.593829 9.9973E-05 0.103608 9.9973E-05 0.259626 0.0426366 9.9973E-05
0.394977 9.9982E-05 0.0233765 0.0881705 0.478717 9.9982E-05 0.0145596
0.155007 0.101525 0.156483 0.0225576 0.513248 9.9991E-05 0.05108
0.263543 9.9991E-05 0.15343 0.0292755 0.471347 0.0481788 0.0341253
0.103512 0.16473 0.0374765 0.0781732 0.510869 9.9991E-05 0.10514
0.166497 0.110553 0.017552 0.0856048 0.425637 0.040233 0.153924
0.108297 0.267492 0.0324156 0.195117 0.272623 0.0017465 0.122309
0.0923746 0.287852 9.9991E-05 0.176116 0.25752 0.110535 0.0755022
0.0345808 0.13774 0.00863062 0.07327 0.513766 0.0155289 0.216484
0.20978 0.186648 9.9991E-05 0.0254248 0.425969 0.00824558 0.143833
0.650814 0.108543 0.026674 9.9982E-05 0.0453585 9.9982E-05 0.168411
0.0888863 0.223577 9.9982E-05 0.0973357 0.515619 9.9982E-05 0.0743824
0.510523 0.116475 9.9964E-05 9.9964E-05 9.9964E-05 9.9964E-05 0.372603
0.245622 0.187045 9.9973E-05 9.9973E-05 0.552363 9.9973E-05 0.0146705
0.714199 9.9964E-05 0.134481 9.9964E-05 0.150919 9.9964E-05 9.9964E-05
0.759031 9.9964E-05 0.205264 9.9964E-05 9.9964E-05 0.0353049 9.9964E-05
0.363276 9.9964E-05 0.0934118 9.9964E-05 0.542912 9.9964E-05 9.9964E-05
0.347294 9.9955E-05 9.9955E-05 9.9955E-05 0.652206 9.9955E-05 9.9955E-05
0.470554 9.9973E-05 0.0283921 9.9973E-05 0.462558 0.0381964 9.9973E-05
0.371637 9.9964E-05 0.0972959 9.9964E-05 0.530667 9.9964E-05 9.9964E-05
0.385157 9.9964E-05 0.0601728 9.9964E-05 0.55427 9.9964E-05 9.9964E-05
0.00679436 0.025192 9.9991E-05 0.0535794 0.0726905 0.00652696 0.835117
0.015935 0.11237 9.9991E-05 0.0274665 0.0091719 0.14266 0.692297
9.9973E-05 0.0780651 9.9973E-05 0.00105933 9.9973E-05 0.0500201 0.870556
9.9955E-05 9.9955E-05 9.9955E-05 9.9955E-05 0.0712085 9.9955E-05 0.928292
0.0366068 9.9991E-05 0.366302 0.0501155 0.460147 0.0164361 0.0702931
0.00149568 0.0728891 0.36247 9.9991E-05 0.457588 0.0272367 0.0782206
9.9973E-05 0.0224999 0.490735 9.9973E-05 0.456771 0.0296948 9.9973E-05
9.9991E-05 0.0280629 0.24017 0.108866 0.520769 0.0194766 0.0825554
9.9991E-05 0.115616 0.088017 0.267725 0.451391 0.0328338 0.0443163
0.0135325 0.0414481 0.59953 0.13286 0.122077 0.0519856 0.0385661
9.9973E-05 0.131006 0.395941 9.9973E-05 0.459159 0.013594 9.9973E-05
0.0767184 9.9982E-05 0.501973 0.0438983 0.323499 9.9982E-05 0.0537121
0.0937266 0.175058 9.9991E-05 0.0234213 0.442328 0.0285577 0.236809
0.126283 0.0716831 0.386959 9.9982E-05 0.40498 0.00989465 9.9982E-05
9.9964E-05 9.9964E-05 0.590175 9.9964E-05 0.30913 0.100295 9.9964E-05
0.0616777 9.9973E-05 0.356767 9.9973E-05 0.57696 0.00429509 9.9973E-05
9.9964E-05 9.9964E-05 0.491905 9.9964E-05 0.445142 0.0625535 9.9964E-05
0.0279564 9.9973E-05 0.343429 0.0391062 0.589208 9.9973E-05 9.9973E-05
0.0159918 0.012952 0.367535 9.9982E-05 0.51765 9.9982E-05 0.085671
0.0663653 9.9964E-05 0.900204 9.9964E-05 0.0330307 9.9964E-05 9.9964E-05
0.00243561 0.0809243 0.565156 0.176029 0.141603 0.0105021 0.0233493
0.0967526 9.9982E-05 0.528594 9.9982E-05 0.279682 0.0803036 0.0144685
0.235502 9.9955E-05 0.763998 9.9955E-05 9.9955E-05 9.9955E-05 9.9955E-05
9.9982E-05 0.0519687 0.346795 9.9982E-05 0.388555 0.17705 0.0354308
0.263872 9.9982E-05 0.612312 0.0921126 0.0179389 9.9982E-05 0.0135653
0.29277 9.9955E-05 0.70673 9.9955E-05 9.9955E-05 9.9955E-05 9.9955E-05
0.0572014 0.00460827 0.36673 9.9982E-05 0.546763 9.9982E-05 0.0244972
9.9982E-05 9.9982E-05 0.653957 0.110665 0.138781 0.0752377 0.0211598
9.9982E-05 0.100669 0.319531 0.188599 0.298171 0.0928302 9.9982E-05
9.9991E-05 0.102609 0.14556 0.0290256 0.523823 0.0681793 0.130703
9.9964E-05 9.9964E-05 0.415334 9.9964E-05 0.508833 0.0754329 9.9964E-05
0.356011 0.00676646 9.9973E-05 9.9973E-05 0.453314 0.183608 9.9973E-05
9.9982E-05 0.0193744 0.297129 0.066752 0.535475 0.0810696 9.9982E-05
9.9973E-05 9.9973E-05 0.386444 9.9973E-05 0.437619 0.123344 0.0522936
9.9964E-05 9.9964E-05 0.647322 0.127761 0.224518 9.9964E-05 9.9964E-05
0.0533431 0.0821612 0.165503 0.147857 0.455481 0.0469104 0.0487445
9.9973E-05 9.9973E-05 0.030798 0.0940046 9.9973E-05 0.240347 0.634551
9.9982E-05 9.9982E-05 0.141068 0.0105443 0.0140906 0.0751137 0.758983
0.0278097 9.9973E-05 9.9973E-05 0.0127542 9.9973E-05 0.149541 0.809595
9.9973E-05 9.9973E-05 0.0338166 0.0176382 9.9973E-05 0.140709 0.807536
9.9964E-05 9.9964E-05 9.9964E-05 0.129222 9.9964E-05 0.175952 0.694426
9.9982E-05 0.0295441 0.69291 9.9982E-05 0.125812 0.121628 0.0299065
0.0172513 9.9991E-05 0.71912 0.14408 0.0449901 0.042278 0.032181
0.0463261 0.0182164 0.856564 0.0148662 0.0638273 9.9982E-05 9.9982E-05
0.0622651 0.0444487 0.197408 0.0483622 0.497284 0.0032165 0.147015
0.049407 9.9991E-05 0.136136 0.0419909 0.628363 0.00567185 0.138331
0.0329348 0.0363939 0.538326 0.104875 0.184828 9.9991E-05 0.102542
9.9991E-05 0.0983821 0.279671 0.0385661 0.517855 0.0377342 0.0276913
9.9982E-05 0.0682691 0.54893 0.0556908 0.302693 9.9982E-05 0.024217
0.0336469 9.9991E-05 0.321083 0.048918 0.566323 0.00928901 0.0206397
9.9973E-05 9.9973E-05 0.257191 9.9973E-05 0.558145 0.137917 0.0464473
9.9991E-05 0.0165926 0.579764 0.0778183 0.180654 0.118392 0.0266793
9.9964E-05 9.9964E-05 0.650036 9.9964E-05 0.318344 0.0312197 9.9964E-05
9.9973E-05 9.9973E-05 0.517497 0.113885 0.313187 0.0551318 9.9973E-05
9.9964E-05 9.9964E-05 9.9964E-05 0.32142 0.58073 9.9964E-05 0.0974496
9.9973E-05 9.9973E-05 0.623635 9.9973E-05 0.326871 0.0150444 0.0341498
0.00758043 0.0818742 0.382597 0.106716 0.306666 0.105052 0.00951578
0.0568544 0.37361 0.0571635 9.9991E-05 0.352946 0.00175822 0.157568
9.9982E-05 0.456436 9.9982E-05 0.118535 0.328069 0.010286 0.0864733
9.9973E-05 0.4453 9.9973E-05 0.113106 0.347122 9.9973E-05 0.0941718
0.123171 0.441398 9.9982E-05 0.0246808 0.267033 9.9982E-05 0.143517
0.100707 0.327584 9.9973E-05 9.9973E-05 0.463989 9.9973E-05 0.10742
0.0182393 0.0391846 0.371391 0.17 0.400985 9.9982E-05 9.9982E-05
0.0444661 0.65804 9.9973E-05 9.9973E-05 0.0184626 9.9973E-05 0.278732
9.9964E-05 0.503141 9.9964E-05 9.9964E-05 0.342842 9.9964E-05 0.153617
0.0331358 0.133163 0.0649097 0.304344 0.354672 9.9991E-05 0.109676
9.9964E-05 9.9964E-05 9.9964E-05 0.419912 0.468325 9.9964E-05 0.111362
9.9973E-05 0.0243842 9.9973E-05 0.584832 0.299959 9.9973E-05 0.0905246
9.9964E-05 0.0428583 9.9964E-05 0.432181 0.524561 9.9964E-05 9.9964E-05
9.9991E-05 0.0787562 0.18038 0.22282 0.473589 0.00974207 0.0346122
9.9964E-05 0.448174 9.9964E-05 9.9964E-05 0.365708 9.9964E-05 0.185718
0.00909016 0.414204 0.0664157 0.00727824 0.321336 0.0112198 0.170457
0.0319469 0.487724 9.9982E-05 0.0287818 0.408169 9.9982E-05 0.0431786
0.0548036 0.292586 0.0310111 9.9991E-05 0.487866 0.01998 0.113653
9.9973E-05 0.571993 0.102918 9.9973E-05 0.218568 9.9973E-05 0.106222
0.0111932 0.332353 0.0342978 0.148081 0.365429 9.9991E-05 0.108547
0.0597936 0.590222 9.9982E-05 9.9982E-05 0.214867 0.0222061 0.112712
0.0921337 0.419681 0.0456474 0.0109975 0.372576 9.9991E-05 0.0588647
9.9982E-05 0.0515146 0.0558758 0.463822 0.420872 9.9982E-05 0.00771598
0.0681702 0.306868 0.0098387 0.0430787 0.394874 9.9991E-05 0.17707
9.9973E-05 0.649669 9.9973E-05 0.0340373 0.170573 9.9973E-05 0.145421
0.0149589 0.397509 0.0143613 0.0523669 0.306629 0.146257 0.0679175
9.9982E-05 9.9982E-05 0.0680572 0.574828 0.0992527 0.151568 0.106094
9.9982E-05 0.0841446 0.00770365 0.484139 0.38286 0.0409531 9.9982E-05
0.0838105 0.279699 0.00911492 9.9991E-05 0.333272 0.0548255 0.239178
9.9973E-05 0.0213999 9.9973E-05 0.326754 0.572421 9.9973E-05 0.0791246
9.9982E-05 9.9982E-05 0.0285895 0.436912 0.379531 0.0628897 0.0918784
0.0669282 0.161658 0.174755 9.9991E-05 0.306142 0.0591079 0.23131
0.119478 0.243134 9.9973E-05 9.9973E-05 0.412962 9.9973E-05 0.224126
9.9982E-05 0.151643 9.9982E-05 0.203676 0.485361 0.113141 0.0459787
9.9973E-05 0.320325 0.128341 9.9973E-05 0.444384 9.9973E-05 0.106649
0.0483957 0.439054 9.9982E-05 9.9982E-05 0.448649 0.0238311 0.0398705
9.9964E-05 0.61086 9.9964E-05 9.9964E-05 0.149005 9.9964E-05 0.239735
0.039195 0.11682 9.9991E-05 0.201966 0.541181 0.0744132 0.0263252
9.9991E-05 0.000269039 0.0494182 0.553593 0.276338 0.0462111 0.0740706
0.230664 0.066461 0.0223121 0.586563 0.00994007 0.00133888 0.0827218
9.9982E-05 0.0622087 0.0392057 0.223922 0.550513 9.9982E-05 0.12395
0.0595479 0.0571024 9.9991E-05 0.183007 0.359102 0.22709 0.11405
0.0928296 0.147031 0.0659453 0.101064 0.393108 9.9991E-05 0.199922
0.158522 0.074289 0.0786637 9.9991E-05 0.441457 0.0652267 0.181741
0.457944 0.214835 9.9964E-05 9.9964E-05 9.9964E-05 9.9964E-05 0.326821
0.52926 0.0772981 9.9973E-05 0.0562502 9.9973E-05 9.9973E-05 0.336891
0.325004 0.125515 0.0399995 0.0412205 0.245492 0.0620803 0.160689
0.343613 0.212055 0.00229269 0.103607 9.9982E-05 9.9982E-05 0.338232
0.332556 0.22328 9.9964E-05 9.9964E-05 9.9964E-05 9.9964E-05 0.443765
0.294592 0.121994 9.9982E-05 0.0396529 0.39649 9.9982E-05 0.147071
0.137237 0.128749 9.9982E-05 0.110393 0.41452 9.9982E-05 0.208901
0.173287 0.222128 0.109214 0.163249 0.106933 9.9991E-05 0.22509
0.411523 0.154963 9.9982E-05 0.0239274 0.0912012 9.9982E-05 0.318185
0.160604 0.0631254 0.0203723 0.0262804 0.494817 0.0592427 0.175558
0.356627 0.102432 0.0503629 0.13146 0.133551 9.9991E-05 0.225467
0.464786 0.0755472 9.9964E-05 9.9964E-05 9.9964E-05 9.9964E-05 0.459267
0.104806 0.105554 0.0212466 9.9991E-05 0.51477 0.100857 0.152666
0.17039 0.160164 9.9991E-05 0.061073 0.375675 0.0170742 0.215525
9.9973E-05 0.175368 0.121196 9.9973E-05 0.404172 9.9973E-05 0.298964
9.9973E-05 0.299517 9.9973E-05 0.0715096 0.471103 9.9973E-05 0.157571
9.9982E-05 0.205075 0.087183 0.180075 0.374057 9.9982E-05 0.15341
0.0027091 0.262631 9.9991E-05 0.128951 0.427113 0.103859 0.0746372
0.0234136 0.285954 9.9991E-05 0.0933384 0.277036 0.0119167 0.308241
9.9973E-05 0.0757892 9.9973E-05 0.0462887 0.577535 9.9973E-05 0.300087
9.9973E-05 0.225177 0.0274812 9.9973E-05 0.456274 9.9973E-05 0.290768
0.127582 0.321193 0.00838379 0.0611717 0.20869 0.0617155 0.211264
9.9991E-05 0.118017 0.276118 0.0523966 0.256947 0.0793005 0.217121
9.9991E-05 0.125545 0.135231 0.00926244 0.432421 0.0889255 0.208515
0.110513 0.145429 0.0224237 0.0184106 0.5468 9.9991E-05 0.156324
0.0379783 0.0939076 0.221304 9.9991E-05 0.525618 0.0643466 0.0567454
0.00645997 0.270325 9.9991E-05 0.16224 0.284435 0.0252319 0.251207
0.0100516 0.152465 0.0249411 0.110779 0.502993 9.9991E-05 0.19867
0.251885 0.196834 9.9982E-05 0.0121758 0.145687 9.9982E-05 0.393218
0.0635853 0.1323 9.9973E-05 9.9973E-05 0.646829 9.9973E-05 0.156985
0.198345 0.247445 9.9982E-05 0.0164488 0.241354 9.9982E-05 0.296207
0.0155599 0.00516957 0.0548366 9.9982E-05 9.9982E-05 0.129079 0.795155
0.0217969 0.0897796 0.0285838 0.0477932 0.0448862 0.747056 0.0201047
9.995E-05 9.995E-05 9.995E-05 9.995E-05 9.995E-05 0.9994 9.995E-05
9.9955E-05 9.9955E-05 9.9955E-05 9.9955E-05 9.9955E-05 0.993481 0.0060194
9.9955E-05 9.9955E-05 9.9955E-05 9.9955E-05 0.0507638 0.948736 9.9955E-05
9.9964E-05 0.00393577 9.9964E-05 9.9964E-05 0.0640668 0.931598 9.9964E-05
9.9955E-05 9.9955E-05 9.9955E-05 9.9955E-05 0.144273 0.855227 9.9955E-05
9.9955E-05 9.9955E-05 9.9955E-05 9.9955E-05 9.9955E-05 0.940072 0.0594284
9.99658E-05 9.99658E-05 9.99658E-05 9.99658E-05 0.0142713 0.805173 0.180156
9.9964E-05 0.0644118 9.9964E-05 9.9964E-05 9.9964E-05 0.066412 0.868776
9.9964E-05 9.9964E-05 9.9964E-05 9.9964E-05 0.0641149 0.167588 0.767897
9.9964E-05 0.0530323 9.9964E-05 0.0913467 9.9964E-05 9.9964E-05 0.855221
0.0421427 9.9982E-05 9.9982E-05 0.0471873 0.0427895 0.100405 0.767275
9.9973E-05 0.0600952 0.0368376 9.9973E-05 9.9973E-05 0.0550533 0.847714
9.9973E-05 0.0218576 9.9973E-05 0.0473222 9.9973E-05 0.0611708 0.869349
0.00241953 0.0909966 0.0918081 0.0104855 0.0335515 0.0496954 0.721043
9.9982E-05 0.042989 9.9982E-05 0.0729857 0.0195224 0.00711973 0.857183
9.9982E-05 0.0631667 0.0328422 9.9982E-05 0.0608933 0.170701 0.672197
0.0219948 0.0689996 0.00388579 9.9973E-05 9.9973E-05 9.9973E-05 0.90482
9.9955E-05 9.9955E-05 9.9955E-05 9.9955E-05 9.9955E-05 0.0515498 0.94795
9.9982E-05 0.0786095 0.0373749 9.9982E-05 0.0134854 0.0437769 0.826553
9.9982E-05 0.0276067 0.0270028 0.0158251 9.9982E-05 0.0312729 0.898093
0.00688263 0.0210685 9.9973E-05 9.9973E-05 0.0897498 9.9973E-05 0.881999
9.9982E-05 0.0735932 0.0067353 9.9982E-05 0.0395149 0.0506759 0.829281
9.9964E-05 0.0181542 9.9964E-05 9.9964E-05 0.120028 9.9964E-05 0.861418
9.9964E-05 0.115153 9.9964E-05 9.9964E-05 0.116973 9.9964E-05 0.767474
9.9964E-05 0.108932 9.9964E-05 9.9964E-05 0.129787 9.9964E-05 0.760881
9.9964E-05 0.0174008 9.9964E-05 9.9964E-05 0.160277 9.9964E-05 0.821923
9.9991E-05 0.0223014 0.0460136 0.533525 0.260262 0.0607203 0.0770773
9.9973E-05 9.9973E-05 0.0652127 0.278793 0.569688 9.9973E-05 0.0860064
9.9991E-05 0.116586 0.0741203 0.245287 0.418382 0.0263502 0.119174
0.186867 9.9964E-05 0.00655222 0.806181 9.9964E-05 9.9964E-05 9.9964E-05
9.9982E-05 0.00825052 9.9982E-05 0.440082 0.386136 0.0693506 0.095981
0.170946 0.0130217 9.9973E-05 0.75469 9.9973E-05 9.9973E-05 0.0610416
9.9973E-05 0.0485766 9.9973E-05 0.358673 0.575509 9.9973E-05 0.0169421
9.9973E-05 9.9973E-05 0.0692156 0.589367 0.217787 0.123331 9.9973E-05
9.9973E-05 9.9973E-05 0.00896268 0.570066 0.40811 9.9973E-05 0.0125618
0.0146713 0.0048258 0.482815 0.00576638 0.459189 9.9991E-05 0.0326325
9.9964E-05 0.00781148 9.9964E-05 0.71734 0.274449 9.9964E-05 9.9964E-05
0.0467134 9.9982E-05 9.9982E-05 0.247624 0.592068 0.104998 0.008397
9.9973E-05 9.9973E-05 9.9973E-05 0.374254 0.515191 0.0138299 0.0964256
0.350925 0.0253081 0.0570005 9.9982E-05 0.136477 0.430089 9.9982E-05
0.271788 9.9955E-05 9.9955E-05 0.727713 9.9955E-05 9.9955E-05 9.9955E-05
0.15851 0.0368715 9.9973E-05 0.799246 0.00507309 9.9973E-05 9.9973E-05
9.9982E-05 0.0134151 9.9982E-05 0.33245 0.530906 0.071817 0.0512121
9.9982E-05 0.0471283 9.9982E-05 0.537493 0.386662 0.00345536 0.0250616
0.0412365 9.9973E-05 9.9973E-05 0.380248 0.46903 9.9973E-05 0.109186
0.02584 9.9982E-05 9.9982E-05 0.248533 0.627475 0.00298486 0.0949674
