0.818748 0.0510893 9.9973E-05 0.000142515 0.0146078 9.9973E-05 9.9973E-05 0.0363454 0.0787673
0.897663 9.9955E-05 9.9955E-05 9.9955E-05 9.9955E-05 0.0259124 0.0242702 9.9955E-05 0.0516544
0.761497 0.00268663 9.9973E-05 0.0706839 0.0617472 0.0361276 9.9973E-05 9.9973E-05 0.0669577
0.734953 0.0771481 9.9964E-05 0.061436 0.0560995 9.9964E-05 9.9964E-05 9.9964E-05 0.0699632
0.887739 9.9955E-05 9.9955E-05 0.0541985 0.0164003 9.9955E-05 0.0411622 9.9955E-05 9.9955E-05
0.548445 0.00234812 0.312679 9.9964E-05 0.105512 9.9964E-05 9.9964E-05 9.9964E-05 0.0306162
0.747809 9.9946E-05 0.205954 9.9946E-05 9.9946E-05 9.9946E-05 9.9946E-05 9.9946E-05 0.0456374
0.66924 0.0430469 0.214841 9.9964E-05 0.0334667 9.9964E-05 9.9964E-05 9.9964E-05 0.0390058
0.771813 0.0554266 9.99639E-05 9.99639E-05 9.99639E-05 0.0655377 9.99639E-05 0.0739758 0.0328473
0.695585 9.9973E-05 0.15899 0.0235138 0.0782137 9.9973E-05 0.0154237 9.9973E-05 0.0279744
0.730523 0.0582644 0.210613 9.9946E-05 9.9946E-05 9.9946E-05 9.9946E-05 9.9946E-05 9.9946E-05
9.9973E-05 0.433944 0.030475 0.258758 0.0753108 0.138113 9.9973E-05 0.0630991 9.9973E-05
9.9973E-05 0.256431 9.9973E-05 0.579125 0.0190504 0.0702736 9.9973E-05 0.0527654 0.0220551
0.032221 0.404235 9.9991E-05 0.254256 0.0482116 0.0603791 0.0898257 0.0800064 0.0307653
9.9973E-05 0.314515 9.9973E-05 0.309741 0.113517 0.0765581 0.0344117 0.150958 9.9973E-05
0.102698 0.238934 0.0292844 0.328331 0.129247 0.0778721 0.04967 0.0319029 0.0120607
0.0232903 0.0969256 9.9991E-05 0.535091 0.0966627 0.0931283 0.00606153 0.12156 0.0271811
9.999E-05 0.195159 0.0823566 0.326193 0.0991568 0.143293 0.0687868 0.0330113 0.0519429
0.0882334 0.286084 9.9982E-05 0.292155 0.0594952 0.171924 9.9982E-05 0.0990838 0.00282433
0.0111063 0.61692 0.203743 9.9991E-05 0.0983432 0.00412524 0.0397185 0.0197136 0.00623033
0.00680113 0.243768 0.0701049 0.388157 0.0863582 0.202293 9.9982E-05 9.9982E-05 0.00231748
9.9982E-05 0.213141 0.153354 0.501609 9.9982E-05 0.0197988 0.00161679 0.0970027 0.0132773
0.0829158 0.147365 0.106385 0.545519 9.9982E-05 0.0709303 0.0448369 0.00184879 9.9982E-05
9.9982E-05 0.292546 0.0847754 0.265634 0.112913 0.191071 9.9982E-05 0.0290555 0.023805
0.0238379 0.105895 0.123761 0.535333 0.111698 0.0319917 0.0214218 9.9991E-05 0.0459619
9.9973E-05 0.239014 9.9973E-05 0.525046 0.0746716 0.0827274 0.0114704 0.0667707 9.9973E-05
9.9973E-05 0.4654 9.9973E-05 0.198944 0.0868943 0.150372 9.9973E-05 0.0809407 0.0171488
9.9964E-05 0.428366 9.9964E-05 0.15852 0.181222 0.116145 9.9964E-05 0.115348 9.9964E-05
0.0113014 0.425837 0.0176156 0.23713 0.0167406 0.147139 0.0456717 0.0984644 9.9991E-05
9.993E-05 9.993E-05 9.993E-05 9.993E-05 9.993E-05 9.993E-05 9.993E-05 9.993E-05 0.999201
9.993E-05 9.993E-05 9.993E-05 9.993E-05 9.993E-05 9.993E-05 9.993E-05 9.993E-05 0.999201
0.478572 9.9964E-05 9.9964E-05 0.0836801 0.0236693 0.0511557 9.9964E-05 9.9964E-05 0.362523
0.457868 9.9973E-05 9.9973E-05 0.0809489 0.0829128 0.102819 9.9973E-05 0.0247786 0.250373
0.0424611 0.104676 0.112233 0.514033 9.9982E-05 0.208582 0.0145748 9.9982E-05 0.00323983
0.118609 0.12425 9.9973E-05 0.473393 0.0701519 0.187111 0.0261861 9.9973E-05 9.9973E-05
9.9964E-05 9.9964E-05 0.0557952 0.506023 0.0238767 0.39751 9.9964E-05 9.9964E-05 0.0163954
0.115479 0.456491 9.9973E-05 0.228815 9.9973E-05 0.0717828 0.0673687 0.0597631 9.9973E-05
0.0489157 9.9982E-05 9.9982E-05 0.226038 0.0377416 0.558281 0.0953635 0.0239352 0.00952484
0.0593589 0.0578464 9.9964E-05 0.61176 9.9964E-05 0.195958 0.0746766 9.9964E-05 9.9964E-05
0.045035 9.9964E-05 0.10689 0.694393 9.9964E-05 0.146287 9.9964E-05 0.00699456 9.9964E-05
0.094593 0.00641972 0.202832 0.499425 0.0206449 0.152081 9.9982E-05 9.9982E-05 0.0238053
0.095782 0.118503 0.0520618 0.550924 9.9982E-05 0.041509 0.067463 9.9982E-05 0.0735574
9.9973E-05 0.106779 0.0271139 0.082236 9.9973E-05 0.644455 9.9973E-05 0.062792 0.0763244
0.0371147 0.0824079 0.18766 0.540093 0.0379294 0.0593615 9.9982E-05 0.0552329 9.9982E-05
9.9973E-05 9.9973E-05 0.114981 0.45472 0.132463 0.243717 0.00191727 9.9973E-05 0.051902
0.104904 0.0190802 0.104478 0.560887 0.0345271 0.12248 9.9982E-05 9.9982E-05 0.053443
9.9955E-05 9.9955E-05 9.9955E-05 0.2754 9.9955E-05 0.659379 0.0254101 0.0393114 9.9955E-05
0.0250955 9.9973E-05 9.9973E-05 0.666423 0.00803559 0.229128 9.9973E-05 0.0565328 0.0144851
0.0382014 9.9991E-05 0.0797212 0.580076 0.0456864 0.139333 0.0270194 0.0419796 0.0478827
0.0708178 0.0169318 0.0744495 9.9973E-05 9.9973E-05 0.696199 0.0482935 0.0930086 9.9973E-05
9.9973E-05 0.403137 0.00728497 0.175354 9.9973E-05 0.23463 0.0730772 0.106217 9.9973E-05
9.9973E-05 0.199415 0.113072 0.0942426 9.9973E-05 0.28296 0.0743582 0.235652 9.9973E-05
0.0824037 0.16082 0.137807 0.490194 0.0968411 0.0316345 9.9973E-05 9.9973E-05 9.9973E-05
0.0898686 9.9973E-05 0.191491 0.574805 0.0530507 9.9973E-05 0.0636613 9.9973E-05 0.0268236
9.9982E-05 9.9982E-05 0.0652038 0.50749 0.0899215 0.0202571 0.245585 0.00863403 0.062709
0.13583 0.231018 0.12636 0.140677 9.9991E-05 0.260072 0.0613922 0.0155147 0.0290358
0.003663 0.244575 9.9991E-05 0.516313 0.0329462 0.120625 0.0152761 0.0659343 0.000566928
9.9982E-05 0.116622 0.111284 0.523779 0.117758 9.9982E-05 0.0440294 0.0396692 0.046659
0.0655752 0.23764 0.0990048 0.320901 9.9991E-05 0.150966 0.0420603 0.015832 0.0679196
0.111296 0.373958 0.026411 0.0807269 0.0259168 0.152728 9.9991E-05 0.21553 0.0133342
9.9973E-05 0.108871 9.9973E-05 0.551335 9.9973E-05 0.131121 0.0273573 0.112721 0.0682943
0.0527359 0.178049 9.9982E-05 0.48478 9.9982E-05 0.087144 0.0326237 0.151605 0.0128628
9.9982E-05 0.538194 0.0554038 0.0438829 9.9982E-05 0.164422 0.0281743 0.112254 0.0574689
9.9964E-05 0.214516 9.9964E-05 0.494922 9.9964E-05 0.131447 9.9964E-05 0.125551 0.0331638
9.9982E-05 9.9982E-05 0.077746 0.555395 0.0931543 0.15135 0.0405577 0.064874 0.0167235
0.0512891 0.139052 0.08024 0.571411 9.9973E-05 9.9973E-05 9.9973E-05 0.0877123 0.0699966
9.9982E-05 0.266261 9.9982E-05 0.32518 0.00903569 0.119151 0.0678754 0.179938 0.032359
9.9982E-05 0.117887 0.0248913 0.465873 9.9982E-05 0.183171 0.00964758 0.141698 0.0566323
0.0134316 0.188883 9.9982E-05 0.569919 0.00582545 9.9982E-05 0.139526 0.00219184 0.0800224
9.9982E-05 0.410106 0.0452549 0.244436 9.9982E-05 0.0919604 0.0450072 0.130724 0.0323108
0.0133531 0.0594406 9.9964E-05 0.555501 9.9964E-05 0.369709 9.9964E-05 9.9964E-05 0.00159708
0.0319642 0.117501 9.9964E-05 0.172448 9.9964E-05 0.652081 9.9964E-05 9.9964E-05 0.0256047
0.160946 0.0589356 0.0377184 0.526949 9.9982E-05 0.209425 0.00444049 9.9982E-05 0.00138491
9.9946E-05 9.9946E-05 0.0372192 9.9946E-05 9.9946E-05 0.874617 9.9946E-05 0.0875643 9.9946E-05
9.9955E-05 9.9955E-05 0.105603 9.9955E-05 9.9955E-05 0.837882 0.0524548 0.00356058 9.9955E-05
9.9955E-05 0.00228322 9.9955E-05 0.221665 0.0163136 0.759238 9.9955E-05 9.9955E-05 9.9955E-05
9.9955E-05 0.103302 9.9955E-05 0.413405 9.9955E-05 0.454632 9.9955E-05 9.9955E-05 0.0281606
0.184986 9.9973E-05 0.0704022 0.533249 9.9973E-05 0.162966 9.9973E-05 0.0245309 0.0235661
9.9973E-05 0.0480511 9.9973E-05 0.429817 0.0162188 0.436558 9.9973E-05 0.0517381 0.0173171
9.9964E-05 0.185828 9.9964E-05 0.116342 0.0570141 0.595816 9.9964E-05 9.9964E-05 0.0445996
0.0437821 0.238888 9.9964E-05 0.143644 0.0368728 0.536412 9.9964E-05 9.9964E-05 9.9964E-05
0.0497932 0.0780338 0.0195548 0.498232 0.0840117 0.209188 9.9991E-05 0.0331033 0.0279836
0.0341944 0.0437704 9.9964E-05 0.220745 0.0515267 0.649364 9.9964E-05 9.9964E-05 9.9964E-05
0.00894372 0.0150149 0.0761327 0.349874 9.9973E-05 0.482011 9.9973E-05 9.9973E-05 0.067724
9.9964E-05 9.9964E-05 0.0561775 0.366173 9.9964E-05 0.510007 9.9964E-05 0.0286592 0.0385828
9.9964E-05 9.9964E-05 0.127715 9.9964E-05 0.0489944 0.734834 0.0127611 0.0752955 9.9964E-05
0.081501 9.9982E-05 0.0152412 0.614057 0.0184476 0.19448 0.0246711 0.051402 9.9982E-05
0.729825 0.0478179 9.9973E-05 0.0977605 0.0182007 0.00204725 9.9973E-05 9.9973E-05 0.104048
0.815965 9.9946E-05 9.9946E-05 0.1013 9.9946E-05 9.9946E-05 9.9946E-05 9.9946E-05 0.0821352
0.74643 9.9964E-05 9.9964E-05 0.0549874 0.0522845 9.9964E-05 9.9964E-05 0.0363685 0.10953
0.748239 9.9955E-05 9.9955E-05 0.0309339 9.9955E-05 9.9955E-05 9.9955E-05 0.110966 0.109362
0.7366 9.9964E-05 9.9964E-05 0.0849005 9.9964E-05 9.9964E-05 0.0179229 0.0356487 0.124528
0.786633 9.9973E-05 9.9973E-05 0.056229 0.0302505 9.9973E-05 0.0224491 0.0338961 0.0702425
0.742679 9.9973E-05 9.9973E-05 0.0703797 0.00787014 9.9973E-05 0.031639 0.0473542 0.0997783
9.9973E-05 0.0803657 0.105966 0.464357 0.0929145 0.25312 9.9973E-05 9.9973E-05 0.00297723
0.031285 0.054577 0.0668957 0.510291 0.101594 0.183501 9.9982E-05 9.9982E-05 0.0516558
0.0395004 0.0838446 9.9964E-05 0.0315662 9.9964E-05 0.826349 0.01834 9.9964E-05 9.9964E-05
0.0581543 9.9982E-05 0.0999789 0.578736 0.022741 0.0994743 0.0987284 0.0419875 9.9982E-05
0.033873 0.0529416 0.0611239 0.432118 9.9964E-05 0.419543 9.9964E-05 9.9964E-05 9.9964E-05
0.0184985 9.9964E-05 9.9964E-05 0.497718 0.0342381 0.328881 0.120264 9.9964E-05 9.9964E-05
0.0605348 0.0316399 9.9973E-05 0.432479 0.070395 0.33167 0.0729817 9.9973E-05 9.9973E-05
0.00373192 9.9982E-05 0.0200934 0.42932 0.0549209 0.464429 0.0247825 0.00252228 9.9982E-05
0.0610349 0.184035 0.0207506 9.9955E-05 9.9955E-05 0.73368 9.9955E-05 9.9955E-05 9.9955E-05
0.0856821 0.0477134 0.0780261 0.419662 0.0435202 0.20815 0.0481159 0.0388272 0.0303029
0.0594604 9.9982E-05 0.0849712 0.620289 0.0214358 0.147637 0.013879 0.052127 9.9982E-05
0.0944943 0.0971145 0.0383606 0.491684 0.0976655 0.137444 9.9991E-05 0.00741507 0.0357216
9.9973E-05 9.9973E-05 0.0671381 0.286879 9.9973E-05 0.54603 0.013185 0.0555934 0.0308737
0.0212698 9.9964E-05 9.9964E-05 0.538299 9.9964E-05 0.326413 0.0931835 9.9964E-05 0.0204347
0.0280709 0.107069 0.0451122 0.390909 9.9973E-05 0.377506 9.9973E-05 9.9973E-05 0.051033
9.9946E-05 9.9946E-05 9.9946E-05 0.287682 0.12638 0.585338 9.9946E-05 9.9946E-05 9.9946E-05
0.0291371 0.1048 9.9973E-05 0.382187 0.00916012 0.449277 9.9973E-05 9.9973E-05 0.0251388
0.0338306 0.0205559 0.0454117 0.558825 9.9982E-05 0.256605 9.9982E-05 0.0313128 0.0532582
9.9964E-05 0.343293 9.9964E-05 0.213035 9.9964E-05 0.069905 0.135889 0.237478 9.9964E-05
0.0307124 0.258732 0.151843 0.374288 0.0402895 0.0200791 9.9991E-05 0.0730958 0.0508592
0.132479 0.0528798 0.0686781 0.564401 9.9982E-05 9.9982E-05 0.0712655 0.0669622 0.0431346
0.14472 0.0277695 0.0522264 0.533443 0.0310997 0.20413 9.9982E-05 9.9982E-05 0.00641125
0.0729869 0.316871 0.0130289 0.492058 9.9973E-05 9.9973E-05 0.0568912 9.9973E-05 0.0478642
9.9964E-05 0.266923 0.0076264 0.605863 9.9964E-05 9.9964E-05 0.0435235 0.0756648 9.9964E-05
0.0592483 0.368358 9.9964E-05 0.493699 9.9964E-05 9.9964E-05 0.0681155 0.0101793 9.9964E-05
0.0888809 0.0909186 0.0754329 0.449504 0.0171676 0.201026 9.9991E-05 0.0276273 0.0493427
0.160025 0.125575 0.0292783 0.549028 0.0529854 0.0350546 0.0442149 0.00373932 9.9991E-05
0.0166693 0.209407 0.008529 0.558502 9.9991E-05 0.0781211 0.0529962 0.0371942 0.0384816
9.9964E-05 0.309675 9.9964E-05 0.566326 9.9964E-05 0.0897488 0.0114525 9.9964E-05 0.0223973
0.0813253 0.127273 0.108211 0.557433 0.0196006 9.9991E-05 0.0827835 0.0119991 0.0112754
0.0350289 0.217175 0.0495175 0.513196 0.104682 9.9982E-05 9.9982E-05 0.0557385 0.024462
9.9964E-05 0.247977 9.9964E-05 0.545351 0.0384134 0.130833 0.0370254 9.9964E-05 9.9964E-05
0.0343 0.203838 0.0183382 0.59844 0.050833 9.9991E-05 0.0116746 0.0300392 0.0524373
9.9982E-05 0.0818177 9.9982E-05 0.47014 0.0815687 0.194455 0.0503218 0.0555942 0.0659025
0.058666 0.217123 0.100015 0.384266 9.9982E-05 9.9982E-05 0.0871479 0.133931 0.0186512
9.9955E-05 0.256018 9.9955E-05 0.590535 0.0549068 9.9955E-05 9.9955E-05 0.0980397 9.9955E-05
0.0367125 0.0757993 9.9973E-05 0.696085 9.9973E-05 0.0151155 0.0913994 0.084588 9.9973E-05
9.9973E-05 0.401414 9.9973E-05 0.147883 0.136096 0.241325 0.0180585 0.0549233 9.9973E-05
0.0260287 0.253683 9.9973E-05 0.143315 9.9973E-05 0.135834 0.203816 0.237024 9.9973E-05
9.9973E-05 0.140292 0.0622071 0.578074 9.9973E-05 0.119532 9.9973E-05 0.0879436 0.011651
9.9991E-05 0.29654 0.0204929 0.055643 0.0478652 0.226077 0.240396 0.1119 0.000986119
0.00317336 0.396096 0.00736909 0.313955 9.9982E-05 0.16371 0.0900444 9.9982E-05 0.0254518
0.0730108 0.321607 9.9964E-05 0.449159 9.9964E-05 0.0661337 0.0896898 9.9964E-05 9.9964E-05
0.0238469 0.414283 9.9973E-05 0.36589 9.9973E-05 0.142836 0.029823 9.9973E-05 0.0230212
9.9964E-05 0.438839 0.066931 0.395647 9.9964E-05 0.0885975 0.00958565 9.9964E-05 9.9964E-05
0.126667 0.0199924 0.0726773 0.556578 0.0241494 0.137174 0.031478 9.9991E-05 0.0311841
0.09287 0.0773339 0.0510712 0.63998 0.00683914 0.111373 0.0203328 9.9982E-05 9.9982E-05
0.0332428 0.206921 0.0272585 0.519796 0.0176354 0.0949573 9.9991E-05 0.0312524 0.0688363
9.9973E-05 0.313611 0.0323215 0.177556 9.9973E-05 0.120095 0.120573 0.235543 9.9973E-05
0.173048 0.0529564 0.0610039 0.523418 9.9982E-05 0.126581 0.0533943 0.00939769 9.9982E-05
0.0326709 0.0257678 0.109857 0.365 0.106876 0.15815 0.0832629 0.118315 9.9991E-05
0.0622305 0.157727 0.311008 9.9982E-05 9.9982E-05 0.128225 0.163669 0.159635 0.0173049
0.0510781 9.9973E-05 0.0826026 0.607553 9.9973E-05 0.15942 0.0892968 9.9973E-05 0.00974967
0.0455388 0.0400894 0.147974 0.313867 0.0185183 0.139026 0.10684 0.188048 9.9991E-05
0.0133355 0.150511 9.9982E-05 0.465351 0.0614363 9.9982E-05 0.124553 0.165068 0.0195444
0.00666527 0.0598429 0.271145 0.226697 9.9991E-05 0.111465 0.0503391 0.216996 0.0567505
0.0355957 0.129418 0.405915 0.119613 9.9991E-05 0.0633734 0.143927 0.067769 0.0342887
9.9982E-05 0.125852 0.163048 0.365472 9.9982E-05 0.0817722 0.183337 0.0769513 0.00336793
0.00557804 0.100298 0.166859 0.507715 9.9982E-05 9.9982E-05 0.0474302 0.119982 0.0519371
0.0881576 0.202061 0.0667624 0.358164 0.100783 0.139988 9.9991E-05 0.02844 0.0155435
9.9982E-05 0.14847 0.128105 9.9982E-05 0.118936 0.266613 0.106919 0.203717 0.02704
0.0354484 0.134704 0.101029 0.392687 0.191649 0.0823599 0.0343826 0.0111022 0.0166383
9.9973E-05 0.0429641 0.360423 0.349742 9.9973E-05 0.139526 0.0480957 0.0589494 9.9973E-05
9.9982E-05 0.096083 0.1773 0.406584 9.9982E-05 0.191618 0.0575284 0.0634251 0.00726181
0.0801918 0.0133187 0.15946 0.532543 0.107257 9.9982E-05 0.050052 9.9982E-05 0.0569773
0.203182 9.9973E-05 0.192811 0.117902 0.193031 9.9973E-05 9.9973E-05 0.225522 0.0672515
0.395766 9.9964E-05 0.0991563 9.9964E-05 0.10395 9.9964E-05 9.9964E-05 0.388575 0.0121534
0.296972 9.9973E-05 0.0430354 9.9973E-05 0.0584282 9.9973E-05 0.116318 0.444133 0.0408138
0.254811 0.0172497 0.0481965 0.0717175 0.279091 9.9982E-05 9.9982E-05 0.317281 0.0114527
9.9955E-05 9.9955E-05 0.309468 0.641934 9.9955E-05 0.0302815 0.0178169 9.9955E-05 9.9955E-05
0.064969 0.0275409 0.219758 0.499241 0.0176492 0.013815 0.132675 9.9991E-05 0.0242515
9.9982E-05 0.00620709 9.9982E-05 0.264339 0.652764 0.00190803 0.00135603 0.0349838 0.0382422
0.00516664 0.13932 9.9982E-05 0.356642 0.378976 0.0303679 0.0387489 9.9982E-05 0.0505793
0.0697305 9.9973E-05 0.119747 0.411473 0.28126 9.9973E-05 0.0810649 9.9973E-05 0.0364246
9.9973E-05 9.9973E-05 0.388351 0.229221 9.9973E-05 0.0852923 0.233726 0.0310216 0.0320885
9.9991E-05 0.0690672 0.032758 0.481636 0.0355433 0.0986907 0.0823978 0.158254 0.0415532
9.9973E-05 9.9973E-05 0.501894 0.123432 0.0139883 0.0978489 0.20361 0.0589268 9.9973E-05
0.0873231 9.9973E-05 0.28 0.560538 9.9973E-05 0.0160825 0.00595018 0.0498059 9.9973E-05
0.00972858 0.015153 0.232881 0.490639 9.9982E-05 0.0118508 0.191905 0.0476423 9.9982E-05
0.0216652 9.9982E-05 0.276284 0.528169 0.0361104 9.9982E-05 0.0799611 0.0116166 0.0459936
9.9982E-05 0.0220984 0.578963 0.111994 0.0019142 0.0792005 0.151771 0.0538576 9.9982E-05
0.0795901 9.9982E-05 0.0659335 0.503441 0.135828 0.153123 0.0417214 9.9982E-05 0.0201636
0.0774056 9.9982E-05 0.177203 0.50295 9.9982E-05 0.115386 0.0882208 0.0181875 0.0204476
9.9946E-05 9.9946E-05 9.9946E-05 9.9946E-05 0.943391 0.00568432 0.0503252 9.9946E-05 9.9946E-05
9.9964E-05 0.00279757 0.0529251 0.01063 0.924254 9.9964E-05 0.00899331 9.9964E-05 9.9964E-05
0.00904269 0.068534 9.9991E-05 0.199447 0.620444 0.0267155 0.0331473 0.0206744 0.0218948
0.0516224 9.9955E-05 9.9955E-05 0.356714 0.56433 9.9955E-05 9.9955E-05 9.9955E-05 0.0268331
9.9946E-05 9.9946E-05 0.130248 0.0810852 0.788068 9.9946E-05 9.9946E-05 9.9946E-05 9.9946E-05
9.9937E-05 9.9937E-05 9.9937E-05 9.9937E-05 0.992004 9.9937E-05 9.9937E-05 0.00729676 9.9937E-05
0.0205733 0.0500068 9.9955E-05 9.9955E-05 0.927311 9.9955E-05 9.9955E-05 9.9955E-05 0.00160877
9.9964E-05 9.9964E-05 0.0211766 0.144085 0.814977 0.0178187 9.9964E-05 9.9964E-05 0.00154315
9.9946E-05 0.0123479 9.9946E-05 0.0207463 0.966306 9.9946E-05 9.9946E-05 9.9946E-05 9.9946E-05
9.9937E-05 9.9937E-05 9.9937E-05 9.9937E-05 0.996385 9.9937E-05 9.9937E-05 9.9937E-05 0.0029156
9.9937E-05 9.9937E-05 9.9937E-05 9.9937E-05 0.973682 9.9937E-05 9.9937E-05 9.9937E-05 0.0256188
0.0236172 0.00479466 9.9964E-05 0.15617 0.773892 9.9964E-05 9.9964E-05 9.9964E-05 0.0411256
0.0106822 9.9964E-05 9.9964E-05 0.149633 0.734891 9.9964E-05 9.9964E-05 0.0856837 0.0187103
9.9937E-05 9.9937E-05 9.9937E-05 9.9937E-05 0.970877 0.0284233 9.9937E-05 9.9937E-05 9.9937E-05
0.0429933 9.9982E-05 0.105168 0.316185 0.40431 0.0888816 9.9982E-05 0.0233741 0.0188887
9.9973E-05 0.0443907 9.9973E-05 0.168876 0.646097 0.0409034 9.9973E-05 0.0746733 0.0247594
0.00199079 9.9964E-05 9.9964E-05 0.242155 0.648782 9.9964E-05 9.9964E-05 0.100898 0.00577379
0.0216658 0.0605953 9.9955E-05 0.030532 0.886707 9.9955E-05 9.9955E-05 9.9955E-05 9.9955E-05
9.9937E-05 9.9937E-05 9.9937E-05 9.9937E-05 0.988344 0.0109564 9.9937E-05 9.9937E-05 9.9937E-05
0.0211832 9.9955E-05 9.9955E-05 0.0667071 0.891422 9.9955E-05 9.9955E-05 0.0201882 9.9955E-05
9.9937E-05 9.9937E-05 9.9937E-05 9.9937E-05 0.988318 9.9937E-05 9.9937E-05 9.9937E-05 0.0109827
0.0701022 0.0313375 0.0238474 0.199423 0.645072 0.00605496 0.0239631 9.9982E-05 9.9982E-05
9.9955E-05 0.00373275 9.9955E-05 9.9955E-05 0.922831 0.0708217 0.0021146 9.9955E-05 9.9955E-05
0.263339 9.9964E-05 0.387974 9.9964E-05 0.0129364 9.9964E-05 0.11901 0.216342 9.9964E-05
0.115632 0.0723195 0.162862 0.411735 0.0584672 0.0249008 9.9991E-05 0.112847 0.0411356
0.250627 9.9982E-05 0.296911 0.345027 0.0593333 9.9982E-05 0.0227716 0.018109 0.0070218
0.13612 0.00467684 0.37569 0.139449 0.0560787 9.9991E-05 0.0484002 0.19396 0.0455247
0.0985772 0.00975935 0.133693 0.39489 0.0953376 0.113759 0.0294177 0.0689567 0.0556096
0.16595 9.9991E-05 0.242599 0.131557 0.0630478 0.0734704 0.0550009 0.230326 0.0379495
0.166968 0.0503419 0.156569 0.399832 0.0202253 0.0635951 0.0176268 0.118336 0.00650499
0.119518 9.9982E-05 0.331369 0.192303 0.188911 0.0745705 0.0235673 0.0695617 9.9982E-05
0.0120627 0.0556989 0.154381 0.409658 0.0982263 9.9991E-05 0.0455759 0.141495 0.0828017
0.052683 9.9982E-05 0.237633 0.244863 0.168173 0.0461877 9.9982E-05 0.180923 0.0693375
0.135292 0.0878594 0.12992 0.394322 0.111126 0.0972391 9.9982E-05 0.0440407 9.9982E-05
0.840892 0.0136539 0.0959919 0.014359 9.9973E-05 9.9973E-05 0.0328231 9.9973E-05 0.00198047
0.84741 9.9955E-05 9.9955E-05 9.9955E-05 0.0694079 9.9955E-05 0.0373307 9.9955E-05 0.0453516
0.883757 9.9955E-05 9.9955E-05 0.0634456 9.9955E-05 0.00393698 9.9955E-05 9.9955E-05 0.048361
0.897134 0.0192287 9.9964E-05 0.0294566 9.9964E-05 9.9964E-05 9.9964E-05 0.00886608 0.0449146
0.745042 0.0661391 9.9964E-05 0.0261072 9.9964E-05 9.9964E-05 9.9964E-05 0.0262495 0.136062
0.819925 9.9973E-05 9.9973E-05 0.00773623 0.0306307 9.9973E-05 0.00510322 0.086385 0.0499203
0.805261 9.9964E-05 9.9964E-05 0.0293274 0.0812601 9.9964E-05 9.9964E-05 0.0131491 0.0706026
0.82752 0.0107913 9.9973E-05 0.026915 9.9973E-05 9.9973E-05 0.0306201 0.0847585 0.0190947
0.830182 9.9955E-05 9.9955E-05 0.0459255 9.9955E-05 9.9955E-05 9.9955E-05 0.0894327 0.0339598
0.771942 9.9973E-05 0.00207083 0.0468383 0.0496993 9.9973E-05 9.9973E-05 0.122452 0.00669794
0.569339 0.268403 9.9964E-05 9.9964E-05 9.9964E-05 0.0516963 0.0707662 9.9964E-05 0.039396
0.579679 0.286221 9.9973E-05 9.9973E-05 0.000754647 0.0607228 9.9973E-05 0.048177 0.0241453
0.449628 0.314954 9.9973E-05 9.9973E-05 9.9973E-05 0.0346809 0.00656657 0.177025 0.0168454
0.5 0.258546 0.0830398 9.9973E-05 9.9973E-05 0.148403 0.00692905 9.9973E-05 0.00278155
0.0389398 0.147694 9.9982E-05 0.399023 0.0373951 0.275412 0.0672343 9.9982E-05 0.0341022
0.0579172 0.0670782 0.0620335 0.441306 9.9973E-05 0.260404 0.110961 9.9973E-05 9.9973E-05
0.0742861 0.17177 0.0136064 0.563866 9.9973E-05 0.15164 0.0245312 9.9973E-05 9.9973E-05
0.00474301 0.294873 9.9982E-05 0.363429 9.9982E-05 0.182895 0.0772055 0.0488658 0.0277883
9.9964E-05 0.597056 9.9964E-05 0.207779 0.0584106 0.0890756 0.0472792 9.9964E-05 9.9964E-05
0.11076 0.0397033 9.9973E-05 0.509336 0.100942 0.217469 0.0214894 9.9973E-05 9.9973E-05
0.000809858 0.0552901 9.9973E-05 0.621062 9.9973E-05 0.24994 0.00951999 0.0630776 9.9973E-05
0.0098769 0.0836625 0.0674586 0.508532 9.9982E-05 0.294492 0.0151483 0.02063 9.9982E-05
9.9964E-05 9.9964E-05 0.0498151 0.321084 0.0739015 0.52186 0.0329397 9.9964E-05 9.9964E-05
0.0302789 0.069742 0.121321 0.686402 9.9991E-05 0.0513874 0.0133649 0.0234294 0.00397493
9.9973E-05 0.150621 0.0331451 0.416166 9.9973E-05 0.32123 0.0684091 9.9973E-05 0.0101289
9.9955E-05 0.0699095 0.00283673 9.9955E-05 9.9955E-05 0.677838 0.248916 9.9955E-05 9.9955E-05
0.0563522 0.077666 9.9991E-05 0.490138 0.0053341 0.257187 0.0695839 0.0314088 0.0122306
0.0303846 0.0204056 0.0800099 0.212617 9.9982E-05 0.47809 0.115234 0.0630588 9.9982E-05
0.0212318 0.0472739 9.9982E-05 0.502236 9.9982E-05 0.346363 0.0593811 0.00467968 0.0186349
0.0735737 0.177115 9.9964E-05 0.0930847 9.9964E-05 0.609808 0.0460188 9.9964E-05 9.9964E-05
0.131089 0.61971 0.247688 9.9955E-05 9.9955E-05 9.9955E-05 9.9955E-05 0.00101243 9.9955E-05
0.10617 0.609121 0.284109 9.9946E-05 9.9946E-05 9.9946E-05 9.9946E-05 9.9946E-05 9.9946E-05
0.00937491 0.751665 0.225957 9.9955E-05 9.9955E-05 9.9955E-05 0.0125042 9.9955E-05 9.9955E-05
0.144447 0.671793 0.179241 9.9955E-05 9.9955E-05 0.00401894 9.9955E-05 9.9955E-05 9.9955E-05
9.9973E-05 0.697031 0.222985 0.012206 0.00902304 9.9973E-05 0.013449 9.9973E-05 0.0450062
0.079279 0.736696 0.11019 0.073335 9.9955E-05 9.9955E-05 9.9955E-05 9.9955E-05 9.9955E-05
0.798015 9.9973E-05 9.9973E-05 0.0806343 9.9973E-05 0.0272214 0.00726589 0.00785525 0.078708
0.782588 0.0656672 9.9964E-05 0.116833 0.0284095 9.9964E-05 9.9964E-05 9.9964E-05 0.00610235
0.698906 9.9964E-05 9.9964E-05 0.123456 0.0727462 9.9964E-05 9.9964E-05 0.0324568 0.0720357
0.676535 0.0521647 9.9973E-05 0.0865783 0.0811478 9.9973E-05 9.9973E-05 0.0416886 0.0615855
0.764954 9.9955E-05 0.0463446 0.0778033 0.110398 9.9955E-05 9.9955E-05 9.9955E-05 9.9955E-05
0.365495 0.447982 0.140462 9.9955E-05 9.9955E-05 9.9955E-05 9.9955E-05 9.9955E-05 0.0455617
0.473644 0.326674 0.0728287 9.9973E-05 9.9973E-05 0.00694958 0.0797991 9.9973E-05 0.0398049
0.421149 0.391831 0.00767307 9.9964E-05 9.9964E-05 9.9964E-05 0.129146 9.9964E-05 0.0498017
9.993E-05 9.993E-05 9.993E-05 9.993E-05 9.993E-05 9.993E-05 9.993E-05 9.993E-05 0.999201
0.398371 0.462406 0.0438695 9.9973E-05 9.9973E-05 0.0273303 0.0489545 9.9973E-05 0.0187689
0.164227 9.9955E-05 9.9955E-05 0.320986 0.275578 9.9955E-05 9.9955E-05 0.238709 9.9955E-05
0.131614 0.0112459 0.0631965 0.569184 0.22436 9.9964E-05 9.9964E-05 9.9964E-05 9.9964E-05
0.162955 9.9964E-05 9.9964E-05 0.526418 0.293585 9.9964E-05 0.00825197 9.9964E-05 0.0083904
0.237516 9.9991E-05 0.0402284 0.312605 0.194408 0.099366 0.00402161 0.104277 0.00747753
0.094813 0.10969 0.152677 0.377612 0.175004 9.9982E-05 9.9982E-05 0.0435423 0.0464625
0.352165 9.9964E-05 0.125663 9.9964E-05 0.248727 9.9964E-05 0.000386399 0.272659 9.9964E-05
9.9964E-05 0.295115 0.10892 0.422289 9.9964E-05 0.114836 0.0584399 9.9964E-05 9.9964E-05
0.0309204 0.226551 0.00985869 0.340244 9.9982E-05 0.109574 0.147105 0.135547 9.9982E-05
9.9982E-05 0.499038 0.0197334 0.285297 9.9982E-05 0.00601598 0.0457473 0.075081 0.0688877
9.9973E-05 0.215231 0.00317864 0.46179 9.9973E-05 0.0640366 0.206646 0.048818 9.9973E-05
9.9955E-05 0.212507 9.9955E-05 9.9955E-05 9.9955E-05 0.250837 0.359448 0.176708 9.9955E-05
0.118897 0.089166 0.0115515 0.581335 9.9982E-05 0.0619118 0.123476 0.0134627 9.9982E-05
9.9982E-05 0.254268 0.0136388 0.462298 9.9982E-05 0.0293776 0.167207 0.0486601 0.0243509
0.0197322 0.448815 0.0253457 0.370447 9.9991E-05 0.0547261 0.0124281 0.0429365 0.0254697
0.0590596 0.17639 0.0623223 0.535166 0.0582374 0.051575 0.046664 0.0104859 9.9991E-05
9.9964E-05 0.26796 9.9964E-05 0.0865797 9.9964E-05 0.281955 0.118507 0.244598 9.9964E-05
9.9982E-05 0.195229 0.0731283 0.421285 9.9982E-05 0.0368798 0.13901 0.124113 0.0101548
9.9982E-05 0.256438 0.0167813 0.499596 9.9982E-05 0.0537588 0.122036 0.0402741 0.010916
0.0529811 0.0990109 0.0233866 0.428011 0.128416 0.0412523 9.9991E-05 0.209544 0.0172985
9.9973E-05 0.318017 0.0284103 0.382644 9.9973E-05 0.0405886 0.184583 0.0454575 9.9973E-05
9.9973E-05 0.292186 9.9973E-05 0.503138 0.00177874 0.10111 0.0782454 0.0232432 9.9973E-05
9.9982E-05 0.129179 0.0494549 0.470791 0.0255223 0.0479415 0.111009 0.165902 9.9982E-05
0.0400001 0.136754 0.0380538 0.504186 9.9982E-05 0.1148 0.105605 0.0604008 9.9982E-05
9.9973E-05 0.204516 9.9973E-05 0.632312 9.9973E-05 0.0300313 0.0560741 0.0223046 0.0544618
9.9982E-05 0.111002 9.9982E-05 0.565535 0.0662283 0.0344342 0.154643 0.0341517 0.033806
9.9982E-05 0.16098 9.9982E-05 0.540239 0.0116371 0.0941847 0.0201157 0.151877 0.0207658
0.766757 9.9955E-05 0.0354817 0.0743071 0.122954 9.9955E-05 9.9955E-05 9.9955E-05 9.9955E-05
0.822537 9.9973E-05 9.9973E-05 0.0948367 0.0289808 0.0299789 0.00783681 9.9973E-05 0.0155295
0.765604 0.0530375 9.9964E-05 0.122913 9.9964E-05 0.00960629 9.9964E-05 0.0484392 9.9964E-05
0.814396 0.00410434 9.9973E-05 0.016433 0.067873 0.0582226 9.9973E-05 9.9973E-05 0.0386714
0.794197 9.9973E-05 0.00671279 0.0948557 0.0296888 9.9973E-05 0.0122184 9.9973E-05 0.0620279
9.9964E-05 0.482166 9.9964E-05 0.253861 9.9964E-05 0.0794878 0.0341531 0.149933 9.9964E-05
0.0141129 0.119908 9.9982E-05 0.522969 9.9982E-05 0.0815416 0.0847558 0.109603 0.0669102
0.223984 9.9991E-05 0.0577131 0.396803 0.136864 0.0441225 0.0992703 0.0269217 0.0142202
0.00846497 0.231835 0.00159617 0.617998 9.9991E-05 0.0448049 0.0268026 0.0258503 0.0425476
0.0628637 0.183917 9.9973E-05 0.510411 9.9973E-05 0.205249 0.0343116 0.00294813 9.9973E-05
9.9973E-05 0.354525 9.9973E-05 0.333825 9.9973E-05 0.00671946 0.143258 0.143444 0.0179288
0.0277901 0.568154 9.9964E-05 9.9964E-05 9.9964E-05 0.154141 9.9964E-05 0.181814 0.0677012
0.0277048 0.300521 0.0773058 0.50507 9.9982E-05 0.0483922 0.0236351 9.9982E-05 0.0171719
0.0564923 0.494488 0.0544148 0.167723 0.0422881 0.00609016 0.159305 9.9991E-05 0.0190987
0.067537 0.193156 0.0971448 0.366141 0.0729782 0.182456 0.010948 0.00954017 9.9991E-05
0.122348 0.469402 9.9982E-05 0.123607 9.9982E-05 0.041573 0.147708 0.0929889 0.00217248
0.0634702 0.194495 0.0417824 0.550699 0.0460666 0.0420522 0.0196963 9.9991E-05 0.0416379
0.0356221 0.523496 0.0201129 0.226684 0.00840676 0.0456509 0.0773604 0.0540851 0.00858201
9.9982E-05 0.285739 0.101987 0.429445 9.9982E-05 0.0128206 0.147248 0.00821324 0.0143479
0.0366674 0.00816584 0.266923 0.3929 0.00929873 0.120031 0.115193 0.0137154 0.0371049
0.017043 0.0724141 0.519386 0.201787 0.0415707 9.9973E-05 0.147499 9.9973E-05 9.9973E-05
0.0267992 0.0683237 0.34385 0.482372 0.0273603 0.0256623 0.021495 9.9991E-05 0.00403675
0.076641 0.0345492 0.0733027 0.609141 0.023674 0.0256126 0.0818529 0.0242283 0.050998
9.9964E-05 0.0510705 0.51946 0.271682 9.9964E-05 0.0178887 0.139498 9.9964E-05 9.9964E-05
0.0599783 0.00625133 0.209951 0.407642 0.074934 0.210538 0.0305055 9.9982E-05 9.9982E-05
9.9982E-05 0.00370693 0.20212 0.56972 9.9982E-05 0.0921224 0.0297077 0.0963174 0.0061056
9.9964E-05 0.0214803 0.619128 0.000183634 9.9964E-05 0.176449 0.182359 9.9964E-05 9.9964E-05
9.9964E-05 9.9964E-05 0.572717 0.17393 9.9964E-05 0.0678071 0.0637482 0.121397 9.9964E-05
0.0169038 0.0389758 0.388995 0.437337 9.9964E-05 9.9964E-05 0.117388 9.9964E-05 9.9964E-05
9.9973E-05 0.0308857 0.495409 0.0300599 9.9973E-05 0.210451 0.204128 9.9973E-05 0.0287671
9.9964E-05 0.0787013 0.43039 0.397442 9.9964E-05 0.0784406 9.9964E-05 0.0146262 9.9964E-05
9.9955E-05 0.558088 9.9955E-05 0.147547 9.9955E-05 0.167995 9.9955E-05 0.12587 9.9955E-05
9.9964E-05 0.328483 9.9964E-05 0.2516 9.9964E-05 0.141784 0.205949 0.0717837 9.9964E-05
9.9982E-05 0.417833 9.9982E-05 0.397521 0.0043495 0.073124 0.0136667 0.0664422 0.0268633
9.9973E-05 0.181031 9.9973E-05 0.642858 0.0967136 0.0240306 9.9973E-05 0.0415738 0.013493
9.9964E-05 0.541562 9.9964E-05 0.251213 0.0302072 0.165483 0.0111355 9.9964E-05 9.9964E-05
0.091274 0.0597327 0.0843267 0.393106 0.0945712 0.0380412 0.18618 0.00561269 0.0471557
9.9973E-05 0.190688 9.9973E-05 0.514282 0.0294885 0.104684 9.9973E-05 0.111283 0.0492735
0.0187479 0.224058 9.9973E-05 0.530716 9.9973E-05 0.125241 9.9973E-05 0.0949452 0.00599229
0.0111943 0.262862 0.0356048 0.426833 0.137215 0.0834102 9.9982E-05 9.9982E-05 0.0426804
0.0124152 0.314786 9.9973E-05 0.410966 0.046577 0.191259 9.9973E-05 9.9973E-05 0.0236975
9.9955E-05 0.43631 9.9955E-05 0.273129 0.0683058 0.221755 9.9955E-05 9.9955E-05 9.9955E-05
0.00641826 0.424562 9.9991E-05 0.336792 0.0799231 0.0536854 0.0710849 0.0210362 0.00639805
9.9973E-05 0.141535 9.9973E-05 0.630098 0.00209453 0.0818517 0.0771713 0.0669495 9.9973E-05
0.0256253 0.155544 0.0317648 0.567212 0.0241002 9.9991E-05 0.0334419 0.114231 0.047981
0.029824 0.300244 0.00847722 0.329339 9.9991E-05 0.0256155 0.0997245 0.166963 0.0397126
9.9964E-05 0.225896 9.9964E-05 0.526862 0.0467416 9.9964E-05 0.10172 0.0983814 9.9964E-05
0.00646588 0.423449 0.00437195 0.316372 0.0482602 0.0217048 0.0233836 0.134621 0.0213722
0.0223526 0.137716 0.0739328 0.606813 9.9982E-05 0.0265806 0.0793964 0.0530085 9.9982E-05
0.06792 0.269415 0.0207321 0.574989 0.0107237 9.9982E-05 0.0497493 0.00627182 9.9982E-05
0.0529098 0.162658 0.120753 0.406677 0.153317 9.9982E-05 0.0661678 9.9982E-05 0.0373174
0.265706 0.0395751 9.9982E-05 0.424221 0.0617352 0.042355 9.9982E-05 0.120791 0.045416
0.101279 9.9973E-05 9.9973E-05 0.411249 0.226211 0.0532451 0.0838321 0.123883 9.9973E-05
0.141946 0.0431495 0.0552063 0.487506 0.0839359 0.0918082 0.0011398 0.0917221 0.00358595
0.0456836 0.0503257 9.9982E-05 0.576236 0.0834699 9.9982E-05 0.109376 0.0910661 0.0436435
0.180991 0.00577257 9.9982E-05 0.483956 0.169277 9.9982E-05 0.069207 0.0603502 0.0302467
9.9973E-05 0.190002 0.100271 0.4572 0.0317305 0.0241411 0.196355 9.9973E-05 9.9973E-05
0.158966 0.0521371 9.9991E-05 0.401505 0.165261 0.130141 0.0819832 0.00149239 0.00841352
0.149505 0.0292121 0.0836056 0.000206892 0.123611 0.190827 0.0339488 0.388984 9.9991E-05
0.0352053 0.109001 0.00845997 0.586073 0.129054 0.00452185 0.000177196 0.102168 0.02534
0.0935884 0.070572 9.9991E-05 0.548749 0.0451658 0.0623068 0.0521689 0.0878361 0.0395129
0.045697 0.171178 9.9991E-05 0.525243 0.117014 0.0137352 0.0371528 0.0649243 0.024955
0.000554884 0.126193 0.0135451 0.295821 0.0797253 0.0906822 9.9991E-05 0.324179 0.0691993
0.116978 9.9973E-05 0.0945993 0.473204 0.168841 0.0210769 9.9973E-05 0.125 9.9973E-05
0.0645528 9.9991E-05 0.0211863 0.5082 0.152329 0.00389499 0.0828514 0.0990937 0.0677918
0.338611 9.9973E-05 0.0144804 9.9973E-05 0.101545 0.0324206 9.9973E-05 0.48045 0.0321936
0.109411 0.00175764 0.00687543 0.565037 0.147434 9.9991E-05 0.0154015 0.0859912 0.0679927
0.155237 9.9991E-05 0.0639322 0.446562 0.174618 0.0398164 0.0122875 0.103343 0.00410391
0.0318117 0.0214234 0.000313916 0.507211 0.146908 0.138257 0.00168657 0.109335 0.043054
0.213147 9.9964E-05 9.9964E-05 0.642942 0.0196635 9.9964E-05 9.9964E-05 0.123255 0.000592939
0.171841 0.0624133 0.101924 0.481892 0.119032 9.9991E-05 0.00944069 0.015625 0.0377319
0.030245 0.026096 9.9982E-05 0.421944 0.00775412 0.083339 0.376076 9.9982E-05 0.0543461
0.119673 0.0869001 9.9973E-05 0.43203 0.0378893 9.9973E-05 0.293309 9.9973E-05 0.0298991
9.9946E-05 0.0816973 9.9946E-05 9.9946E-05 9.9946E-05 0.154709 0.762994 9.9946E-05 9.9946E-05
9.99459E-05 0.0431909 0.043663 9.99459E-05 9.99459E-05 9.99459E-05 0.912546 9.99459E-05 9.99459E-05
0.00461454 0.0724147 9.9982E-05 0.401507 0.123764 0.0875941 0.29356 9.9982E-05 0.0163461
0.0495484 9.9973E-05 0.0473375 0.384104 0.252598 9.9973E-05 0.0780312 0.188081 9.9973E-05
0.0224304 9.9973E-05 9.9973E-05 0.258464 0.366179 0.00707389 0.179382 0.16617 9.9973E-05
0.0789436 9.9982E-05 0.04551 0.123548 0.278527 9.9982E-05 0.178252 0.257765 0.0372535
0.0685479 9.9973E-05 9.9973E-05 0.369611 0.220266 9.9973E-05 0.137255 0.155791 0.0482284
9.9973E-05 9.9973E-05 0.00186576 0.0022439 0.0321276 9.9973E-05 0.727804 0.207389 0.0282692
9.9964E-05 9.9964E-05 9.9964E-05 0.0762678 0.0566486 9.9964E-05 0.620467 0.212561 0.0336552
0.063136 9.9955E-05 9.9955E-05 0.396433 0.0973855 9.9955E-05 0.442545 9.9955E-05 9.9955E-05
0.0283007 9.9964E-05 9.9964E-05 0.396978 0.117143 9.9964E-05 0.445344 9.9964E-05 0.0118348
9.9964E-05 9.9964E-05 9.9964E-05 0.196734 0.0271494 9.9964E-05 0.670172 0.0426887 0.0628556
9.9982E-05 0.0576759 0.0134489 0.424466 0.15849 9.9982E-05 0.284803 0.0566217 0.00429446
0.038477 9.9973E-05 0.0707678 0.523335 0.0537992 9.9973E-05 0.289038 0.0242831 9.9973E-05
0.0112661 0.151827 9.9982E-05 0.312956 0.165059 9.9982E-05 0.204083 0.144498 0.010111
0.0197729 0.0903261 9.9964E-05 0.3266 9.9964E-05 0.0233712 0.53953 9.9964E-05 9.9964E-05
9.9982E-05 0.0738846 0.00038789 0.297678 0.0642067 0.0745578 0.48025 9.9982E-05 0.00883481
9.9991E-05 0.0355292 0.0847476 0.443415 0.06525 0.0781909 0.247907 0.0390864 0.00577451
0.0496966 0.143352 9.9991E-05 0.328492 0.013013 0.00709524 0.400457 0.0153523 0.0424415
0.0344331 0.108685 0.0409376 0.446422 9.9991E-05 0.117183 0.105854 0.125969 0.0204164
9.9964E-05 9.9964E-05 0.0741326 0.415103 9.9964E-05 9.9964E-05 0.463522 0.036733 0.0101092
9.9955E-05 0.0320908 0.0603259 0.17714 9.9955E-05 9.9955E-05 0.729943 9.9955E-05 9.9955E-05
0.0514171 9.9973E-05 9.9973E-05 0.539512 0.00459902 0.0376462 0.350593 0.0159328 9.9973E-05
9.9955E-05 0.0806892 9.9955E-05 0.210488 9.9955E-05 0.0551309 0.653193 9.9955E-05 9.9955E-05
9.9955E-05 9.9955E-05 0.101698 0.402273 9.9955E-05 9.9955E-05 0.466679 9.9955E-05 0.028851
0.0431843 0.0171161 0.0280668 0.546894 9.9982E-05 9.9982E-05 0.220272 0.0807277 0.0635395
9.9973E-05 0.0246435 0.0310709 0.485503 9.9973E-05 0.135615 0.314643 9.9973E-05 0.00822438
0.177597 0.000808624 0.0294733 0.472188 0.124032 0.0455943 0.108789 0.031057 0.0104613
0.142013 0.145806 9.9973E-05 0.54826 0.00644114 9.9973E-05 0.113652 0.0435271 9.9973E-05
0.126664 0.067698 0.0547877 0.330195 0.257914 0.017956 0.0273487 0.0953634 0.0220735
0.13554 0.0766275 0.106514 0.225881 0.158657 9.9991E-05 0.0981038 0.173761 0.0248152
0.171511 0.0556225 0.0288049 0.507404 0.116626 0.0435142 0.0535745 0.0228421 9.9991E-05
0.137976 0.0329682 0.0223388 0.351805 0.118579 9.9991E-05 0.207734 0.0904029 0.0380956
0.156454 9.9955E-05 9.9955E-05 9.9955E-05 0.0747458 9.9955E-05 0.587236 0.181064 9.9955E-05
0.0496503 9.9982E-05 0.104893 0.591683 0.126123 9.9982E-05 0.0491032 0.0477238 0.030624
0.288337 9.9964E-05 9.9964E-05 9.9964E-05 0.0579749 9.9964E-05 0.422146 0.21714 0.0140025
0.0445836 9.9964E-05 9.9964E-05 0.529453 0.126892 9.9964E-05 0.251445 0.0472258 9.9964E-05
9.9946E-05 9.9946E-05 9.9946E-05 0.0310952 9.9946E-05 0.167446 0.800859 9.9946E-05 9.9946E-05
9.9955E-05 0.0138219 9.9955E-05 9.9955E-05 9.9955E-05 0.0837437 0.901145 9.9955E-05 0.000789694
9.9946E-05 9.9946E-05 9.9946E-05 0.443352 9.9946E-05 9.9946E-05 0.546883 9.9946E-05 0.00916533
0.00695567 9.9964E-05 9.9964E-05 0.586133 9.9964E-05 0.0248025 0.351746 9.9964E-05 0.029963
9.9955E-05 0.0338272 9.9955E-05 0.351701 9.9955E-05 0.0378666 0.576105 9.9955E-05 9.9955E-05
9.9946E-05 9.9946E-05 9.9946E-05 0.468686 9.9946E-05 0.0136531 0.517061 9.9946E-05 9.9946E-05
9.9937E-05 9.9937E-05 9.9937E-05 0.548007 9.9937E-05 9.9937E-05 0.451294 9.9937E-05 9.9937E-05
0.699518 9.9982E-05 0.0512968 0.0295484 0.0581001 0.0264657 0.0494624 9.9982E-05 0.0854083
0.661181 0.154809 0.00112073 9.99673E-05 0.156238 9.99673E-05 9.99673E-05 9.99673E-05 0.0262522
0.828218 0.0203993 9.9955E-05 9.9955E-05 0.0692697 9.9955E-05 9.9955E-05 9.9955E-05 0.0816136
0.7981 9.9946E-05 9.9946E-05 0.0585821 9.9946E-05 9.9946E-05 9.9946E-05 9.9946E-05 0.142719
0.0401324 0.0847329 0.0312178 0.48064 9.9991E-05 0.267263 0.0313098 0.0359107 0.0286942
0.128576 0.034302 9.9964E-05 0.438375 0.0151486 0.383199 9.9964E-05 9.9964E-05 9.9964E-05
9.9964E-05 0.0821091 0.00649041 0.426579 9.9964E-05 0.45975 9.9964E-05 9.9964E-05 0.0246715
0.0734864 9.9973E-05 0.0987674 0.533675 0.000598192 0.27524 9.9973E-05 9.9973E-05 0.0179331
0.024328 0.0396049 0.224073 0.498575 9.9973E-05 0.19908 9.9973E-05 9.9973E-05 0.0140399
0.0364235 0.0995756 0.0418777 0.192341 0.0160306 0.570245 0.0433072 9.9982E-05 9.9982E-05
0.011048 9.9964E-05 9.9964E-05 0.571297 0.0761448 0.321519 0.0195912 9.9964E-05 9.9964E-05
9.9973E-05 9.9973E-05 0.180552 0.283341 9.9973E-05 0.424479 0.0758975 0.00528839 0.0301418
0.213139 9.9982E-05 0.0146612 0.540059 0.0973846 9.9982E-05 0.0253204 0.0960857 0.013151
9.9973E-05 0.0511472 9.9973E-05 0.371246 0.0315616 0.362329 0.0725901 0.110826 9.9973E-05
9.9955E-05 0.165374 9.9955E-05 0.304933 9.9955E-05 0.500148 9.9955E-05 9.9955E-05 0.0290452
9.9955E-05 0.0199599 9.9955E-05 0.530135 9.9955E-05 0.351167 0.0982381 9.9955E-05 9.9955E-05
0.0313509 0.015013 9.9982E-05 0.355967 0.00645032 0.538021 0.0418723 9.9982E-05 0.0111253
9.9973E-05 9.9973E-05 0.0364325 0.480534 0.0563941 0.334778 0.0794628 0.0120993 9.9973E-05
0.0665337 0.0941967 9.9973E-05 0.523338 0.0202611 0.266342 0.0290286 9.9973E-05 9.9973E-05
9.9955E-05 9.9955E-05 0.049964 0.0405132 9.9955E-05 0.838644 0.0703788 9.9955E-05 9.9955E-05
9.9973E-05 9.9973E-05 0.192377 0.19553 0.0504294 0.539239 0.013881 0.00824364 9.9973E-05
9.9964E-05 0.0492107 9.9964E-05 0.319252 9.9964E-05 0.557199 9.9964E-05 0.0699956 0.0039431
9.9955E-05 9.9955E-05 0.0408481 9.9955E-05 9.9955E-05 0.866273 0.0182604 0.0741184 9.9955E-05
9.9973E-05 0.11047 9.9973E-05 0.388411 0.0337647 0.390071 9.9973E-05 0.0439027 0.0330814
9.9964E-05 9.9964E-05 0.181132 0.0717228 9.9964E-05 0.618976 9.9964E-05 0.106812 0.0209569
9.9946E-05 9.9946E-05 9.9946E-05 9.9946E-05 9.9946E-05 0.719899 0.0559657 0.223535 9.9946E-05
0.137811 9.9955E-05 9.9955E-05 0.462088 0.0269916 0.372609 9.9955E-05 9.9955E-05 9.9955E-05
0.0276019 0.0740717 0.066105 0.15608 0.0497042 0.590404 0.0206337 9.9991E-05 0.0152991
0.00478691 0.111223 0.0427736 0.341579 0.0718724 0.427465 9.9973E-05 9.9973E-05 9.9973E-05
0.104693 9.9982E-05 0.0595456 0.484762 0.115329 0.180684 0.0473726 0.00741526 9.9982E-05
0.0325443 0.0811514 9.9955E-05 0.538246 9.9955E-05 0.347559 9.9955E-05 9.9955E-05 9.9955E-05
9.9973E-05 0.189033 0.055881 0.375488 9.9973E-05 0.13685 0.0686777 0.17377 9.9973E-05
9.9982E-05 0.0540987 0.00023205 0.477445 0.0399411 0.318996 0.090121 9.9982E-05 0.0189659
0.0299583 0.0907912 0.0412889 0.461851 0.000283073 0.271648 0.0668072 9.9991E-05 0.0372721
9.9955E-05 9.9955E-05 9.9955E-05 0.309458 9.9955E-05 0.65762 0.0254498 9.9955E-05 0.00697191
0.0620347 0.0143995 0.0128644 0.534813 0.0213779 0.240994 0.069329 9.9991E-05 0.0440877
0.63176 0.223491 0.0999807 9.9955E-05 9.9955E-05 9.9955E-05 9.9955E-05 9.9955E-05 0.0442692
0.698789 0.0812142 9.9991E-05 0.00802444 0.020503 0.102667 0.0155633 0.020552 0.052587
0.712786 0.148586 9.9955E-05 9.9955E-05 9.9955E-05 9.9955E-05 9.9955E-05 0.024994 0.113135
0.724811 0.122437 0.0601579 9.9955E-05 9.9955E-05 9.9955E-05 9.9955E-05 9.9955E-05 0.0920946
0.653711 0.130229 0.147885 0.00915797 9.9973E-05 9.9973E-05 9.9973E-05 0.00791754 0.0508
0.0748848 0.0772393 9.9964E-05 0.126629 0.00395791 0.716889 9.9964E-05 9.9964E-05 9.9964E-05
0.0600603 0.093105 0.0487328 0.106535 9.9982E-05 0.634447 0.0317673 9.9982E-05 0.0251531
9.9964E-05 9.9964E-05 0.0526333 0.051446 0.0597369 0.792866 0.0429177 9.9964E-05 9.9964E-05
