0.924062 0.0160617 0.0137624 0.0460141 9.9991E-05
0.922973 9.9973E-05 9.9973E-05 9.9973E-05 0.0767275
0.874664 0.125036 9.9973E-05 9.9973E-05 9.9973E-05
0.805427 0.0636942 0.0341249 0.0966534 9.9991E-05
0.881986 0.0670959 0.0507179 9.9982E-05 9.9982E-05
0.717585 0.0822083 0.0238144 0.0912272 0.0851656
0.860644 9.9982E-05 9.9982E-05 0.0754447 0.0637117
0.759368 9.9991E-05 0.0322753 0.105333 0.102924
0.821833 9.9982E-05 9.9982E-05 0.116187 0.0617806
0.766283 0.113295 0.0374732 9.9991E-05 0.0828493
0.723988 0.00164296 0.0120242 0.187442 0.0749022
9.999E-05 0.319173 0.0490181 0.507589 0.12412
9.9991E-05 0.522098 0.12262 0.247148 0.108034
0.0388393 0.214058 0.114885 0.44223 0.189989
0.0404652 0.32831 0.195569 0.31949 0.116167
0.104073 0.394379 0.18225 0.18735 0.131948
0.0391513 0.682246 0.0955474 0.135948 0.0471075
9.9991E-05 0.441507 0.117649 0.228524 0.21222
0.112469 0.38972 0.10239 0.250886 0.144535
0.00878709 0.0292735 0.139597 0.628723 0.193619
9.999E-05 0.397183 0.141471 0.320392 0.140854
0.0423356 0.510929 0.036972 0.194118 0.215646
0.0849275 0.591608 9.9991E-05 0.258012 0.0653527
9.999E-05 0.281242 0.182207 0.315202 0.221248
0.103425 0.677187 0.074506 0.0168368 0.128045
0.021304 0.582835 0.110933 0.278255 0.00667274
9.9991E-05 0.175444 0.160697 0.500444 0.163315
9.9991E-05 0.212028 0.227334 0.464403 0.0961357
9.9991E-05 0.257402 0.0652035 0.430531 0.246763
0.819735 0.0821973 0.0978681 9.9982E-05 9.9982E-05
0.842977 0.136797 0.0200258 9.9982E-05 9.9982E-05
0.804204 0.155722 0.0395418 0.000432599 9.9991E-05
0.744121 0.0876862 0.114245 0.0538482 9.9991E-05
0.0368653 0.614922 9.9991E-05 0.0634627 0.28465
0.0624683 0.624862 0.0715752 0.0904775 0.150617
9.9991E-05 0.653444 0.0662083 0.0166161 0.263632
0.0753385 0.189693 0.0258292 0.573228 0.135911
0.0112424 0.456576 0.0172603 0.0811827 0.433738
0.0868829 0.518049 0.055281 0.172475 0.167312
0.0661111 0.703601 0.0629233 9.9991E-05 0.167264
0.142589 0.637962 9.9991E-05 0.100933 0.118417
0.123123 0.593482 0.0644551 0.0343763 0.184564
0.00612041 0.346314 9.9991E-05 0.144169 0.503297
0.0904362 0.5657 0.122697 9.9991E-05 0.221066
0.0868699 0.678006 0.0842736 0.00213425 0.148716
0.143674 0.584087 0.100437 0.0995272 0.0722748
9.9982E-05 0.505651 9.9982E-05 0.000392121 0.493757
0.010514 0.619286 0.144246 0.0700058 0.155948
0.146573 0.649759 0.027102 0.0176987 0.158867
0.119181 9.9973E-05 9.9973E-05 9.9973E-05 0.880519
9.9991E-05 0.189354 0.049286 0.488248 0.273012
0.0268698 0.106118 0.0543758 0.246505 0.566131
0.0632017 0.505769 0.127656 0.207603 0.0957706
0.0876055 0.611264 0.0984815 0.0928675 0.109782
0.0809324 0.63326 0.0944268 0.0879518 0.103429
0.0594486 0.265422 9.9991E-05 0.429062 0.245968
0.0187472 0.574853 0.0503788 0.23473 0.12129
0.0637898 0.549498 0.145162 0.109342 0.132209
0.102722 0.472245 0.00923116 0.255914 0.159887
0.246436 0.0927795 0.0517668 0.329318 0.2797
0.0766916 0.552528 0.101381 0.0705674 0.198832
0.0705437 0.502648 0.0568808 0.252817 0.11711
0.0296535 0.101152 9.9991E-05 0.480897 0.388198
9.9991E-05 0.572747 0.0396357 0.2601 0.127418
9.9991E-05 0.550319 0.126301 0.108949 0.214332
0.129725 0.639 0.0269453 0.133241 0.0710886
0.0602622 0.387665 0.070096 0.190603 0.291374
9.9991E-05 0.597917 0.0588369 0.172143 0.171003
0.0878158 0.649369 9.9991E-05 0.161399 0.101317
0.0375461 0.27188 9.9991E-05 0.404046 0.286428
9.9982E-05 0.656751 9.9982E-05 0.0731881 0.269861
9.9982E-05 0.366745 9.9982E-05 0.15249 0.480565
0.0384711 0.649047 0.0736243 0.129258 0.109599
0.171382 0.626369 0.0377903 0.108241 0.0562172
9.9982E-05 0.180363 9.9982E-05 0.060293 0.759144
9.9982E-05 0.238296 9.9982E-05 0.0473808 0.714123
9.9982E-05 0.448527 9.9982E-05 0.111088 0.440185
9.9991E-05 0.629918 0.00320247 0.175053 0.191726
0.0995871 0.769994 9.9991E-05 0.0639272 0.066392
9.9991E-05 0.531801 0.0687616 0.11806 0.281277
9.9982E-05 0.345741 9.9982E-05 0.26573 0.388329
0.0119695 0.371177 9.9991E-05 0.395758 0.220995
0.119105 0.578162 0.0515006 0.113916 0.137317
9.9982E-05 0.512771 9.9982E-05 0.140829 0.3462
0.0197601 0.514049 0.00259442 0.168499 0.295098
0.00968363 0.529341 9.9991E-05 0.017027 0.443848
9.9982E-05 0.126335 9.9982E-05 0.073135 0.80033
9.9991E-05 0.666368 0.0834042 0.100673 0.149454
0.779711 0.0765727 0.068489 0.0751275 9.9991E-05
0.891672 0.108028 9.9973E-05 9.9973E-05 9.9973E-05
0.886179 0.0767866 0.0368349 9.9982E-05 9.9982E-05
0.914407 0.0751183 0.0102746 9.9982E-05 9.9982E-05
0.898556 0.0792161 0.0220275 9.9982E-05 9.9982E-05
0.910095 0.066805 0.0229005 9.9982E-05 9.9982E-05
0.918506 0.0443498 0.0369443 9.9982E-05 9.9982E-05
0.178745 0.517033 0.060946 0.0912054 0.15207
0.136124 0.57137 0.0833312 0.0783991 0.130776
0.0150462 0.249166 9.9991E-05 0.181952 0.553736
0.112878 0.621419 0.0607507 9.9991E-05 0.204853
0.0229085 0.618469 9.9991E-05 0.0798661 0.278656
0.126187 0.735857 0.00168682 0.00172365 0.134545
0.0516949 0.68435 9.9991E-05 0.0408844 0.222971
0.0101296 0.575693 0.053739 9.9991E-05 0.360338
0.0136565 0.0905177 9.9991E-05 0.351404 0.544322
0.099483 0.535429 0.0705682 0.110567 0.183953
0.0116346 0.78847 9.9991E-05 0.00886468 0.190931
0.104292 0.558743 0.115544 0.146083 0.0753377
9.9973E-05 0.436949 9.9973E-05 9.9973E-05 0.562751
0.0213536 0.630966 9.9982E-05 9.9982E-05 0.34748
9.9982E-05 0.599432 9.9982E-05 0.155371 0.244997
9.9991E-05 0.452985 0.0768604 0.0121339 0.457921
9.9982E-05 0.613788 9.9982E-05 0.134949 0.251064
0.151192 0.691659 9.9982E-05 9.9982E-05 0.156949
0.0489172 0.29319 0.0324614 0.297231 0.328201
0.135048 0.497052 0.160405 0.138027 0.0694688
0.0948434 0.378135 0.136253 0.278944 0.111826
0.224076 0.561509 0.0796814 0.134634 9.9991E-05
0.0991433 0.631981 0.13738 0.0828124 0.0486836
0.020472 0.598582 9.9991E-05 0.337677 0.0431698
0.0217503 0.689274 0.00797332 0.269146 0.0118566
0.0291379 0.566172 9.9991E-05 0.376655 0.0279354
0.10546 0.598867 9.9991E-05 0.129949 0.165623
0.0953274 0.527932 0.1155 0.256265 0.00497544
0.129731 0.628473 9.9991E-05 0.138906 0.102791
0.00416257 0.619803 9.9991E-05 0.287624 0.0883106
0.0528901 0.570555 0.145607 0.0975456 0.133403
0.0366949 0.497502 0.181609 0.183624 0.100571
9.9991E-05 0.632762 0.065157 0.241844 0.0601368
0.0161026 0.529952 0.187081 0.195204 0.071661
9.9991E-05 0.662252 0.062106 0.221935 0.0536071
0.132324 0.418805 0.0527832 0.22403 0.172058
9.9982E-05 0.637273 0.120544 0.241983 9.9982E-05
9.9991E-05 0.688769 0.0778129 0.169529 0.0637888
9.9991E-05 0.27116 0.105877 0.424332 0.198531
0.0208103 0.151151 0.075065 0.326411 0.426562
0.042954 0.577982 0.0515496 0.188676 0.138839
9.9991E-05 0.128636 0.0776927 0.32926 0.46431
0.0335834 0.319424 0.0210481 0.476484 0.149461
9.9991E-05 0.520188 0.00601329 0.377868 0.0958309
0.0521081 0.387229 9.9991E-05 0.444064 0.116499
9.9991E-05 0.359652 0.0424507 0.494174 0.103623
0.0852626 0.663906 0.0280712 0.150704 0.0720556
0.0791773 0.582217 0.14373 0.153259 0.0416157
9.9991E-05 0.554297 0.116449 0.098241 0.230912
9.9991E-05 0.139179 0.109744 0.359009 0.391968
0.283528 0.640973 9.9991E-05 0.0640033 0.0113952
0.0233035 0.585369 0.131313 0.0371878 0.222827
0.202928 0.0254493 9.9991E-05 0.0908771 0.680646
0.127623 0.631817 0.0251262 9.9991E-05 0.215334
0.111957 0.332139 0.0558377 0.0404209 0.459645
0.0312847 0.46509 0.150547 0.146409 0.206669
0.109903 0.252107 0.0899902 0.0622532 0.485747
0.115845 0.236114 9.9991E-05 0.130507 0.517433
0.0621516 0.464048 0.00656183 0.133389 0.33385
0.114625 0.663803 0.0215016 0.164482 0.0355882
0.159503 0.373581 0.106083 0.101019 0.259814
0.0941412 0.566282 0.0730941 0.145426 0.121057
0.156871 0.573538 0.129636 0.00287094 0.137084
0.0633881 0.0176166 0.187915 0.0943581 0.636722
0.0569875 0.473178 0.152779 0.0524459 0.26461
0.130995 0.46384 0.10628 0.110082 0.188802
9.9982E-05 0.508648 9.9982E-05 0.0554145 0.435737
9.9991E-05 0.508772 0.0548933 0.0904606 0.345774
0.0977025 0.657608 0.0386354 0.0956877 0.110366
0.243879 0.519211 0.139758 9.9991E-05 0.0970516
0.295576 0.118222 0.311035 0.0361559 0.239011
0.627445 9.9982E-05 0.159346 9.9982E-05 0.213009
0.530557 9.9982E-05 0.106615 9.9982E-05 0.362628
0.44874 0.111241 0.299952 9.9991E-05 0.139966
9.9991E-05 0.714748 0.039383 0.0256285 0.22014
0.0849744 0.586453 0.0691016 0.0866875 0.172784
9.9982E-05 0.249694 0.747051 0.00305484 9.9982E-05
0.0324479 0.405426 0.434525 0.0892238 0.0383774
0.0929931 0.357522 0.419726 0.0486492 0.0811095
0.0444701 0.410398 9.9991E-05 0.0284341 0.516598
0.0775137 0.553268 0.0318232 0.0734307 0.263964
9.9991E-05 0.208154 0.0567887 0.0780286 0.656928
0.0356578 0.779473 9.9991E-05 0.0018781 0.182891
0.0971935 0.581235 9.9991E-05 0.0610185 0.260453
0.0200245 0.601405 0.0796503 0.0369243 0.261996
0.00142811 0.197029 0.0477757 0.107368 0.646399
0.0872529 0.61149 0.170013 0.036915 0.0943293
0.0714754 0.719531 0.0226567 9.9991E-05 0.186237
0.0919884 0.471351 0.251177 0.181983 0.00350084
9.9973E-05 0.0306798 0.96902 9.9973E-05 9.9973E-05
9.9991E-05 0.0549425 0.937095 0.00163922 0.00622369
0.0585053 0.34062 0.524232 0.0765423 9.9991E-05
0.0138475 0.298636 0.687316 9.9982E-05 9.9982E-05
9.9982E-05 0.184506 0.803021 9.9982E-05 0.0122735
9.997E-05 9.997E-05 0.9996 9.997E-05 9.997E-05
9.9973E-05 9.9973E-05 0.941582 0.0581178 9.9973E-05
9.9973E-05 0.161805 0.837895 9.9973E-05 9.9973E-05
9.9973E-05 0.00821087 0.991489 9.9973E-05 9.9973E-05
9.997E-05 9.997E-05 0.9996 9.997E-05 9.997E-05
9.997E-05 9.997E-05 0.9996 9.997E-05 9.997E-05
0.0585951 0.194326 0.746879 9.9982E-05 9.9982E-05
0.0820117 0.067883 0.83404 0.0159651 9.9991E-05
9.997E-05 9.997E-05 0.9996 9.997E-05 9.997E-05
9.9991E-05 0.354729 0.441781 0.143043 0.0603472
0.0647794 0.213865 0.646696 0.065506 0.00915321
0.0426775 0.0876169 0.834012 0.0355937 9.9991E-05
0.0115775 0.0669848 0.909557 0.0117809 9.9991E-05
0.00210486 9.9973E-05 0.997595 9.9973E-05 9.9973E-05
0.0467919 0.023294 0.873043 0.00758701 0.049284
9.997E-05 9.997E-05 0.9996 9.997E-05 9.997E-05
0.0638039 0.242124 0.653996 0.036722 0.0033543
9.9991E-05 0.0261001 0.939143 0.0151185 0.0195385
0.398065 9.9982E-05 0.0455713 9.9982E-05 0.556164
0.206053 0.455071 0.100832 0.0273399 0.210704
0.230554 0.293065 0.126217 0.0406514 0.309513
0.307153 0.121015 0.153486 9.9991E-05 0.418246
0.178003 0.485508 0.0969887 0.00687606 0.232624
0.346856 0.220562 0.101663 9.9991E-05 0.330819
0.201217 0.478336 0.0716727 0.0511623 0.197612
0.134183 0.258468 0.276996 9.9991E-05 0.330253
0.122557 0.463188 0.16982 9.9991E-05 0.244334
0.184648 0.414201 0.248697 9.9991E-05 0.152354
0.187869 0.310805 0.142876 0.0972151 0.261235
0.175964 0.537203 0.0769715 0.0555632 0.154299
0.851248 0.0155275 9.9991E-05 0.0774208 0.055704
0.960237 0.00870236 0.0198486 9.9991E-05 0.0111119
0.974936 0.0192139 9.9982E-05 9.9982E-05 0.0056497
0.968372 9.9973E-05 9.9973E-05 0.0313285 9.9973E-05
0.896208 0.0313168 0.0120493 0.0603262 9.9991E-05
0.921687 9.9982E-05 0.0445359 9.9982E-05 0.0335775
0.877387 0.027624 0.0719022 0.0229863 9.9991E-05
0.892965 9.9991E-05 0.0220458 0.00712495 0.077764
0.923644 0.0744037 9.9982E-05 9.9982E-05 0.00175202
0.892656 0.00892597 0.0629792 0.0353393 9.9991E-05
0.605551 9.9982E-05 9.9982E-05 0.257696 0.136554
0.585143 9.9991E-05 0.0192173 0.379436 0.0161036
0.547415 9.9982E-05 9.9982E-05 0.298742 0.153643
0.494502 9.9982E-05 9.9982E-05 0.390318 0.11498
0.0160756 0.726504 9.9991E-05 0.166624 0.0906968
9.9991E-05 0.522629 0.135209 0.113868 0.228194
9.9991E-05 0.643899 0.0203737 0.15552 0.180107
0.101199 0.569138 0.0771812 0.123117 0.129365
0.0136726 0.474573 9.9991E-05 0.243641 0.268014
9.9991E-05 0.188958 0.0578437 0.661111 0.0919864
0.044245 0.708368 0.0443048 0.03157 0.171512
9.9991E-05 0.740625 0.00675326 0.0627474 0.189774
9.9982E-05 0.651171 9.9982E-05 0.116381 0.232249
9.9991E-05 0.494586 0.0588387 0.0340269 0.412448
0.00237156 0.634317 0.111369 0.179057 0.0728859
9.9982E-05 0.566119 9.9982E-05 0.164269 0.269412
9.9982E-05 0.0256434 9.9982E-05 0.136574 0.837583
0.0725461 0.558656 9.9991E-05 0.187963 0.180735
9.9991E-05 0.352463 0.00628381 0.0307668 0.610387
0.044984 0.64433 9.9982E-05 9.9982E-05 0.310486
9.9982E-05 0.270515 9.9982E-05 0.336481 0.392804
0.12132 9.9991E-05 0.00878778 0.811007 0.0587853
0.0743583 0.0821626 9.9991E-05 0.806059 0.0373205
0.0324539 9.9982E-05 9.9982E-05 0.888083 0.079263
0.09051 9.9982E-05 9.9982E-05 0.847178 0.0621122
0.0602841 0.0590038 9.9991E-05 0.85713 0.023482
0.0531678 0.0778851 0.0835346 0.743745 0.0416673
0.87264 0.0658329 0.0613272 9.9982E-05 9.9982E-05
0.880445 0.0892064 0.0039412 0.0263072 9.9991E-05
0.759979 0.0810731 0.146031 0.0128168 9.9991E-05
0.755254 0.0454513 0.0904908 0.108704 9.9991E-05
0.840621 0.0651371 0.0718095 0.0223328 9.9991E-05
0.384074 9.9982E-05 9.9982E-05 0.562246 0.0534798
0.488788 9.9982E-05 9.9982E-05 0.401461 0.10955
0.450404 0.00788937 9.9991E-05 0.45959 0.0820162
0.854584 0.10664 0.0244949 0.0141816 9.9991E-05
0.405181 9.9991E-05 0.0133015 0.521896 0.0595214
0.231725 0.183193 0.449261 0.00690262 0.128919
0.113396 0.547969 0.253883 0.0846523 9.9991E-05
0.186539 0.557778 0.255483 9.9982E-05 9.9982E-05
0.303649 0.420588 0.232968 9.9991E-05 0.0426956
0.220264 0.513313 0.185737 0.0805863 9.9991E-05
0.48898 9.9982E-05 0.343452 9.9982E-05 0.167367
0.00231103 0.582629 9.9991E-05 0.340341 0.0746194
9.9991E-05 0.470757 0.0236489 0.239548 0.265946
0.0643172 0.342189 0.0171671 0.576227 9.9991E-05
9.9991E-05 0.564258 0.0033633 0.199755 0.232524
9.9973E-05 9.9973E-05 9.9973E-05 0.203915 0.795785
0.135801 0.487911 0.130307 0.0871206 0.158861
0.0548313 0.585449 9.9991E-05 0.0336491 0.325971
0.00680926 0.367382 9.9991E-05 0.492007 0.133701
0.113698 0.536862 0.047529 0.183336 0.118575
0.0135035 0.17581 9.9991E-05 0.288851 0.521735
0.0432148 0.491149 0.0438598 0.181455 0.240321
9.9991E-05 0.59257 0.0182741 0.287667 0.101388
0.179447 0.354736 0.189662 0.121197 0.154958
9.9991E-05 0.454802 0.032892 0.269127 0.24308
9.9991E-05 0.585305 0.0303161 0.25625 0.128029
9.9991E-05 0.537621 0.100622 0.139207 0.222451
0.0427318 0.537664 0.0920942 0.142653 0.184857
0.0149886 0.617275 0.218822 0.131044 0.0178705
0.0152675 0.540311 0.153719 0.175891 0.114812
0.0445508 0.544376 0.0707861 0.273359 0.0669274
0.792562 0.0908929 0.116345 9.9982E-05 9.9982E-05
0.89257 0.0699255 0.03165 9.9991E-05 0.00575467
0.791369 0.0975932 9.9991E-05 0.0378881 0.0730499
0.815187 0.0209772 0.0563671 0.0677747 0.0396937
0.862104 0.118693 0.0190036 9.9982E-05 9.9982E-05
9.9991E-05 0.230801 0.0478388 0.600161 0.121099
0.064801 0.593708 0.113849 0.111065 0.116577
0.18244 0.27988 0.275125 0.0635427 0.199013
9.9991E-05 0.636019 0.165571 0.172057 0.0262532
0.00243714 0.593677 0.0582895 0.295837 0.0497591
0.0448063 0.263298 0.117233 0.326901 0.247762
0.0923836 0.026657 9.9991E-05 0.657986 0.222873
0.0183342 0.625004 0.00871295 0.316016 0.0319335
0.0830336 0.181057 0.0611559 0.475638 0.199115
0.0572462 0.457304 0.114978 0.156204 0.214267
0.135414 0.090904 0.0302207 0.531875 0.211587
0.122467 0.631886 0.0619359 0.183611 9.9991E-05
0.0570904 0.216867 0.0381051 0.573368 0.114569
0.111935 0.564828 0.132671 0.107013 0.0835537
0.044513 0.340815 0.0774873 0.343441 0.193744
0.0571777 0.432954 0.0974948 0.0987075 0.313666
0.0718111 0.366072 9.9991E-05 0.123901 0.438117
0.0727262 0.609157 0.0620495 0.0197546 0.236313
0.142525 0.661641 0.0277267 0.0781047 0.0900024
0.00912943 0.416845 9.9991E-05 0.0655146 0.508411
0.109436 0.658928 0.0107686 0.0747616 0.146106
0.0508544 0.593764 0.0772847 0.0869383 0.191159
0.0675612 0.640115 9.9991E-05 0.0987008 0.193523
9.9982E-05 0.158744 9.9982E-05 0.0820302 0.759026
0.0360178 0.335172 9.9991E-05 0.0216023 0.607108
0.062578 0.553421 9.9991E-05 0.0929629 0.290938
0.0468945 0.216823 9.9991E-05 0.110886 0.625296
9.9982E-05 0.487012 9.9982E-05 0.113873 0.398915
9.9991E-05 0.156851 0.0514364 0.625812 0.1658
9.9991E-05 0.250341 0.0573625 0.285954 0.406242
9.9991E-05 0.40444 0.126703 0.404004 0.0647525
9.9991E-05 0.629476 0.109931 0.227906 0.0325877
9.9991E-05 0.298143 0.0100582 0.564108 0.12759
0.0207993 0.49926 0.178585 0.174839 0.126516
0.0462683 0.530227 0.138513 0.23262 0.052371
0.0216978 0.505149 0.119959 0.275501 0.0776923
9.9991E-05 0.46984 0.108294 0.289643 0.132123
0.0191132 0.555277 9.9991E-05 0.310448 0.115062
9.9991E-05 0.255612 0.102846 0.558932 0.0825112
9.9991E-05 0.349393 0.0886136 0.525132 0.0367609
9.9991E-05 0.670474 0.0795795 0.18707 0.0627769
0.0986635 0.706181 0.0807055 0.0963156 0.0181348
0.0796329 0.38353 0.075661 0.236332 0.224844
9.9991E-05 0.500608 0.161784 0.294024 0.0434845
0.0357756 0.413597 0.0393264 0.45816 0.0531406
0.0747128 0.684341 9.9991E-05 0.231787 0.00905943
0.0484135 0.605145 0.0817556 0.246546 0.0181405
0.0315428 0.51565 0.12102 0.207284 0.124503
0.404507 0.517422 0.0704106 9.9991E-05 0.00756096
0.191392 0.487432 0.209246 9.9991E-05 0.11183
0.208181 0.549177 0.151107 9.9991E-05 0.0914352
0.0707425 0.6282 0.162239 0.0380526 0.100766
0.236687 0.500984 0.192462 9.9991E-05 0.0697669
9.9991E-05 0.472758 0.0415513 0.174021 0.31157
0.204907 0.666229 0.0597449 0.0665113 0.00260744
0.31538 9.9991E-05 0.188433 0.000859072 0.495228
0.0874622 0.497495 0.221303 0.0905727 0.103167
0.124531 0.556489 0.169605 0.115574 0.0338006
0.0368504 0.509604 0.240731 0.0601207 0.152693
0.200046 0.290667 0.150804 0.0756755 0.282807
0.245525 0.519228 0.175839 0.0361141 0.0232938
0.221319 0.578216 0.171287 9.9991E-05 0.0290772
0.514299 9.9982E-05 0.175525 9.9982E-05 0.309976
0.179518 0.488527 0.264887 9.9991E-05 0.0669684
0.230467 0.499326 0.252146 0.017961 9.9991E-05
0.178368 0.590978 0.0675734 9.9991E-05 0.162981
0.250708 0.600626 0.146089 9.9991E-05 0.00247691
0.197486 0.579801 0.136075 0.0246965 0.0619406
0.0727582 0.598349 0.0450742 0.0157574 0.268061
0.087011 0.551293 0.069479 0.145068 0.147149
9.9991E-05 0.0798609 0.00981435 0.110599 0.799626
0.027999 0.432389 0.142514 0.060259 0.336838
0.151241 0.571256 0.0916447 0.0458321 0.140026
0.0275466 0.0962629 9.9991E-05 0.0504345 0.825656
0.0520875 0.45063 0.157847 0.0757512 0.263684
0.118006 0.316575 0.389549 0.0458708 0.129999
0.0934239 0.254244 0.426239 9.9991E-05 0.225992
0.184428 0.0337702 0.396408 0.0150902 0.370303
0.175732 0.333956 0.331434 9.9991E-05 0.158778
0.15155 0.591653 0.175258 9.9991E-05 0.081439
0.140324 0.111998 0.137656 9.9991E-05 0.609923
0.0908302 0.152881 0.151818 9.9991E-05 0.604371
0.0733008 0.585062 0.117259 0.0143945 0.209983
0.041134 0.462712 0.194325 9.9991E-05 0.301729
0.0268247 0.241074 0.193457 9.9991E-05 0.538544
0.0960526 0.571436 0.121937 0.00527759 0.205297
9.9991E-05 0.509309 0.200064 0.0246985 0.265828
0.146459 0.447921 0.144389 0.0894505 0.17178
9.9973E-05 0.483731 9.9973E-05 9.9973E-05 0.515969
9.9991E-05 0.433812 0.059766 0.104923 0.401398
0.0753169 0.542444 0.08622 0.04231 0.25371
0.0882453 0.302197 0.131882 0.107781 0.369894
0.0596313 0.498505 0.132795 0.027558 0.28151
0.126992 0.513937 0.0885559 0.0606346 0.20988
0.0160976 0.54619 0.0233753 0.0264538 0.387884
9.9982E-05 0.361333 9.9982E-05 0.108594 0.529873
0.104435 0.64044 0.0245346 9.9991E-05 0.23049
0.121814 0.588685 0.078803 0.0406572 0.17004
9.9982E-05 0.33017 9.9982E-05 0.0953297 0.574301
0.0136606 0.388842 0.0997527 0.0541354 0.443609
9.9991E-05 0.580105 0.102113 0.0838756 0.233806
0.0644288 0.546132 0.0282037 0.0155865 0.345649
0.220778 0.642659 0.11482 9.9991E-05 0.0216427
0.207257 0.450167 0.111203 0.0133783 0.217995
0.231528 0.313709 0.259749 0.0388324 0.156182
0.12537 0.503269 0.181102 0.145443 0.0448157
0.167696 0.337973 0.272649 0.0845028 0.137179
0.161822 0.422532 0.197898 0.0451771 0.172572
0.136768 0.395514 0.173857 0.152503 0.141358
0.166373 9.9982E-05 0.196264 9.9982E-05 0.637163
0.0340115 0.618215 0.242926 0.0962716 0.0085764
0.411831 9.9982E-05 0.182526 9.9982E-05 0.405443
0.0426769 0.52445 0.235174 9.9991E-05 0.1976
9.9973E-05 0.207597 9.9973E-05 9.9973E-05 0.792103
0.0318894 0.0211093 0.0276112 9.9991E-05 0.91929
9.9982E-05 0.522358 0.0639441 9.9982E-05 0.413498
0.028318 0.645978 0.0411224 9.9991E-05 0.284481
9.9973E-05 0.527359 9.9973E-05 9.9973E-05 0.472341
0.000287457 0.567171 0.0333692 9.9991E-05 0.399072
9.9982E-05 0.588667 0.0326152 9.9982E-05 0.378518
0.811606 0.0877359 0.0672704 0.0203449 0.0130428
0.737209 9.9991E-05 0.131618 0.108202 0.0228702
0.882429 9.9982E-05 0.0684077 0.0489634 9.9982E-05
0.970038 0.0296617 9.9973E-05 9.9973E-05 9.9973E-05
9.9991E-05 0.547382 0.0597779 0.131503 0.261237
0.0841238 0.635024 9.9982E-05 9.9982E-05 0.280652
0.0223815 0.633114 9.9991E-05 0.118182 0.226223
0.0207123 0.692312 9.9991E-05 0.0847086 0.202167
0.0916197 0.472503 0.159254 0.156845 0.119778
9.9982E-05 0.428138 9.9982E-05 0.128745 0.442917
9.9991E-05 0.690976 0.0353814 0.0151252 0.258417
9.9982E-05 0.558212 9.9982E-05 0.0218154 0.419773
0.306936 0.393679 0.200435 0.0454658 0.0534845
9.9982E-05 0.539729 0.0644728 9.9982E-05 0.395599
9.9982E-05 0.521508 9.9982E-05 0.129396 0.348897
0.0661662 0.64485 0.073469 0.00394001 0.211575
9.9982E-05 0.702134 9.9982E-05 0.0897726 0.207893
0.00122231 0.566501 9.9991E-05 0.0796097 0.352567
9.9973E-05 0.688633 9.9973E-05 9.9973E-05 0.311067
0.0920474 0.724032 0.0123278 0.0269562 0.144637
9.9973E-05 0.296642 9.9973E-05 9.9973E-05 0.703058
9.9991E-05 0.313152 0.0449619 0.0815861 0.5602
0.00476279 0.521555 9.9991E-05 0.106217 0.367365
9.9973E-05 0.0981416 9.9973E-05 9.9973E-05 0.901559
0.203483 0.504726 0.180718 0.0575431 0.0535294
0.0134066 0.594403 9.9991E-05 0.134624 0.257467
9.9982E-05 0.249912 9.9982E-05 0.0507818 0.699107
9.9982E-05 0.067165 9.9982E-05 0.0261247 0.90651
0.0137053 0.641449 0.0844185 0.0720554 0.188372
0.0168752 0.3954 9.9991E-05 0.200669 0.386956
0.0513914 0.540125 0.0496434 0.19717 0.16167
0.123041 0.690452 0.0139522 9.9991E-05 0.172455
9.9991E-05 0.64841 0.00964789 0.0867437 0.255099
9.9991E-05 0.389308 0.105916 0.270748 0.233928
0.0365779 0.692195 9.9991E-05 0.0409651 0.230162
9.9991E-05 0.567456 0.0212854 0.169323 0.241835
9.9982E-05 0.538931 9.9982E-05 0.0223285 0.43854
0.0486227 0.5444 0.112716 0.0650554 0.229206
0.6766 9.9982E-05 9.9982E-05 0.265363 0.0578377
0.723548 0.0550966 0.0109724 0.142008 0.0683745
0.831649 9.9982E-05 9.9982E-05 0.141113 0.0270376
0.825381 9.9982E-05 9.9982E-05 0.167924 0.00649477
0.734526 9.9982E-05 9.9982E-05 0.257118 0.00815606
0.0101092 0.332047 9.9991E-05 0.284363 0.373381
0.0376354 0.262853 9.9991E-05 0.195465 0.503946
9.9973E-05 0.311966 9.9973E-05 9.9973E-05 0.687734
0.0581355 0.544427 0.079646 0.116464 0.201328
0.0698268 0.508 0.129847 0.0845732 0.207753
0.00308648 0.524603 9.9982E-05 9.9982E-05 0.47211
9.9991E-05 0.625311 0.0378332 0.135714 0.201042
0.0641655 0.510567 9.9991E-05 0.0387579 0.38641
0.141739 0.444996 0.124017 0.0806534 0.208595
0.0524755 0.648212 9.9991E-05 0.103846 0.195366
0.0479842 0.723816 0.0435545 0.0746734 0.109971
9.9982E-05 0.349312 9.9982E-05 0.184543 0.465946
9.9982E-05 0.509156 9.9982E-05 0.137003 0.353641
9.9982E-05 0.477709 9.9982E-05 0.234372 0.28772
0.129877 0.649411 0.00670988 0.0947044 0.119298
0.00845517 0.583023 9.9991E-05 0.213361 0.195062
0.014227 0.592689 0.0305308 0.0611838 0.301369
0.107792 0.434674 0.413717 0.0437169 9.9991E-05
0.0840388 0.325197 0.4978 0.0928642 9.9991E-05
0.138406 0.41711 0.444284 9.9982E-05 9.9982E-05
0.195724 0.329865 0.474211 9.9982E-05 9.9982E-05
0.151207 0.445633 0.331838 0.00263091 0.0686911
0.0387781 0.493346 0.05193 0.0206451 0.395301
0.268625 0.0141163 0.677499 9.9991E-05 0.0396599
0.146887 0.304006 0.488197 9.9991E-05 0.0608093
0.146695 0.386574 0.218691 9.9991E-05 0.24794
0.215974 0.627068 9.9991E-05 0.0349673 0.121891
0.150277 0.431258 0.062068 0.117003 0.239394
0.159331 0.557752 0.0711496 0.113578 0.0981899
0.155911 0.620948 0.0141719 0.0380059 0.170963
0.169311 0.30688 0.523609 9.9982E-05 9.9982E-05
0.111656 0.399279 0.399451 0.0895135 9.9991E-05
0.0774076 0.412138 0.503326 0.0070291 9.9991E-05
0.0829451 0.440488 0.340791 0.0720646 0.0637112
0.134731 0.26489 0.557157 9.9991E-05 0.0431225
0.14432 0.348438 0.365124 0.0806454 0.0614731
0.117909 0.199287 0.603232 0.0424416 0.0371301
9.9991E-05 0.371582 0.44104 0.143881 0.0433967
0.104867 0.594269 0.0554243 9.9991E-05 0.24534
0.125812 0.358491 0.422604 0.0255801 0.0675126
0.142312 0.198596 0.65759 9.9991E-05 0.00140104
0.0937361 0.491527 0.313955 0.0651177 0.0356641
0.0963055 0.270317 0.454831 0.013515 0.165031
0.202181 0.283757 9.9991E-05 0.249405 0.264558
0.0343604 0.620184 0.0997034 0.108989 0.136762
0.236231 0.412637 0.273201 0.0778307 9.9991E-05
0.1615 0.652766 0.0520266 0.0721455 0.0615615
0.192574 0.521793 0.0352237 0.104618 0.145792
0.146438 0.309315 0.241346 0.150123 0.152778
0.213136 0.343608 0.3555 0.0284736 0.0592819
0.136137 0.575337 0.110157 0.0738028 0.104566
0.136366 0.531265 0.244361 0.0639553 0.024053
0.146007 0.341617 0.408362 0.0486612 0.0553523
0.113476 0.405965 0.467244 9.9991E-05 0.0132147
0.18714 0.174291 0.572686 9.9991E-05 0.0657837
0.116728 0.628125 0.0690115 0.0748176 0.111318
0.171198 0.547987 9.9991E-05 0.0761276 0.204587
0.190758 0.202009 0.0651509 9.9991E-05 0.541983
0.116251 0.670264 0.0343327 0.0103058 0.168846
0.13815 0.405066 0.0790621 0.140827 0.236895
0.193277 0.541726 0.162681 9.9991E-05 0.102217
0.163515 0.567615 0.0984642 0.0243981 0.146007
0.407454 9.9991E-05 0.208629 0.000642714 0.383174
0.372168 9.9982E-05 0.156098 9.9982E-05 0.471535
0.22846 0.297904 0.13179 0.0318579 0.309988
0.358725 9.9982E-05 0.246711 9.9982E-05 0.394364
0.491596 9.9982E-05 0.256925 9.9982E-05 0.251279
0.137635 0.385757 0.152215 9.9991E-05 0.324293
0.247614 0.397673 0.166357 9.9991E-05 0.188256
0.332383 0.208769 0.191969 0.042332 0.224547
0.339396 0.039469 0.206966 9.9991E-05 0.414069
0.185744 0.548824 0.0898097 0.0141988 0.161423
0.290748 0.202066 0.133501 9.9991E-05 0.373585
0.550585 9.9982E-05 0.0781316 9.9982E-05 0.371083
0.192326 0.483847 0.15511 0.0885493 0.0801677
0.16994 0.369681 0.237297 0.0893472 0.133735
0.273027 0.4669 0.181702 0.0782701 9.9991E-05
0.164295 0.518593 0.316912 9.9982E-05 9.9982E-05
0.160317 0.424545 0.148924 0.124538 0.141676
0.220211 0.561426 0.218163 9.9982E-05 9.9982E-05
0.143157 0.510694 0.266199 0.0140968 0.0658528
0.388067 0.344169 0.221401 0.0462629 9.9991E-05
0.211642 0.585824 0.202334 9.9982E-05 9.9982E-05
0.249452 0.444595 0.288023 9.9991E-05 0.0178305
0.264721 0.353512 0.23472 0.035445 0.111602
0.143047 0.237309 0.222154 0.170256 0.227234
0.209913 0.514729 0.107411 0.018341 0.149607
0.149039 0.567592 0.157035 0.126233 9.9991E-05
0.0901115 0.613307 0.116404 0.0562104 0.123967
0.285594 0.393382 0.288147 0.0327773 9.9991E-05
0.208853 0.524957 0.215233 9.9991E-05 0.0508569
0.418215 0.162643 0.233206 9.9991E-05 0.185836
0.0919317 0.531726 0.217618 0.158624 9.9991E-05
0.312762 0.148088 0.35165 9.9991E-05 0.187399
0.785414 9.9982E-05 9.9982E-05 0.164988 0.049398
0.0763049 0.140469 9.9991E-05 0.773798 0.009328
0.0243486 9.9973E-05 9.9973E-05 0.975351 9.9973E-05
0.0368909 9.9973E-05 9.9973E-05 0.962809 9.9973E-05
9.9973E-05 0.049098 9.9973E-05 0.950602 9.9973E-05
9.9982E-05 0.0212515 0.0240581 0.95449 9.9982E-05
9.9973E-05 0.0754221 9.9973E-05 0.924278 9.9973E-05
9.997E-05 9.997E-05 9.997E-05 0.9996 9.997E-05
0.20627 9.9982E-05 0.0141937 0.779337 9.9982E-05
0.892869 0.0444215 0.0228719 0.0336992 0.00613888
0.82928 0.0435549 9.9982E-05 0.126965 9.9982E-05
0.873099 0.0295487 0.0431654 0.0540872 9.9991E-05
0.828487 0.0539546 9.9991E-05 0.0999386 0.0175199
0.889753 9.9982E-05 0.0560625 0.0539845 9.9982E-05
0.917689 9.9982E-05 0.00257248 0.0795387 9.9982E-05
0.753284 0.0559211 0.157625 0.0330699 9.9991E-05
0.896641 0.0159832 0.0870803 0.000195817 9.9991E-05
0.716181 0.0237462 0.0800975 0.179875 9.9991E-05
0.924921 0.00710304 0.0677764 9.9982E-05 9.9982E-05
0.984003 9.9973E-05 9.9973E-05 0.0156967 9.9973E-05
0.817943 0.000338519 0.0884958 0.0783181 0.0149047
0.971327 9.9982E-05 0.0165031 0.0119703 9.9982E-05
0.90233 0.0262633 0.0522437 0.0190628 9.9991E-05
0.87914 0.0669111 0.0302388 0.0236103 9.9991E-05
0.858743 0.0663952 0.0746619 9.9982E-05 9.9982E-05
0.754867 0.0647133 0.18022 9.9982E-05 9.9982E-05
0.785506 0.104215 0.110079 9.9982E-05 9.9982E-05
0.815074 0.126431 0.0582955 9.9982E-05 9.9982E-05
0.168801 0.505961 9.9991E-05 0.0511357 0.274002
0.102036 0.727216 9.9991E-05 0.0425288 0.12812
0.0858321 0.55322 0.140538 0.0462729 0.174137
0.132316 0.200089 0.017835 9.9991E-05 0.64966
0.118954 0.574567 0.0102298 0.159034 0.137215
0.210544 0.14855 0.0180756 9.9991E-05 0.622731
0.106997 0.633408 0.0722701 0.0359042 0.151421
0.138672 0.491493 9.9991E-05 0.139591 0.230145
0.153622 0.583124 0.0421566 0.0861603 0.134938
0.0374439 0.578286 9.9991E-05 0.107228 0.276942
0.166106 0.493421 0.0100299 0.0745528 0.255891
0.136779 0.640897 9.9982E-05 9.9982E-05 0.222124
0.16645 0.597294 9.9991E-05 0.115728 0.120427
9.9991E-05 0.0908471 0.0617988 0.466646 0.380608
0.12422 9.9982E-05 9.9982E-05 0.0454912 0.830089
0.146068 0.18446 0.0446117 0.0264197 0.598441
0.0786596 0.608987 0.119832 0.100817 0.0917041
0.127121 0.511906 0.0407174 0.100337 0.219919
0.145387 0.574104 9.9991E-05 0.0125177 0.267892
0.151523 0.48549 0.107929 9.9991E-05 0.254958
0.219939 0.509737 0.187245 0.00185325 0.0812248
0.198139 0.616672 0.119073 0.0660161 9.9991E-05
0.418584 0.113803 0.191391 0.154381 0.121842
0.15741 0.697092 9.9982E-05 0.145298 9.9982E-05
0.203847 0.449262 0.206411 0.0933705 0.0471096
0.47319 9.9982E-05 0.150908 9.9982E-05 0.375702
0.287759 0.355162 0.1902 9.9991E-05 0.166779
0.365663 0.337415 0.19081 0.0949889 0.0111233
0.342612 0.523581 0.0310368 0.0931336 0.00963612
0.0850893 0.515552 0.208974 0.117967 0.0724174
0.199873 0.568334 0.166457 9.9991E-05 0.0652363
0.208633 0.641757 0.113447 0.0360624 9.9991E-05
0.241334 0.458417 0.129121 9.9991E-05 0.171029
0.497508 0.254592 0.188136 9.9991E-05 0.0596642
