9.9982E-05 9.9982E-05 0.928864 0.069168 0.0017685
9.9982E-05 0.0409749 0.945121 0.0137043 9.9982E-05
0.136498 9.9991E-05 0.846622 0.0162917 0.000488397
0.0564049 9.9991E-05 0.809107 0.0741052 0.060283
0.0706477 9.9991E-05 0.870628 0.0205583 0.038066
0.108314 0.109195 0.651293 0.100377 0.0308213
9.9982E-05 0.0417404 0.864466 0.0935936 9.9982E-05
9.999E-05 0.0771443 0.780531 0.0981322 0.044093
9.9982E-05 0.0893623 0.797717 0.112721 9.9982E-05
0.0742658 0.0497547 0.750229 0.0722654 0.0534856
0.0657204 0.0240402 0.7572 0.152939 9.9991E-05
0.322881 0.143736 9.9991E-05 0.489442 0.0438411
0.650808 9.9991E-05 0.029565 0.237774 0.0817534
0.26072 0.194483 0.0340923 0.386516 0.124189
0.290435 0.0355198 9.9991E-05 0.462737 0.211208
0.415219 0.0654923 0.153823 0.218344 0.147122
0.515502 0.131656 0.09219 0.09234 0.168312
0.459593 0.193678 9.9991E-05 0.273892 0.0727372
0.382526 0.102196 0.170312 0.283395 0.0615705
9.9982E-05 0.208297 9.9982E-05 0.667157 0.124345
0.478039 0.155121 0.0501341 0.240503 0.076203
0.537105 0.286395 0.00898653 0.114484 0.0530295
0.493536 0.140016 0.0340477 0.207198 0.125202
0.332681 0.295453 9.9991E-05 0.232987 0.138778
0.667875 0.0308132 0.103725 0.109293 0.0882938
0.556189 0.00992361 0.0232296 0.270797 0.139861
0.204231 0.145074 9.9991E-05 0.489551 0.161044
0.209477 0.123143 9.9991E-05 0.435393 0.231887
0.315856 0.235657 9.9991E-05 0.426995 0.0213931
0.0829331 9.9982E-05 0.855976 9.9982E-05 0.0608912
0.114932 9.9982E-05 0.862354 9.9982E-05 0.022514
0.185536 9.9973E-05 0.814165 9.9973E-05 9.9973E-05
0.153991 9.9982E-05 0.755711 9.9982E-05 0.0900976
0.643136 0.237526 0.0351455 0.0840927 9.9991E-05
0.563322 0.0996313 0.0631187 0.133919 0.140009
0.680677 0.231009 0.0547622 0.0211306 0.0124205
0.146647 0.0949146 0.0284359 0.654175 0.0758267
0.476098 0.443572 0.0107247 0.0484497 0.0211556
0.567636 0.0983167 0.0960421 0.200069 0.0379365
0.779556 0.193449 0.0177832 9.9991E-05 0.00911193
0.642809 0.112171 0.17194 0.0415322 0.0315472
0.733843 0.0101462 0.0900356 0.154329 0.0116458
0.326538 0.442861 0.0111285 0.219372 9.9991E-05
0.586963 0.19569 0.0778619 0.0333655 0.10612
0.546688 0.19469 0.0594534 0.0747265 0.124442
0.633266 0.102866 0.132599 9.9991E-05 0.13117
0.465605 0.443642 9.9982E-05 0.0905532 9.9982E-05
0.767205 0.159184 0.0678052 9.9991E-05 0.0057057
0.587124 0.0926469 0.148585 0.0495832 0.122061
9.9982E-05 0.821867 0.147099 0.030834 9.9982E-05
0.259458 0.31001 9.9982E-05 0.430332 9.9982E-05
0.118004 0.578084 0.0573858 0.208014 0.0385125
0.553327 0.133455 0.0454607 0.147438 0.120319
0.62661 0.107717 0.113475 0.0424611 0.109736
0.663562 0.121537 0.0258294 0.109004 0.0800675
0.249865 0.250139 0.0923604 0.407535 9.9991E-05
0.631088 0.0592524 0.0495075 0.260052 9.9991E-05
0.531473 0.0266836 0.0589278 0.204516 0.1784
0.419546 0.212699 0.128378 0.239277 9.9991E-05
0.135067 0.221475 0.224109 0.386896 0.0324525
0.628793 0.0882413 0.0919431 0.130206 0.0608169
0.406274 0.134635 0.0474423 0.341919 0.0697297
0.0537317 0.353676 0.0385513 0.553941 9.9991E-05
0.595938 0.132556 0.0560473 0.215359 9.9991E-05
0.551241 0.16019 9.9991E-05 0.157951 0.130518
0.658948 0.0991159 0.0569311 0.114647 0.0703575
0.301693 0.232047 0.0704894 0.306575 0.0891957
0.483917 0.260686 9.9991E-05 0.184305 0.0709918
0.534339 0.100588 0.132357 0.136906 0.0958093
0.270904 0.26156 0.0385882 0.428848 9.9991E-05
0.680564 0.249314 9.9991E-05 0.0637318 0.00628965
0.382462 0.405639 9.9982E-05 0.211699 9.9982E-05
0.547298 0.181452 0.0191437 0.0844949 0.167611
0.723808 0.0709786 0.163808 0.00546827 0.0359369
0.174658 0.726836 9.9982E-05 0.0983062 9.9982E-05
0.195213 0.660658 9.9982E-05 0.143929 9.9982E-05
0.479771 0.485984 9.9982E-05 0.0340457 9.9982E-05
0.622725 0.200339 9.9982E-05 0.176736 9.9982E-05
0.596711 0.127995 0.204797 0.0485796 0.0219169
0.544598 0.28676 9.9991E-05 0.114726 0.053816
0.312895 0.353656 0.0577474 0.275602 9.9991E-05
0.383984 0.273526 9.9982E-05 0.342291 9.9982E-05
0.615126 0.0701748 0.0917794 0.166096 0.0568232
0.464253 0.39847 0.0420189 0.0951577 9.9991E-05
0.565325 0.324492 0.0202976 0.0897854 9.9991E-05
0.497287 0.502413 9.9973E-05 9.9973E-05 9.9973E-05
0.109551 0.805476 9.9982E-05 0.0847729 9.9982E-05
0.688975 0.0740994 0.0512466 0.185579 9.9991E-05
0.116153 9.9991E-05 0.79007 0.0610024 0.0326744
0.079678 9.9973E-05 0.920022 9.9973E-05 9.9973E-05
0.0478458 9.9991E-05 0.877615 0.00165488 0.0727847
0.0599108 0.00131023 0.932655 9.9991E-05 0.00602354
0.0968816 9.9973E-05 0.902818 9.9973E-05 9.9973E-05
0.0461895 9.9982E-05 0.920718 9.9982E-05 0.0328928
0.0535582 9.9973E-05 0.946142 9.9973E-05 9.9973E-05
0.661835 0.148448 0.131819 0.0577975 9.9991E-05
0.568594 0.215187 0.03653 0.0432484 0.136441
0.2042 0.658717 9.9982E-05 0.136883 9.9982E-05
0.605402 0.123626 0.0929974 0.0727429 0.105232
0.587722 0.224827 0.044227 0.143125 9.9991E-05
0.778451 0.194045 0.014023 9.9991E-05 0.0133812
0.655689 0.263339 0.0417871 9.9991E-05 0.0390849
0.617076 0.348779 9.9982E-05 9.9982E-05 0.0339445
0.120583 0.557462 0.0330504 0.288805 9.9991E-05
0.628373 0.131301 0.14548 0.0667784 0.0280677
0.702115 0.19469 0.0620614 0.00251739 0.0386167
0.593735 0.161456 0.0634482 0.0452913 0.136069
0.476619 0.485915 9.9982E-05 0.0372658 9.9982E-05
0.612628 0.366997 9.9982E-05 9.9982E-05 0.0201758
0.588645 0.325015 9.9982E-05 0.0861401 9.9982E-05
0.477147 0.475997 9.9982E-05 9.9982E-05 0.0466565
0.54533 0.263288 0.0553545 0.135927 9.9991E-05
0.574544 0.105183 0.104749 0.164609 0.0509163
0.197809 0.313504 0.0572281 0.361727 0.0697321
0.463934 0.0855656 0.0749626 0.248119 0.127418
0.428157 0.131513 0.130543 0.251379 0.0584077
0.617337 9.9991E-05 0.169714 0.183263 0.0295869
0.662024 0.0177252 0.0871464 0.197039 0.0360659
0.568146 0.00475778 0.0581243 0.368872 9.9991E-05
0.59819 0.0648991 0.025501 0.254079 0.0573311
0.539617 9.9982E-05 9.9982E-05 0.426432 0.0337505
0.571996 0.116954 0.0864942 0.224455 9.9991E-05
0.681285 9.9991E-05 0.0388508 0.179744 0.10002
0.682418 0.0669582 0.0450597 0.205464 9.9991E-05
0.551262 0.0373017 9.9982E-05 0.411236 9.9982E-05
0.613189 0.131527 0.0466051 0.0992367 0.109442
0.700348 0.0711951 0.135535 0.0501869 0.0427349
0.607216 0.106767 9.9991E-05 0.207364 0.0785535
0.568379 0.0812808 0.0247911 0.148762 0.176787
0.618722 0.0856054 9.9991E-05 0.214155 0.081417
0.421385 0.153135 0.141608 0.283772 9.9991E-05
0.65133 0.0483582 9.9991E-05 0.194175 0.106036
0.722635 0.0260585 0.0314502 0.138945 0.0809121
0.304092 0.24265 9.9991E-05 0.408409 0.0447489
0.138846 0.420953 0.0366048 0.286966 0.11663
0.482926 0.0540501 0.0400623 0.278754 0.144208
0.121243 0.458204 9.9991E-05 0.330578 0.0898746
0.335993 0.140656 0.0707403 0.452511 9.9991E-05
0.556867 0.0809702 0.0215064 0.340556 9.9991E-05
0.400765 0.0996945 9.9982E-05 0.499341 9.9982E-05
0.340066 0.118099 0.0039399 0.512218 0.0256771
0.635978 0.0582119 0.0802741 0.153039 0.0724968
0.655412 0.0435908 0.0745181 0.148377 0.0781013
0.530992 0.119801 0.0247797 0.198613 0.125814
0.1302 0.374109 9.9991E-05 0.361505 0.134086
0.639123 0.000596986 0.234407 0.0767687 0.0491047
0.523999 0.318706 0.0986362 9.9991E-05 0.0585588
0.0779761 0.59065 0.196234 0.135039 9.9991E-05
0.639991 0.140484 0.152094 9.9991E-05 0.0673315
0.403833 0.34609 0.194895 0.0550347 0.000146683
0.475957 0.204707 0.146759 0.116298 0.0562783
0.183364 0.454602 0.122748 0.10259 0.136696
0.21207 0.456726 0.122319 0.208786 9.9991E-05
0.473351 0.333455 0.0996443 0.0848103 0.00873914
0.55526 0.12853 0.0827626 0.0876916 0.145756
0.481394 0.17528 0.209864 0.0900262 0.0434363
0.565038 0.0934927 0.155509 0.105943 0.0800171
0.492515 0.138929 0.140216 0.0554994 0.172841
9.9991E-05 0.603105 0.0583237 0.0939421 0.24453
0.689123 0.106304 0.126557 0.0508698 0.0271455
0.597419 0.108758 0.134192 0.0522096 0.107422
0.420802 0.452274 9.9982E-05 0.126725 9.9982E-05
0.462474 0.323567 9.9991E-05 0.103544 0.110315
0.639633 0.0176201 0.132266 0.181573 0.0289077
0.527639 0.0502291 0.129344 0.0844401 0.208348
0.144153 0.199648 0.321886 0.0203995 0.313913
9.9982E-05 0.22644 0.605566 9.9982E-05 0.167794
9.9982E-05 0.311006 0.54958 9.9982E-05 0.139214
0.0767093 0.108242 0.444623 0.0529212 0.317505
0.666149 0.259201 9.9982E-05 9.9982E-05 0.0744501
0.520525 0.133666 0.0416938 0.148034 0.156081
0.322884 9.9982E-05 9.9982E-05 0.00211992 0.674797
0.377594 0.0304984 9.9991E-05 0.132323 0.459485
0.412683 0.0156448 0.0417187 0.109217 0.420736
0.355554 0.514046 0.0341717 0.0452599 0.0509679
0.496777 0.276603 0.064742 0.111301 0.0505776
0.240012 0.649173 0.0750346 9.9991E-05 0.0356802
0.640572 0.262408 0.023539 9.9991E-05 0.0733812
0.605862 0.375835 9.9991E-05 0.00921957 0.00898319
0.523946 0.248531 0.0414709 0.057133 0.12892
0.221666 0.586103 0.0165341 0.119558 0.0561389
0.708724 0.0235475 0.0412054 0.120081 0.106441
0.577219 0.167536 0.0492507 0.134846 0.0711476
0.42712 9.9991E-05 0.046947 0.242478 0.283354
0.00658374 9.9982E-05 0.0231749 9.9982E-05 0.970041
0.0773318 9.9982E-05 9.9982E-05 0.0210401 0.901428
0.331345 0.0483654 0.00542344 0.0328636 0.582002
0.297117 9.9982E-05 9.9982E-05 0.0201059 0.682577
0.153741 9.9991E-05 0.0295634 0.0245049 0.792091
9.997E-05 9.997E-05 9.997E-05 9.997E-05 0.9996
9.9973E-05 9.9973E-05 9.9973E-05 0.0258248 0.973875
0.150267 9.9973E-05 9.9973E-05 9.9973E-05 0.849433
0.00939932 9.9982E-05 9.9982E-05 0.0233742 0.967027
9.997E-05 9.997E-05 9.997E-05 9.997E-05 0.9996
9.997E-05 9.997E-05 9.997E-05 9.997E-05 0.9996
0.165269 9.9991E-05 0.0357183 0.0216497 0.777263
0.158849 9.9982E-05 0.0600449 9.9982E-05 0.780907
0.00889669 9.9982E-05 9.9982E-05 0.019454 0.971449
0.320169 0.0264429 9.9991E-05 0.2124 0.440888
0.242899 9.9982E-05 0.0965845 9.9982E-05 0.660316
0.0698193 9.9991E-05 0.0536833 0.0546653 0.821732
0.0824135 9.9991E-05 0.000917572 0.0291133 0.887456
9.997E-05 9.997E-05 9.997E-05 9.997E-05 0.9996
0.0795338 9.9982E-05 0.0413031 9.9982E-05 0.878963
9.997E-05 9.997E-05 9.997E-05 9.997E-05 0.9996
0.208973 0.0699771 0.0893158 0.0247049 0.607029
0.0324962 0.00973876 9.9991E-05 0.0456739 0.911991
9.9982E-05 0.526851 0.42138 9.9982E-05 0.0515699
0.434048 0.165473 0.190532 0.176869 0.0330789
0.406367 0.211767 0.22789 0.0712388 0.0827367
0.14466 0.432678 0.266591 9.9991E-05 0.15597
0.484816 0.222591 0.164001 9.9991E-05 0.128492
0.180861 0.378958 0.329686 9.9991E-05 0.110394
0.554271 0.172319 0.267286 0.00226989 0.00385362
0.32522 0.288967 0.168642 9.9991E-05 0.217071
0.466005 0.0751842 0.165275 0.0632191 0.230317
0.294061 0.310561 0.187015 9.9991E-05 0.208263
0.480345 0.197923 0.17255 0.0211582 0.128024
0.549 0.156032 0.193061 9.9991E-05 0.101807
0.0453069 9.9982E-05 0.828787 0.125706 9.9982E-05
9.9982E-05 0.00293393 0.960421 9.9982E-05 0.0364451
9.9973E-05 9.9973E-05 0.949747 0.0499529 9.9973E-05
0.016703 9.9982E-05 0.956701 0.0263961 9.9982E-05
9.9982E-05 9.9982E-05 0.925915 0.0572492 0.0166357
9.9982E-05 0.0394412 0.901808 9.9982E-05 0.058551
0.0511872 9.9982E-05 0.911207 9.9982E-05 0.037406
0.00805818 0.0288979 0.914233 0.0487109 9.9991E-05
0.0629161 9.9982E-05 0.932847 0.0040367 9.9982E-05
0.0271793 0.00309917 0.886632 0.00617874 0.0769103
9.9991E-05 0.10965 0.621607 0.258797 0.00984658
0.0218637 0.041585 0.58792 0.348532 9.9991E-05
9.9982E-05 0.15477 0.582093 0.262937 9.9982E-05
9.9982E-05 0.132031 0.489552 0.378217 9.9982E-05
0.590821 0.13442 0.141389 0.13327 9.9991E-05
0.533224 0.254522 0.0738804 0.0921223 0.0462514
0.605787 0.196241 0.0468817 0.137023 0.0140682
0.569997 0.205241 0.11604 0.0272026 0.0815189
0.467205 0.199476 0.0632004 0.270018 9.9991E-05
0.230193 0.138504 9.9991E-05 0.629508 0.00169543
0.681284 0.27585 0.0061593 9.9991E-05 0.036606
0.656989 0.191019 9.9991E-05 0.102169 0.0497235
0.650797 0.274025 0.0075337 0.0675445 9.9991E-05
0.569512 0.407267 9.9982E-05 0.0230212 9.9982E-05
0.685359 0.0450208 0.0823097 0.134784 0.0525264
0.517255 0.257338 0.0308006 0.194507 9.9991E-05
0.0439049 0.828962 9.9982E-05 0.126933 9.9982E-05
0.572511 0.249723 0.127628 0.0500375 9.9991E-05
0.363875 0.575262 0.0319933 0.0287701 9.9991E-05
0.604639 0.275372 9.9982E-05 0.119788 9.9982E-05
0.210437 0.500671 9.9982E-05 0.288692 9.9982E-05
0.0281339 0.0823249 0.125 0.756989 0.00755288
0.075964 0.0983 0.102204 0.723432 9.9991E-05
0.0311484 0.0619585 0.0601783 0.846615 9.9991E-05
9.9982E-05 0.0897806 0.134625 0.775394 9.9982E-05
0.0319495 0.0462537 9.9991E-05 0.889781 0.0319158
0.107854 0.0642075 0.0644585 0.757049 0.00643074
0.0961609 9.9973E-05 0.903539 9.9973E-05 9.9973E-05
0.0100947 9.9991E-05 0.838505 0.086472 0.0648285
0.13503 9.9982E-05 0.80358 9.9982E-05 0.0611902
0.0706551 9.9991E-05 0.754959 0.0845174 0.0897688
0.0767148 9.9991E-05 0.82602 0.0334893 0.0636762
9.9982E-05 0.0274767 0.395147 0.577177 9.9982E-05
9.9982E-05 0.116165 0.458367 0.425268 9.9982E-05
9.9982E-05 0.0599743 0.416863 0.522963 9.9982E-05
0.111544 9.9991E-05 0.831456 0.0382048 0.0186948
9.9991E-05 0.12558 0.332532 0.528664 0.013124
0.271238 0.122016 0.275724 9.9991E-05 0.330922
0.538172 9.9991E-05 0.121837 0.0907237 0.249168
0.515041 9.9982E-05 0.192252 9.9982E-05 0.292507
0.419267 0.131511 0.259411 9.9991E-05 0.18971
0.486268 9.9991E-05 0.151346 0.152954 0.209332
9.9982E-05 0.176155 0.534299 9.9982E-05 0.289346
0.455358 0.18356 9.9982E-05 0.360882 9.9982E-05
0.40005 0.33359 0.0517971 0.203587 0.0109764
0.307965 0.066471 0.047369 0.562331 0.0158637
0.423248 0.353092 9.9991E-05 0.142252 0.0813089
9.9973E-05 0.877001 9.9973E-05 0.122699 9.9973E-05
0.60413 0.157816 0.0387538 0.146773 0.0525271
0.587234 0.207054 0.0338192 0.171792 9.9991E-05
0.379833 0.125605 0.0645733 0.429889 9.9991E-05
0.546844 0.0820594 0.0138645 0.298832 0.0584005
0.188677 0.495438 0.0139504 0.301834 9.9991E-05
0.481784 0.262842 9.9991E-05 0.165223 0.0900512
0.579262 0.125362 9.9991E-05 0.217302 0.077975
0.482485 0.0903493 0.151198 0.111342 0.164626
0.366655 0.253165 9.9991E-05 0.329066 0.0510145
0.490041 0.125798 9.9991E-05 0.328964 0.0550968
0.506913 0.207772 0.0168073 0.118942 0.149565
0.548144 0.188715 9.9982E-05 0.262941 9.9982E-05
0.679477 0.0955472 0.0324294 0.117363 0.0751833
0.546049 0.15645 0.0751052 0.136411 0.0859848
0.508584 0.0398571 0.101226 0.192308 0.158025
0.131223 9.9982E-05 0.785833 9.9982E-05 0.0827439
0.0635005 0.0315186 0.881177 9.9991E-05 0.0237039
0.0631553 0.0523084 0.804558 0.0674922 0.0124866
0.0142967 0.0173234 0.818486 0.0952376 0.0546563
0.123897 9.9982E-05 0.86232 9.9982E-05 0.0135823
0.23756 0.0621207 9.9991E-05 0.632559 0.0676606
0.585596 0.156796 0.0276468 0.158125 0.0718359
0.43133 0.117065 0.236888 0.0448653 0.169851
0.70137 0.0283442 9.9991E-05 0.171624 0.0985616
0.531829 0.0596334 0.0913089 0.282414 0.0348156
0.364362 0.243742 0.0222252 0.301247 0.0684237
9.9991E-05 0.213319 0.124333 0.657109 0.00513842
0.578763 0.0349485 9.9991E-05 0.355039 0.0311491
0.221233 0.165454 0.0950174 0.518195 9.9991E-05
0.433127 0.257619 0.0201831 0.167418 0.121652
0.183307 0.132282 0.130072 0.554238 9.9991E-05
0.616565 9.9991E-05 0.0949714 0.221588 0.0667759
0.215057 0.101497 0.0871046 0.565731 0.0306105
0.674362 0.092177 0.154897 0.0181414 0.0604226
0.325342 0.177167 0.027316 0.374204 0.095971
0.474944 0.246212 0.041407 0.135555 0.101882
0.291064 0.462388 0.0822455 0.126598 0.0377039
0.574702 0.203806 0.111373 0.071896 0.0382232
0.630561 0.105187 0.157115 0.0564783 0.0506589
0.370977 0.452119 0.0339171 0.125918 0.0170696
0.583281 0.181289 0.160377 0.0361197 0.0389333
0.406631 0.150597 0.0174975 0.187604 0.237671
0.624457 0.307363 0.06798 9.9982E-05 9.9982E-05
0.185811 0.672455 9.9982E-05 0.141535 9.9982E-05
0.339436 0.602437 0.0375625 0.0204646 9.9991E-05
0.537287 0.374755 0.0457872 0.0420708 9.9991E-05
0.217554 0.634847 0.0313218 0.116177 9.9991E-05
0.467153 0.3525 9.9991E-05 0.167822 0.012426
0.149043 0.243664 9.9991E-05 0.581266 0.0259271
0.279719 0.399712 9.9991E-05 0.280774 0.0396955
0.337575 0.0440242 9.9991E-05 0.480401 0.137899
0.633053 0.100705 0.0291432 0.149441 0.0876581
0.314293 0.188652 9.9982E-05 0.496854 9.9982E-05
0.479306 0.179785 0.103284 0.107749 0.129875
0.614291 0.0214356 0.0802332 0.177792 0.106248
0.576014 0.0890667 0.0663601 0.245891 0.0226679
0.470609 0.0779914 9.9991E-05 0.31627 0.13503
0.472761 0.11549 9.9991E-05 0.343709 0.0679393
0.259188 0.119341 9.9991E-05 0.521228 0.100143
0.314781 0.119263 9.9991E-05 0.457167 0.108689
0.644873 0.116167 9.9991E-05 0.196887 0.0419741
0.615739 0.135872 0.0809776 0.120511 0.0469
0.490596 0.240741 0.0632857 0.194267 0.0111095
0.427042 0.156587 9.9991E-05 0.273722 0.142549
0.351833 0.0231992 0.0323253 0.504516 0.0881267
0.72811 9.9991E-05 0.0285512 0.212974 0.030265
0.642927 0.0263421 0.0996116 0.230276 0.000843255
0.43357 0.101765 0.116417 0.219536 0.128713
0.45017 9.9991E-05 0.385871 0.04638 0.11748
0.422807 0.102152 0.186447 9.9991E-05 0.288494
0.54456 0.0371615 0.173055 0.0753645 0.169858
0.669465 0.0159891 0.154328 0.0456379 0.11458
0.49148 0.0398951 0.231979 0.0688714 0.167775
0.546882 0.238472 9.9982E-05 0.214446 9.9982E-05
0.503078 0.111083 0.156448 0.0574028 0.171989
9.9982E-05 0.501604 0.329086 9.9982E-05 0.16911
0.452685 0.053948 0.0121632 0.235108 0.246095
0.686841 0.0372526 0.0833045 0.0375105 0.155091
0.358614 0.157787 0.0516958 0.0298984 0.402005
0.354922 0.214994 0.201745 0.11118 0.117159
0.645417 0.0389163 0.15439 0.0528802 0.108396
0.567179 0.0174772 0.171876 0.0147958 0.228672
9.9982E-05 0.287004 0.552491 9.9982E-05 0.160305
0.523496 0.040384 0.165586 0.0238467 0.246687
0.480708 0.0924631 0.170241 0.0539794 0.202608
0.587693 0.0964063 0.113164 0.0304562 0.172281
0.479108 0.0228213 0.166385 0.0764885 0.255198
0.563506 0.0449826 0.276853 0.00902322 0.105636
0.482792 0.380639 9.9991E-05 0.0667008 0.0697681
0.541882 0.270373 0.00422719 0.0962453 0.0872722
0.0835708 0.824337 9.9982E-05 0.0918921 9.9982E-05
0.351424 0.272172 0.0951467 0.117763 0.163495
0.547492 0.126234 0.165705 0.0236658 0.136903
0.0477948 0.845243 0.0225479 0.0843145 9.9991E-05
0.487768 0.268183 9.9991E-05 0.0946129 0.149336
0.376862 0.0574824 0.119932 0.0669809 0.378743
0.23217 0.243407 0.0772789 9.9991E-05 0.447044
0.140933 0.326016 0.210459 9.9991E-05 0.322492
0.365726 0.165242 0.190184 9.9991E-05 0.278749
0.45748 0.0608285 0.157019 0.142125 0.182548
0.104479 0.644684 0.13774 9.9991E-05 0.112997
0.113398 0.614907 0.118021 9.9991E-05 0.153574
0.535479 0.301496 0.01001 9.9991E-05 0.152915
0.484224 0.257601 0.125301 9.9991E-05 0.132774
0.240514 0.51158 0.09314 9.9991E-05 0.154666
0.571087 0.214874 0.0563993 0.023709 0.133931
0.551824 0.211556 9.9991E-05 0.0404838 0.196036
0.470351 0.177767 0.165052 0.0305931 0.156236
0.35626 0.54629 9.9982E-05 0.0972497 9.9982E-05
0.449431 0.401643 9.9991E-05 0.0715696 0.0772559
0.51879 0.356989 0.0703558 0.0330653 0.0207992
0.450886 0.229342 0.0433166 0.205334 0.0711212
0.512519 0.252105 0.137938 0.045205 0.0522334
0.508072 0.285319 0.133696 0.0205178 0.0523948
0.560496 0.382587 0.00648152 0.050335 9.9991E-05
0.296524 0.555799 9.9991E-05 0.136081 0.011496
0.611037 0.312871 9.9982E-05 9.9982E-05 0.0758915
0.481627 0.168599 0.116239 0.103035 0.130499
0.295455 0.599854 9.9991E-05 0.0716342 0.032957
0.418744 0.486891 0.0326246 9.9991E-05 0.0616403
0.532732 0.174454 0.021251 0.161417 0.110146
0.537458 0.33332 0.0223834 0.106739 9.9991E-05
0.45998 0.0862163 0.173296 0.0139639 0.266544
0.384577 0.0621294 0.17999 0.200973 0.172331
0.28545 0.228959 0.207311 9.9991E-05 0.27818
0.5391 0.0620571 0.136104 0.0624462 0.200293
0.389126 0.148322 0.240949 0.0192235 0.202379
0.464846 0.0679694 0.110474 0.142951 0.21376
0.378594 0.225133 0.166099 9.9991E-05 0.230074
9.9982E-05 0.598907 0.219814 9.9982E-05 0.181079
0.510478 0.0237744 0.0603376 0.0768561 0.328554
9.9982E-05 0.422414 0.418419 9.9982E-05 0.158967
0.5536 0.196708 0.0444618 9.9991E-05 0.20513
0.179208 0.820492 9.9973E-05 9.9973E-05 9.9973E-05
0.023953 0.9143 0.051266 0.0103808 9.9991E-05
0.529624 0.430616 9.9991E-05 0.0163664 0.0232933
0.727452 0.242377 9.9982E-05 9.9982E-05 0.0299714
0.485611 0.482561 9.9982E-05 0.0316282 9.9982E-05
0.608263 0.352147 9.9982E-05 9.9982E-05 0.0393903
0.602143 0.324471 9.9982E-05 9.9982E-05 0.0731859
0.0761282 0.0468888 0.795723 0.0324147 0.0488451
9.9982E-05 9.9982E-05 0.711916 0.171952 0.115932
9.9982E-05 9.9982E-05 0.928346 0.0288834 0.042571
0.0440795 9.9973E-05 0.955621 9.9973E-05 9.9973E-05
0.637876 0.228973 0.00926184 0.123789 9.9991E-05
0.675891 0.144352 0.116626 0.0498578 0.0132727
0.679065 0.2276 9.9982E-05 0.0931353 9.9982E-05
0.696642 0.176975 0.117414 0.00886881 9.9991E-05
0.612938 0.198209 0.099882 0.0212187 0.0677522
0.396126 0.456327 9.9982E-05 0.147347 9.9982E-05
0.731897 0.172858 0.00575088 0.0449425 0.0445517
0.480622 0.519078 9.9973E-05 9.9973E-05 9.9973E-05
0.380962 0.0462663 0.224218 0.054948 0.293606
0.548977 0.353431 9.9991E-05 0.0837085 0.0137833
0.505219 0.333944 9.9982E-05 0.160637 9.9982E-05
0.58624 0.147581 0.0595671 0.101164 0.105448
0.720808 0.175393 0.000418785 0.103281 9.9991E-05
0.6205 0.283487 0.00403075 0.091882 9.9991E-05
0.674852 0.274439 0.00643777 9.9991E-05 0.0441718
0.749302 0.136944 0.0854413 0.0209653 0.00734737
0.251384 0.748316 9.9973E-05 9.9973E-05 9.9973E-05
0.43617 0.541631 0.00697746 9.9991E-05 0.0151213
0.519996 0.414486 9.9982E-05 0.0653182 9.9982E-05
0.0533135 0.946387 9.9973E-05 9.9973E-05 9.9973E-05
0.360767 0.15415 0.134334 0.144813 0.205936
0.484959 0.341891 0.0171739 0.145212 0.0107641
0.271513 0.691327 0.0160771 0.0209831 9.9991E-05
0.0653224 0.861363 0.0295238 0.0436912 9.9991E-05
0.666043 0.23885 0.0124262 0.0121097 0.0705708
0.346476 0.43859 0.0344439 0.180334 0.000155852
0.477758 0.211596 9.9991E-05 0.187893 0.122653
0.641603 0.167371 0.0602489 9.9991E-05 0.130677
0.656694 0.216188 0.0284652 0.0985532 9.9991E-05
0.273932 0.275079 9.9991E-05 0.290083 0.160807
0.677923 0.273465 0.0311734 0.0173382 9.9991E-05
0.605819 0.236597 0.0341596 0.1222 0.00122378
0.473132 0.451308 9.9982E-05 0.07536 9.9982E-05
0.597614 0.206457 0.0504848 0.096466 0.0489781
0.00325385 0.0572142 0.630695 0.289774 0.0190623
0.0555902 0.0554486 0.724761 0.1641 9.9991E-05
9.9982E-05 0.0107697 0.814548 0.174482 9.9982E-05
9.9982E-05 0.00523441 0.801418 0.193147 9.9982E-05
0.0323563 0.0142813 0.739782 0.213481 9.9991E-05
0.291362 0.39948 0.0115644 0.261094 0.0364995
0.305277 0.458608 0.0569607 0.179055 9.9991E-05
0.331838 0.667862 9.9973E-05 9.9973E-05 9.9973E-05
0.622174 0.0742513 0.138269 0.0802602 0.0850459
0.646825 9.9991E-05 0.142525 0.131381 0.0791696
0.509041 0.435045 9.9982E-05 0.055714 9.9982E-05
0.66445 0.238124 0.00548227 9.9991E-05 0.0918432
0.602822 0.299345 0.0449829 0.0135164 0.0393332
0.502969 0.169177 0.125033 0.159368 0.043453
0.63258 0.224485 0.0199034 0.0976424 0.0253897
0.761797 0.108476 0.0167169 0.0626183 0.0503922
0.402244 0.386463 9.9982E-05 0.211093 9.9982E-05
0.532772 0.306598 9.9982E-05 0.16043 9.9982E-05
0.470488 0.359754 9.9982E-05 0.169558 9.9982E-05
0.657276 0.120007 0.165484 0.0526239 0.00460853
0.570827 0.273601 0.0116818 0.14379 9.9991E-05
0.56807 0.343411 0.0215972 0.0266777 0.0402435
0.361648 9.9991E-05 0.0598151 0.10693 0.471507
0.364462 9.9991E-05 0.168327 0.000214848 0.466896
0.402025 0.0159551 0.0617402 9.9991E-05 0.52018
0.23277 0.0369004 0.195058 9.9991E-05 0.535172
0.436803 0.0805746 0.140042 0.0010167 0.341563
0.597592 0.313011 0.0641747 9.9991E-05 0.0251224
9.9982E-05 0.0291572 0.291486 9.9982E-05 0.679157
0.379486 0.0370772 0.19789 9.9991E-05 0.385446
0.554768 0.167492 0.168766 9.9991E-05 0.108875
0.670442 0.120532 0.150655 0.0582713 9.9991E-05
0.443157 0.219952 0.168751 0.140311 0.0278295
0.560979 0.0802516 0.106604 0.171003 0.0811616
0.587549 0.27285 0.139401 9.9982E-05 9.9982E-05
0.390192 9.9982E-05 0.133749 9.9982E-05 0.475859
0.369721 9.9991E-05 0.0886372 0.127911 0.413631
0.437309 9.9982E-05 0.00858 9.9982E-05 0.553911
0.451093 0.0822567 0.166677 0.0357167 0.264257
0.293119 0.0265231 0.157837 9.9991E-05 0.522421
0.442382 0.0644577 0.0783719 0.0748518 0.339937
0.237579 0.0489764 0.107162 0.0331398 0.573143
0.47424 9.9991E-05 0.00211652 0.129929 0.393615
0.554057 0.234513 0.0540796 0.0696533 0.0876973
0.367336 0.00749135 0.120908 0.0856616 0.418602
0.140022 9.9982E-05 0.179571 9.9982E-05 0.680208
0.406605 0.164388 0.127457 9.9991E-05 0.30145
0.284879 9.9991E-05 0.0681694 0.203306 0.443545
0.229987 0.267541 0.239223 0.263149 9.9991E-05
0.551488 0.184282 0.0185941 0.0559084 0.189727
0.343192 0.0327203 0.156145 0.11249 0.355453
0.581212 0.113622 0.151008 0.0508529 0.103305
0.493318 0.22473 0.248986 0.0328653 9.9991E-05
0.338616 0.230143 0.184327 0.018587 0.228327
0.359664 0.133712 0.194319 9.9991E-05 0.312204
0.594216 0.195952 0.110316 9.9991E-05 0.0994154
0.481488 0.0449779 0.120759 0.0139367 0.338839
0.411698 0.0634411 0.191616 9.9991E-05 0.333145
0.41242 9.9982E-05 0.109003 9.9982E-05 0.478378
0.129691 0.0371607 0.191394 9.9991E-05 0.641654
0.675175 0.0480683 0.119924 0.074527 0.0823055
0.49559 0.211905 0.203812 0.0885926 9.9991E-05
0.131802 0.584383 0.181277 0.0233234 0.0792147
0.60843 0.181147 0.150932 0.0143529 0.0451391
0.412453 0.206136 0.121818 0.213691 0.0459025
0.439312 0.178173 0.204161 9.9991E-05 0.178255
0.556337 0.0668785 0.106041 0.156414 0.114329
9.9982E-05 0.404386 0.380351 9.9982E-05 0.215064
9.9982E-05 0.506411 0.365265 9.9982E-05 0.128125
0.276771 0.296574 0.187043 0.107053 0.132558
9.9982E-05 0.335584 0.408701 9.9982E-05 0.255515
9.9982E-05 0.289238 0.513401 9.9982E-05 0.197161
0.347924 0.313279 0.174113 0.00761018 0.157074
0.401808 0.186042 0.265204 0.0207523 0.126194
0.215983 0.252755 0.3133 0.0194809 0.198482
0.0677695 0.36584 0.390525 9.9991E-05 0.175766
0.534328 0.191511 0.135275 9.9991E-05 0.138786
0.134844 0.390056 0.331813 9.9991E-05 0.143186
9.9982E-05 0.383022 0.549994 9.9982E-05 0.0667845
0.510702 0.0664618 0.128691 0.0707652 0.223379
0.388029 0.166366 0.229755 9.9991E-05 0.215751
0.403482 0.0441487 0.284187 0.0692733 0.198908
0.50255 0.00730388 0.212383 0.00596019 0.271802
0.464932 0.121865 0.166816 0.0413139 0.205072
0.674614 9.9982E-05 0.193707 9.9982E-05 0.131479
0.514679 0.00368842 0.181025 9.9991E-05 0.300507
0.36685 9.9991E-05 0.399656 0.0183511 0.215044
0.549813 9.9991E-05 0.168595 0.0453312 0.236161
0.511502 9.9982E-05 0.305328 9.9982E-05 0.18297
0.355772 0.159943 0.271688 9.9991E-05 0.212497
0.36969 0.210843 0.156052 0.154372 0.109044
0.544283 0.0842988 0.244843 0.0608383 0.0657368
0.521105 0.101131 0.228491 9.9991E-05 0.149172
0.687544 0.059753 0.140972 9.9991E-05 0.111631
0.358028 9.9982E-05 0.327028 9.9982E-05 0.314744
0.600754 0.041287 0.211153 0.00105028 0.145755
0.201667 0.168557 0.403007 9.9991E-05 0.226668
0.5353 9.9991E-05 0.199807 0.0754755 0.189317
0.15726 0.134606 0.342777 9.9991E-05 0.365258
0.0224686 9.9991E-05 0.786648 0.186131 0.00465184
0.113901 0.0250309 0.0746178 0.78635 9.9991E-05
9.9973E-05 9.9973E-05 0.0230987 0.976601 9.9973E-05
9.9973E-05 9.9973E-05 0.00269578 0.997004 9.9973E-05
0.0296452 9.9973E-05 9.9973E-05 0.970055 9.9973E-05
9.9973E-05 9.9973E-05 9.9973E-05 0.951347 0.0483532
0.0531381 9.9973E-05 9.9973E-05 0.946562 9.9973E-05
9.9973E-05 9.9973E-05 0.0158304 0.98387 9.9973E-05
9.9982E-05 9.9982E-05 0.172168 0.81765 0.00998175
0.0351094 9.9991E-05 0.921881 0.0383913 0.00451871
0.060437 0.0241453 0.804343 0.110975 9.9991E-05
0.00259557 0.0100779 0.875604 0.0457287 0.0659944
0.0572094 9.9982E-05 0.809432 0.133159 9.9982E-05
0.01332 9.9991E-05 0.886596 0.0653719 0.0346124
9.9982E-05 0.0315435 0.879203 0.0890532 9.9982E-05
0.052167 9.9991E-05 0.726804 0.0959598 0.124969
0.0689354 9.9982E-05 0.878463 9.9982E-05 0.052402
0.0578578 0.0213414 0.724698 0.150611 0.0454916
0.0232893 0.00520215 0.937289 9.9991E-05 0.0341191
9.9973E-05 9.9973E-05 0.96939 0.0303102 9.9973E-05
0.0163394 9.9991E-05 0.83818 0.0828843 0.0624962
9.9982E-05 9.9982E-05 0.955706 0.0389995 0.00509457
0.0675536 9.9973E-05 0.932147 9.9973E-05 9.9973E-05
0.136695 9.9982E-05 0.836713 0.0263922 9.9982E-05
0.086243 9.9982E-05 0.863212 9.9982E-05 0.0503453
0.0635867 9.9982E-05 0.810614 9.9982E-05 0.1256
0.117756 9.9982E-05 0.812658 9.9982E-05 0.0693852
0.108731 9.9982E-05 0.826767 9.9982E-05 0.0643018
0.428016 0.262052 0.17918 0.080444 0.0503077
0.726999 0.151949 0.0971624 0.0237896 9.9991E-05
0.583111 0.15024 0.160872 0.0247479 0.0810288
0.183292 0.64222 0.164981 0.00940725 9.9991E-05
0.618679 0.111556 0.111539 0.158125 9.9991E-05
0.107286 0.613154 0.253607 9.9991E-05 0.0258538
0.70477 0.169123 0.0970633 9.9991E-05 0.0289436
0.487693 0.246996 0.107747 0.157465 9.9991E-05
0.614042 0.173776 0.129327 0.0827551 9.9991E-05
0.615656 0.234553 0.03676 0.097803 0.015228
0.512156 0.184242 0.133732 0.16977 9.9991E-05
0.739788 0.100673 0.142814 0.0166243 9.9991E-05
0.642581 0.103073 0.172554 0.081692 9.9991E-05
0.0173438 0.414811 9.9991E-05 0.451876 0.115868
9.9982E-05 0.823248 0.112561 0.0639901 9.9982E-05
0.154748 0.609388 0.143682 0.0578812 0.0343003
0.626435 0.115422 0.102609 0.0539019 0.101632
0.595497 0.255038 0.149265 9.9982E-05 9.9982E-05
0.516474 0.280773 0.202553 9.9982E-05 9.9982E-05
0.523627 0.286705 0.0549337 0.00566182 0.129073
0.531319 0.118961 0.186896 9.9991E-05 0.162724
0.525376 0.0344246 0.143248 0.07522 0.221732
0.0992914 0.123703 0.421973 0.176377 0.178656
0.639883 9.9991E-05 0.133986 0.191042 0.0349901
0.422396 0.087419 0.251182 0.0997042 0.1393
9.9982E-05 0.383001 0.446868 9.9982E-05 0.169931
0.433301 0.0738883 0.309881 9.9991E-05 0.18283
0.280405 0.171121 0.381846 9.9991E-05 0.166529
0.499845 9.9991E-05 0.336688 0.118544 0.0448226
0.476718 0.0803623 0.0541079 0.100242 0.28857
0.506683 0.0241019 0.196655 0.05541 0.21715
0.616521 9.9982E-05 0.159866 9.9982E-05 0.223413
0.323885 0.199746 0.165825 0.0340739 0.27647
0.331613 9.9991E-05 0.527163 0.0137808 0.127343
