9.9955E-05 9.9955E-05 0.0234306 0.163449 0.706047 0.0559293 0.050645 9.9955E-05 9.9955E-05 9.9955E-05
9.9964E-05 9.9964E-05 9.9964E-05 0.118063 0.780247 0.0343886 0.016454 0.0252414 0.0252061 9.9964E-05
9.9964E-05 0.0771358 0.0475135 0.137122 0.643977 0.0513132 0.042539 9.9964E-05 9.9964E-05 9.9964E-05
9.9964E-05 0.0440823 0.0696445 0.110553 0.647995 0.055147 0.0721785 9.9964E-05 9.9964E-05 9.9964E-05
9.9964E-05 0.025416 0.0526916 0.221396 0.640572 9.9964E-05 0.0576867 9.9964E-05 0.00183797 9.9964E-05
9.9937E-05 0.0700513 0.0311961 0.898053 9.9937E-05 9.9937E-05 9.9937E-05 9.9937E-05 9.9937E-05 9.9937E-05
9.99201E-05 9.99201E-05 9.99201E-05 0.999101 9.99201E-05 9.99201E-05 9.99201E-05 9.99201E-05 9.99201E-05 9.99201E-05
9.9937E-05 9.9937E-05 9.9937E-05 0.968563 9.9937E-05 0.0142712 0.0164662 9.9937E-05 9.9937E-05 9.9937E-05
0.00753102 9.99729E-05 9.99729E-05 0.161341 0.691008 0.00592857 0.0746528 0.0249971 9.99729E-05 0.0342411
9.9946E-05 0.0639194 0.0140621 0.909087 9.9946E-05 9.9946E-05 9.9946E-05 9.9946E-05 0.0123322 9.9946E-05
9.99459E-05 0.0120658 9.99459E-05 0.800156 0.106316 9.99459E-05 0.0808627 9.99459E-05 9.99459E-05 9.99459E-05
0.713696 0.0919911 0.101339 0.0345586 9.9964E-05 9.9964E-05 0.00727815 0.0507375 9.9964E-05 9.9964E-05
0.360259 0.39641 0.119214 9.9955E-05 9.9955E-05 0.0233817 0.100236 9.9955E-05 9.9955E-05 9.9955E-05
0.697798 0.0358999 0.154079 0.00441574 9.9955E-05 9.9955E-05 9.9955E-05 9.9955E-05 0.107307 9.9955E-05
0.665305 0.145261 0.132338 0.0349838 0.0112424 0.0104698 9.9964E-05 9.9964E-05 9.9964E-05 9.9964E-05
0.405523 0.271749 0.122722 0.101721 0.0420731 9.9973E-05 9.9973E-05 0.0226066 9.9973E-05 0.0333049
0.329713 0.484084 0.0999731 0.0162166 0.0376016 0.0152865 9.9973E-05 9.9973E-05 0.0168247 9.9973E-05
0.403939 0.449753 9.9973E-05 0.0397115 9.9973E-05 0.0241847 9.9973E-05 0.0408829 0.00797826 0.0332511
0.637453 0.22785 0.00272112 9.9955E-05 0.119994 0.0114818 9.9955E-05 9.9955E-05 9.9955E-05 9.9955E-05
0.832865 9.9946E-05 9.9946E-05 0.0516945 9.9946E-05 9.9946E-05 0.0681889 9.9946E-05 9.9946E-05 0.0466517
0.391024 0.271515 0.0942491 9.9973E-05 9.9973E-05 0.0301372 9.9973E-05 0.0729483 0.118433 0.0213928
0.211351 0.397515 0.0220435 9.9982E-05 0.0299755 9.9982E-05 0.0540411 0.0357303 0.143087 0.106056
0.290923 0.548491 0.015278 0.0660402 0.00529291 9.9982E-05 0.0193025 0.00835668 0.046116 9.9982E-05
0.680083 0.112457 0.0980146 0.0765365 9.9955E-05 9.9955E-05 9.9955E-05 9.9955E-05 9.9955E-05 0.0324082
0.162861 0.541332 0.0300093 0.0607341 0.0412197 0.0245229 0.0117064 0.0861727 0.0413415 9.9991E-05
0.407997 0.364821 0.0694112 0.0464705 9.9982E-05 0.000580504 0.053541 0.039642 9.9982E-05 0.0173371
0.841242 0.0259752 0.0640708 9.9955E-05 9.9955E-05 0.0672041 9.9955E-05 9.9955E-05 9.9955E-05 0.00100807
0.781648 0.00138174 0.176675 0.0396959 9.9946E-05 9.9946E-05 9.9946E-05 9.9946E-05 9.9946E-05 9.9946E-05
0.825184 0.0943733 9.9955E-05 9.9955E-05 0.0279088 9.9955E-05 9.9955E-05 9.9955E-05 0.0206986 0.031335
9.99201E-05 9.99201E-05 9.99201E-05 9.99201E-05 9.99201E-05 0.999101 9.99201E-05 9.99201E-05 9.99201E-05 9.99201E-05
9.99201E-05 9.99201E-05 9.99201E-05 9.99201E-05 9.99201E-05 0.999101 9.99201E-05 9.99201E-05 9.99201E-05 9.99201E-05
0.00948892 0.0925225 9.9955E-05 9.9955E-05 0.521914 0.341509 9.9955E-05 0.0340664 9.9955E-05 9.9955E-05
9.9964E-05 0.0497957 0.079992 0.0937281 0.438367 0.241515 9.9964E-05 0.0962022 9.9964E-05 9.9964E-05
0.0731825 0.551394 9.9973E-05 9.9973E-05 9.9973E-05 0.00342107 0.0167388 0.209839 0.0615968 0.0835286
0.140483 0.480739 0.016313 0.0188686 9.9973E-05 0.0752693 0.0249946 0.243032 9.9973E-05 9.9973E-05
9.9946E-05 0.499982 9.9946E-05 0.0785785 9.9946E-05 9.9946E-05 9.9946E-05 0.29941 0.12143 9.9946E-05
0.656738 0.0242557 9.9982E-05 0.052554 0.0392201 0.0311014 0.150297 0.0150121 0.0306213 9.9982E-05
0.0166229 0.310441 0.0260898 9.9964E-05 9.9964E-05 0.0156634 9.9964E-05 0.507873 0.12291 9.9964E-05
0.183738 0.422739 0.0532861 0.0320415 0.0449742 9.9973E-05 9.9973E-05 0.223239 0.0396826 9.9973E-05
9.9964E-05 0.646639 0.00227832 9.9964E-05 0.0653755 9.9964E-05 9.9964E-05 0.161146 0.0837844 0.0403762
0.0093677 0.613905 9.9982E-05 0.0580987 0.0186833 0.0146947 0.0368926 0.136617 9.9982E-05 0.11154
0.0406026 0.677766 9.9973E-05 0.0128398 0.0395629 0.0168382 0.0986638 9.9973E-05 9.9973E-05 0.113426
0.252868 0.065061 9.9973E-05 0.0441893 0.0211621 0.0017021 0.011613 0.603105 9.9973E-05 9.9973E-05
0.0154861 0.593994 0.0298251 0.0593233 9.9982E-05 0.0215379 0.0213824 0.0863759 9.9982E-05 0.171876
0.0600476 0.524929 0.0293638 0.0420457 9.9982E-05 0.0356317 9.9982E-05 0.175493 0.0659483 0.0663408
0.0801641 0.423532 0.114929 0.0439947 0.0553159 0.0607756 0.0502581 0.160582 0.0103482 9.9991E-05
9.9946E-05 0.248781 9.9946E-05 0.0414647 9.9946E-05 9.9946E-05 0.013436 0.695719 9.9946E-05 9.9946E-05
0.0644659 0.654117 0.0256048 9.9955E-05 0.056618 9.9955E-05 9.9955E-05 0.198695 9.9955E-05 9.9955E-05
0.0551057 0.562001 0.067763 0.0534544 0.0583531 0.01412 9.9991E-05 0.0915901 0.0155401 0.0819727
9.9955E-05 9.9955E-05 9.9955E-05 9.9955E-05 0.0735832 0.00567439 9.9955E-05 0.598879 0.0289216 0.292442
0.360503 0.122139 9.9973E-05 9.9973E-05 9.9973E-05 0.0120403 0.212352 0.226679 0.0594699 0.00651822
0.429584 0.0132975 9.9964E-05 0.0259875 9.9964E-05 9.9964E-05 9.9964E-05 0.105268 0.150405 0.275059
0.114186 0.531029 0.0562575 0.00234626 0.0741109 9.9982E-05 0.0489216 0.0524303 0.120519 9.9982E-05
0.0384665 0.570328 0.101191 0.064811 0.00762369 0.0192694 0.0631723 9.9991E-05 0.0524677 0.0825699
0.131995 0.633292 9.9964E-05 9.9964E-05 0.102 9.9964E-05 0.0328777 9.9964E-05 0.0826846 0.0167503
0.360371 0.119932 9.9991E-05 0.0523922 0.058516 0.00612966 0.138716 0.210806 0.00899349 0.0440436
0.175119 0.523546 9.9973E-05 9.9973E-05 9.9973E-05 0.0236862 0.156274 0.00267254 0.081614 0.0367875
0.225924 0.45044 0.156008 0.0176835 0.00874942 0.0273072 9.9991E-05 0.0113554 0.0256981 0.0767355
0.279575 0.333705 9.9991E-05 0.0185638 0.0667796 0.00695817 0.0861231 0.0442008 0.0815077 0.0824868
0.471046 0.0419046 0.000860288 0.0841647 0.120923 0.0371043 0.0441602 0.0557618 0.063763 0.0803119
0.0524043 0.578905 9.9991E-05 0.0169001 0.0380869 0.0249208 0.133401 0.0965323 0.00657948 0.0521702
0.250785 0.336087 0.041599 0.0153531 0.0477882 0.00298951 0.117371 9.9991E-05 0.166559 0.0213686
0.564355 9.9973E-05 9.9973E-05 0.0101156 9.9973E-05 0.0580076 0.0996585 0.114735 0.0512755 0.101553
0.402863 0.418832 0.00693528 9.9991E-05 0.0227028 0.011565 0.00491834 0.0387641 0.0315995 0.0617198
0.178911 0.628713 9.9973E-05 0.00947837 0.0189523 0.0304879 9.9973E-05 0.0137542 0.119404 9.9973E-05
0.0856446 0.537428 0.0582585 0.0389546 0.00934326 0.0594925 0.0376536 0.00011212 0.126964 0.0461489
0.464154 0.224284 0.0265571 0.0770189 9.9973E-05 9.9973E-05 0.0243245 0.148537 9.9973E-05 0.0348248
0.364862 0.357034 0.0719267 9.9973E-05 9.9973E-05 0.00123161 9.9973E-05 0.0515776 0.0835709 0.0694974
0.0904195 0.496525 0.0701079 9.9982E-05 0.0398184 0.020995 0.116755 0.0484501 0.116728 9.9982E-05
0.519151 0.124178 9.9973E-05 9.9973E-05 9.9973E-05 0.0537789 0.0694128 0.054784 0.0821072 0.0962881
0.0336437 0.503802 9.9955E-05 0.0340476 9.9955E-05 9.9955E-05 0.0580099 0.369997 9.9955E-05 9.9955E-05
0.141156 0.194227 9.9955E-05 9.9955E-05 9.9955E-05 0.0167613 0.0440173 0.603338 9.9955E-05 9.9955E-05
0.0706577 0.404007 0.0798586 0.0955395 0.0357418 0.015087 0.0695 0.229408 9.9982E-05 9.9982E-05
9.9982E-05 0.459601 0.146984 0.0625731 0.0516094 0.00689928 0.119582 0.0638966 0.0886543 9.9982E-05
9.9946E-05 9.9946E-05 9.9946E-05 0.0116587 9.9946E-05 0.0132618 9.9946E-05 0.866545 9.9946E-05 0.107935
0.112307 9.9946E-05 9.9946E-05 9.9946E-05 9.9946E-05 9.9946E-05 9.9946E-05 0.767372 0.0395545 0.080166
0.040781 0.24747 9.9946E-05 9.9946E-05 9.9946E-05 9.9946E-05 9.9946E-05 0.651878 0.0592717 9.9946E-05
0.075383 0.417313 9.9964E-05 9.9964E-05 0.00200537 0.0456605 9.9964E-05 0.43076 0.028479 9.9964E-05
9.9973E-05 0.456392 9.9973E-05 0.0321078 0.163057 0.0445549 0.0428825 0.180654 0.0800509 9.9973E-05
0.051196 0.378092 0.0245095 0.00477191 9.9982E-05 0.00830407 0.0487465 0.469479 9.9982E-05 0.0147008
0.13963 0.124833 0.0151806 9.9964E-05 0.0341472 9.9964E-05 0.10084 0.58497 9.9964E-05 9.9964E-05
0.0680666 0.206836 9.9973E-05 0.0342744 9.9973E-05 0.0152379 0.188317 0.481212 0.0057566 9.9973E-05
0.0429521 0.526163 0.0570715 0.0523115 0.0541845 0.0315295 0.046168 0.18942 9.9982E-05 9.9982E-05
0.174631 0.197988 0.046102 0.0243502 9.9955E-05 9.9955E-05 9.9955E-05 0.556429 9.9955E-05 9.9955E-05
0.0557184 0.361604 9.9964E-05 0.0494769 0.00756012 0.048537 9.9964E-05 0.476704 9.9964E-05 9.9964E-05
9.9955E-05 0.356071 9.9955E-05 0.0142804 9.9955E-05 9.9955E-05 0.0113505 0.58727 0.0305283 9.9955E-05
9.9946E-05 9.9946E-05 9.9946E-05 9.9946E-05 9.9946E-05 9.9946E-05 0.051585 0.637301 0.185873 0.124641
9.9955E-05 0.552164 0.021951 9.9955E-05 0.0955511 9.9955E-05 9.9955E-05 0.304964 9.9955E-05 0.0248704
0.0252869 0.0658266 0.0659812 0.053238 0.750184 0.039083 9.9964E-05 9.9964E-05 9.9964E-05 9.9964E-05
9.9946E-05 0.0681676 9.9946E-05 0.0944235 0.697679 0.13913 9.9946E-05 9.9946E-05 9.9946E-05 9.9946E-05
0.00804002 0.0546295 0.0321736 9.9955E-05 0.79725 0.107407 9.9955E-05 9.9955E-05 9.9955E-05 9.9955E-05
9.9946E-05 0.0548506 9.9946E-05 9.9946E-05 0.799889 0.109305 9.9946E-05 9.9946E-05 9.9946E-05 0.0353552
9.9955E-05 0.065123 9.9955E-05 0.0219487 0.75026 0.110133 9.9955E-05 9.9955E-05 0.0520353 9.9955E-05
9.9955E-05 0.0372494 9.9955E-05 0.0633213 0.832599 0.0540146 9.9955E-05 9.9955E-05 0.0123164 9.9955E-05
9.9955E-05 0.0442358 0.0316924 0.132083 0.759379 0.0321099 9.9955E-05 9.9955E-05 9.9955E-05 9.9955E-05
0.0617119 0.368578 0.14231 0.0227424 0.0516386 0.0281723 0.00516016 0.270721 0.0488657 9.9991E-05
0.0962929 0.493658 0.0690271 9.9982E-05 0.0512898 0.0308431 0.00746594 0.135476 9.9982E-05 0.115747
0.205832 9.99497E-05 9.99497E-05 9.99497E-05 0.0225468 9.99497E-05 9.99497E-05 0.740137 0.030884 9.99497E-05
0.0042164 0.580723 9.9982E-05 9.9982E-05 0.125763 0.0298987 0.0517436 0.161098 0.0213065 0.0250505
0.121809 0.392431 9.9955E-05 0.0225657 0.0141786 9.9955E-05 9.9955E-05 0.448515 9.9955E-05 9.9955E-05
9.9973E-05 0.543517 9.9973E-05 0.0209196 0.0461473 0.0316457 9.9973E-05 0.330186 0.024131 0.00315332
0.0812586 0.547573 0.0147358 9.9973E-05 0.011187 9.9973E-05 9.9973E-05 0.226869 0.0861806 0.031896
9.9955E-05 0.396536 0.115724 9.9955E-05 9.9955E-05 0.0205457 9.9955E-05 0.438233 0.0284619 9.9955E-05
0.177686 9.9955E-05 9.9955E-05 9.9955E-05 0.0551267 9.9955E-05 0.0852218 0.674368 9.9955E-05 0.00709737
9.9991E-05 0.506828 0.0428273 0.081208 0.0059009 0.0249681 0.0701092 0.180353 0.0471196 0.0405869
0.0136196 0.667728 9.9982E-05 0.041125 0.0284276 0.00566017 9.9982E-05 0.0557353 0.184263 0.00324163
0.0873961 0.431734 0.102356 0.0183596 9.9982E-05 0.0125691 0.0595098 0.155299 9.9982E-05 0.132577
9.9946E-05 0.306357 9.9946E-05 9.9946E-05 9.9946E-05 0.0214001 9.9946E-05 0.489609 9.9946E-05 0.182035
0.0321687 0.450001 9.9964E-05 0.0384634 9.9964E-05 0.0347298 9.9964E-05 0.404304 0.0399339 9.9964E-05
0.0984661 0.396555 0.0362013 9.9964E-05 0.0133921 0.0100285 9.9964E-05 0.444957 9.9964E-05 9.9964E-05
9.9946E-05 0.247132 0.118005 9.9946E-05 9.9946E-05 9.9946E-05 9.9946E-05 0.61119 0.0230726 9.9946E-05
0.0520962 0.430901 9.9964E-05 0.105543 9.9964E-05 0.0229592 0.0429478 0.345153 9.9964E-05 9.9964E-05
0.0817869 0.477792 9.9964E-05 9.9964E-05 0.100657 0.041547 0.132166 0.165652 9.9964E-05 9.9964E-05
0.406506 0.143811 9.9964E-05 0.0336507 9.9964E-05 9.9964E-05 0.125949 9.9964E-05 0.245369 0.0443156
0.0163398 0.501463 0.105711 9.9982E-05 0.011918 0.0474752 0.128915 0.0682248 9.9982E-05 0.119753
0.265543 0.345926 0.0427689 0.043948 0.065614 0.0401209 0.15927 0.000850381 9.9991E-05 0.0358596
0.0810628 0.480791 0.0556026 9.9991E-05 0.117889 0.00856792 0.0741641 0.0698061 0.0236052 0.0884115
9.9973E-05 0.452947 0.16429 9.9973E-05 0.0134172 9.9973E-05 0.128664 0.105366 0.0864661 0.0485496
0.435371 0.344948 9.9973E-05 0.0466572 0.00710485 0.0624197 0.0555823 9.9973E-05 0.0476171 9.9973E-05
0.264177 0.524654 9.9955E-05 0.0532019 9.9955E-05 9.9955E-05 0.0580345 9.9955E-05 0.0994332 9.9955E-05
0.236323 0.451557 9.9964E-05 9.9964E-05 0.0758382 0.0080183 0.136508 9.9964E-05 0.0913565 9.9964E-05
0.0930449 0.467798 9.9982E-05 9.9982E-05 0.00881059 0.0537265 0.114145 0.0569389 0.108191 0.0971454
0.120484 0.54277 0.0274244 9.9982E-05 0.0153597 0.0183068 0.145137 9.9982E-05 0.127249 0.00306939
0.283409 0.505549 9.9964E-05 9.9964E-05 0.023463 0.0653568 9.9964E-05 0.112477 0.00934626 9.9964E-05
0.322681 0.445749 9.99501E-05 9.99501E-05 9.99501E-05 9.99501E-05 0.168337 0.0626335 9.99501E-05 9.99501E-05
9.9964E-05 0.5234 0.119265 9.9964E-05 9.9964E-05 9.9964E-05 0.168884 0.09782 0.0235414 0.0666895
0.108988 0.593871 9.9982E-05 0.00186691 0.0896026 0.0274609 0.0034149 9.9982E-05 0.138522 0.0360729
0.236594 0.591998 9.9964E-05 9.9964E-05 9.9964E-05 0.0308806 0.0826562 0.00512981 0.0523414 9.9964E-05
0.0336399 0.474382 0.136189 9.9982E-05 0.050597 0.0255682 0.101272 9.9982E-05 0.137654 0.0404991
0.171121 0.527535 0.0315747 9.9982E-05 0.013891 9.9982E-05 0.137852 0.0294006 0.0758809 0.0125454
0.225422 0.314637 0.0196734 9.9982E-05 0.0349271 0.0555704 0.186626 9.9982E-05 0.124076 0.0388682
0.125347 0.533489 0.125832 9.9973E-05 0.043355 9.9973E-05 0.0536893 0.0566462 0.0613412 9.9973E-05
0.0487436 0.678288 0.00827796 0.024227 0.0335505 9.9982E-05 0.114969 9.9982E-05 0.068626 0.0231178
0.298543 0.122956 0.134672 0.0247934 9.9982E-05 9.9982E-05 0.209904 0.183635 0.0223929 0.00290391
0.268401 0.170636 9.9973E-05 9.9973E-05 0.0630903 9.9973E-05 0.0779622 0.0121646 0.2625 0.144946
0.0574254 0.488406 0.0479996 0.00935074 0.0379154 0.00178942 0.136741 0.0693715 0.046734 0.104267
0.149209 0.0683102 0.0321634 9.9973E-05 9.9973E-05 9.9973E-05 0.170815 0.198272 0.28624 0.0946895
0.611057 0.126345 9.9973E-05 9.9973E-05 0.0688694 9.9973E-05 0.0647631 0.0701263 0.044522 0.0140173
0.379788 0.368608 9.9964E-05 0.0422429 9.9964E-05 9.9964E-05 0.0803926 0.0902266 0.0383426 9.9964E-05
0.481092 0.263155 9.9964E-05 0.000994357 9.9964E-05 0.00958666 0.164223 0.0805484 9.9964E-05 9.9964E-05
0.42491 0.218237 0.00869626 9.9973E-05 0.0499485 9.9973E-05 0.205288 0.0763509 0.0162686 9.9973E-05
0.162129 0.625568 0.0177911 9.9973E-05 9.9973E-05 0.0382787 0.038559 0.100036 0.017338 9.9973E-05
0.0267142 0.595931 9.9982E-05 0.0748533 0.13857 9.9982E-05 0.0377883 0.113281 0.00846023 0.00420206
0.23978 0.523031 9.9973E-05 0.0492568 9.9973E-05 0.00595397 0.0796612 0.0421267 0.0598907 9.9973E-05
0.229971 0.069278 0.0752521 9.9973E-05 9.9973E-05 9.9973E-05 0.156027 0.209558 0.0452143 0.214399
9.9973E-05 0.550908 9.9973E-05 0.0740366 0.105022 9.9973E-05 0.00520268 0.0824243 0.118847 0.0632594
0.0988154 0.494976 9.9991E-05 0.0190457 0.000209309 0.0394354 0.0569644 0.0538661 0.00208691 0.234501
0.0568686 9.9982E-05 9.9982E-05 0.0661882 0.0440945 0.0166612 0.108389 0.114097 0.176285 0.417216
0.00365616 0.697546 0.0180994 0.0237906 0.0336845 0.0206002 9.9991E-05 0.0121355 0.1125 0.077888
0.0906223 0.36503 9.9964E-05 9.9964E-05 0.121261 9.9964E-05 9.9964E-05 0.154169 0.111166 0.157353
0.0524934 0.458909 0.0264158 9.9991E-05 0.119632 0.055046 0.0163744 0.0369965 0.134254 0.099779
0.0367727 0.229106 9.9982E-05 0.0323682 9.9982E-05 0.0541482 0.0794657 0.0958409 0.0710101 0.401088
0.151722 0.153665 9.9982E-05 0.0431182 9.9982E-05 0.0274304 0.0583539 0.043273 0.170481 0.351756
0.0257165 0.40759 9.9982E-05 0.00329323 9.9982E-05 0.00992338 0.133981 0.0630992 0.191167 0.16503
0.121196 0.49919 0.0544872 0.0895661 9.9982E-05 9.9982E-05 0.0562183 0.00943393 0.0408853 0.128823
0.261812 0.438283 9.9973E-05 0.0727013 0.0960655 0.0199856 0.0492871 9.9973E-05 9.9973E-05 0.0615657
0.0747022 0.410573 0.0306785 0.0366915 0.05492 0.0498265 9.9991E-05 0.14428 0.180521 0.0177072
9.9991E-05 0.530906 0.0589641 0.0661455 0.138297 0.00836622 0.053415 0.0405613 0.0962533 0.00699184
0.209983 9.9982E-05 0.139195 0.0271676 0.0225089 0.0047136 9.9982E-05 0.268155 0.0352003 0.292877
0.0643719 0.47862 0.0794475 0.00833136 0.0340662 0.0173136 0.0629039 0.0314017 0.156838 0.0667058
0.0203045 0.497783 0.0368254 9.9991E-05 0.0452871 0.0788723 0.061339 0.119153 0.0290252 0.111311
0.170736 0.293431 9.9955E-05 9.9955E-05 9.9955E-05 9.9955E-05 0.0588713 0.167526 9.9955E-05 0.308937
0.193653 0.423208 9.9955E-05 9.9955E-05 9.9955E-05 9.9955E-05 9.9955E-05 0.135219 0.0776882 0.169733
0.175685 0.46981 0.0850284 9.9982E-05 0.0987992 0.0322241 0.010692 0.0415013 0.0860608 9.9982E-05
9.9991E-05 0.432283 0.141276 0.0748014 0.0285422 0.0399741 0.0580218 0.0405841 0.0893449 0.0950727
9.9991E-05 0.119638 0.253813 0.0488817 0.180278 0.0666262 0.0204779 0.00391344 0.0325621 0.27371
9.9955E-05 9.9955E-05 0.129537 0.089388 0.37785 0.0395186 9.9955E-05 9.9955E-05 9.9955E-05 0.363206
9.9964E-05 9.9964E-05 0.116599 0.0749242 0.338687 0.0234116 9.9964E-05 9.9964E-05 0.00586087 0.440118
9.9973E-05 0.103905 0.263718 0.0619026 0.301986 0.0219018 0.0374007 9.9973E-05 9.9973E-05 0.208887
9.9955E-05 0.648924 9.9955E-05 9.9955E-05 9.9955E-05 9.9955E-05 0.0284667 0.0301083 0.0583688 0.233632
0.0585795 0.549163 0.0180653 9.9973E-05 0.0616374 0.039223 9.9973E-05 0.0675771 0.205455 9.9973E-05
0.0633984 0.227703 0.697196 9.9946E-05 9.9946E-05 0.0111021 9.9946E-05 9.9946E-05 9.9946E-05 9.9946E-05
0.0854972 0.365267 0.371451 9.9973E-05 0.0453108 0.0144062 9.9973E-05 0.106525 0.0112433 9.9973E-05
9.9991E-05 0.35023 0.342742 0.0641987 0.0294849 0.0734468 0.0504303 0.0246494 0.0532468 0.0114711
9.9964E-05 0.296403 9.9964E-05 0.0414856 9.9964E-05 9.9964E-05 0.0145894 0.155958 0.131718 0.359446
9.9973E-05 0.54161 9.9973E-05 0.0403159 0.0171202 9.9973E-05 0.0749922 0.0716369 0.111389 0.142635
0.113704 0.198275 9.9955E-05 9.9955E-05 9.9955E-05 9.9955E-05 9.9955E-05 0.0332859 0.123553 0.530682
9.9955E-05 0.580743 9.9955E-05 0.0339178 9.9955E-05 9.9955E-05 9.9955E-05 0.111092 0.0306394 0.243109
0.0755962 0.379135 9.9982E-05 0.0904689 9.9982E-05 0.0116637 0.0175791 0.222803 0.0944124 0.108141
9.9973E-05 0.568774 0.02184 0.0569237 9.9973E-05 9.9973E-05 0.0146702 0.0710059 0.068648 0.197838
0.0837034 0.171061 9.9982E-05 0.0183066 9.9982E-05 0.0119174 0.030187 0.176173 0.134837 0.373614
9.9964E-05 0.686467 0.0740587 9.9964E-05 9.9964E-05 9.9964E-05 0.0489491 0.155912 0.00705534 0.0271573
9.99752E-05 0.371785 0.117438 9.99752E-05 9.99752E-05 0.00756569 0.0887494 0.160862 0.0319431 0.221357
0.157747 0.476671 0.155205 0.0224213 0.0616634 0.0463558 0.012338 9.9982E-05 9.9982E-05 0.0673988
9.9937E-05 0.0202812 0.954544 9.9937E-05 9.9937E-05 9.9937E-05 9.9937E-05 0.024475 9.9937E-05 9.9937E-05
0.00875266 0.0738216 0.894107 9.9946E-05 9.9946E-05 9.9946E-05 9.9946E-05 9.9946E-05 0.0227192 9.9946E-05
0.0995386 0.249198 0.514355 9.9964E-05 0.0788647 0.0309858 9.9964E-05 0.0266583 9.9964E-05 9.9964E-05
9.9964E-05 0.317612 0.637221 0.00715433 9.9964E-05 0.0227127 0.00634464 9.9964E-05 0.00855596 9.9964E-05
9.9946E-05 0.215691 0.738488 0.039967 0.005254 9.9946E-05 9.9946E-05 9.9946E-05 9.9946E-05 9.9946E-05
9.9937E-05 9.9937E-05 0.97649 0.0218189 9.9937E-05 0.000991371 9.9937E-05 9.9937E-05 9.9937E-05 9.9937E-05
0.00596553 9.9946E-05 0.951919 9.9946E-05 9.9946E-05 0.00203954 9.9946E-05 9.9946E-05 0.0394767 9.9946E-05
9.9928E-05 0.0927868 0.906414 9.9928E-05 9.9928E-05 9.9928E-05 9.9928E-05 9.9928E-05 9.9928E-05 9.9928E-05
0.0511462 9.9928E-05 0.948054 9.9928E-05 9.9928E-05 9.9928E-05 9.9928E-05 9.9928E-05 9.9928E-05 9.9928E-05
9.9937E-05 9.9937E-05 0.969584 9.9937E-05 9.9937E-05 0.00299673 9.9937E-05 9.9937E-05 0.0267198 9.9937E-05
9.9928E-05 9.9928E-05 0.970744 9.9928E-05 9.9928E-05 0.0284564 9.9928E-05 9.9928E-05 9.9928E-05 9.9928E-05
0.0763715 0.140961 0.723876 9.9955E-05 9.9955E-05 0.0544141 9.9955E-05 0.00387803 9.9955E-05 9.9955E-05
9.9946E-05 0.102221 0.803944 9.9946E-05 0.0292681 9.9946E-05 0.0639672 9.9946E-05 9.9946E-05 9.9946E-05
9.9937E-05 9.9937E-05 0.960081 9.9937E-05 9.9937E-05 0.0224557 0.016764 9.9937E-05 9.9937E-05 9.9937E-05
0.0366229 0.301765 0.365657 0.0240824 0.0527187 9.9982E-05 0.0658268 0.150948 9.9982E-05 0.00217923
0.0170744 0.198435 0.682529 9.9955E-05 9.9955E-05 0.0181845 0.0832773 9.9955E-05 9.9955E-05 9.9955E-05
9.9964E-05 0.201997 0.709723 9.9964E-05 0.029516 0.0219823 0.0156512 0.020731 9.9964E-05 9.9964E-05
0.10479 9.9946E-05 0.867438 0.0083889 9.9946E-05 0.0187832 9.9946E-05 9.9946E-05 9.9946E-05 9.9946E-05
9.9946E-05 0.0158319 0.965516 9.9946E-05 0.00222993 9.9946E-05 0.0158228 9.9946E-05 9.9946E-05 9.9946E-05
9.9946E-05 0.0900568 0.856978 0.0511617 9.9946E-05 9.9946E-05 0.00120373 9.9946E-05 9.9946E-05 9.9946E-05
9.9937E-05 9.9937E-05 0.948814 0.0251233 9.9937E-05 0.0253636 9.9937E-05 9.9937E-05 9.9937E-05 9.9937E-05
9.9955E-05 0.203531 0.645016 0.0839319 9.9955E-05 9.9955E-05 0.00188529 0.0651362 9.9955E-05 9.9955E-05
0.0576637 9.9955E-05 0.891288 9.9955E-05 0.00988621 9.9955E-05 0.0146573 9.9955E-05 0.0260048 9.9955E-05
9.9955E-05 9.9955E-05 0.0165455 0.113196 0.260798 9.9955E-05 9.9955E-05 9.9955E-05 0.0546275 0.554332
0.11397 0.290276 0.133174 0.0161309 0.0653922 0.0399177 0.116567 0.0768569 0.00454002 0.143176
9.9973E-05 0.378687 0.0370623 0.131716 0.10689 9.9973E-05 0.0513718 0.0698585 9.9973E-05 0.224115
9.9982E-05 0.13558 0.122069 0.0754744 0.0774752 0.0328104 0.0526378 9.9982E-05 0.0119467 0.491806
9.9982E-05 0.370425 0.234656 0.061156 0.019125 9.9982E-05 0.0504745 0.0509358 0.00353413 0.209494
9.9973E-05 0.125089 0.0917561 0.149301 0.125494 0.0595666 9.9973E-05 0.121419 9.9973E-05 0.327075
0.0504767 0.449848 9.9982E-05 0.190395 0.0556295 0.022587 0.0351945 9.9982E-05 0.098746 0.0969231
9.9955E-05 0.382122 0.110066 0.0618319 0.0602339 9.9955E-05 9.9955E-05 9.9955E-05 9.9955E-05 0.385246
9.9964E-05 0.413904 0.0928699 0.165629 9.9964E-05 0.0405629 9.9964E-05 9.9964E-05 0.128798 0.157837
9.9964E-05 0.353013 0.128635 0.0362996 0.145091 0.0576362 9.9964E-05 9.9964E-05 9.9964E-05 0.278925
0.0131568 0.462557 0.0940232 0.0197682 0.0335942 0.0971788 0.0294629 9.9991E-05 0.105809 0.14435
0.154863 0.407164 0.0730161 0.069797 0.046314 9.9973E-05 0.0558085 9.9973E-05 9.9973E-05 0.192738
9.9955E-05 0.0719816 9.9955E-05 0.0577252 0.763723 9.9955E-05 0.0832119 9.9955E-05 9.9955E-05 0.0228583
0.0192424 9.9955E-05 0.0130088 9.9955E-05 0.850405 0.0762424 9.9955E-05 9.9955E-05 0.040602 9.9955E-05
0.0201199 0.0119078 9.9946E-05 9.9946E-05 0.946887 0.0204852 9.9946E-05 9.9946E-05 9.9946E-05 9.9946E-05
9.9964E-05 0.0199808 9.9964E-05 0.0385874 0.862765 0.00743732 0.0228779 9.9964E-05 9.9964E-05 0.0479511
0.0601722 9.9964E-05 9.9964E-05 0.0155235 0.725765 0.127224 0.0500181 9.9964E-05 9.9964E-05 0.0208967
9.9955E-05 9.9955E-05 0.050583 0.0574949 0.786766 0.0497949 9.9955E-05 9.9955E-05 0.0548612 9.9955E-05
9.9955E-05 9.9955E-05 0.0556391 0.112138 0.735927 0.0886392 0.00715681 9.9955E-05 9.9955E-05 9.9955E-05
9.9973E-05 0.00495141 9.9973E-05 0.0951053 0.761192 0.0401406 0.037572 9.9973E-05 0.060268 0.000470307
0.0554587 9.9946E-05 9.9946E-05 0.0474579 0.83419 0.0622935 9.9946E-05 9.9946E-05 9.9946E-05 9.9946E-05
0.00403013 0.0207383 0.0666009 9.9973E-05 0.835745 0.0316112 0.00869733 9.9973E-05 9.9973E-05 0.0322775
0.143543 9.9973E-05 9.9973E-05 0.0618161 0.536797 0.0208286 0.119595 0.0633266 0.0537944 9.9973E-05
0.142538 9.9964E-05 9.9964E-05 0.0760008 0.480506 0.0257314 0.204543 0.0702809 9.9964E-05 9.9964E-05
0.162441 9.9973E-05 9.9973E-05 9.9973E-05 0.503375 0.0239658 0.164488 0.0292861 0.0353141 0.080831
0.316334 9.9964E-05 9.9964E-05 0.197916 0.353441 9.9964E-05 0.0651874 0.0524067 9.9964E-05 0.0143151
0.0464845 0.467529 9.9973E-05 0.118422 9.9973E-05 0.00371208 0.0392347 0.277697 0.0466207 9.9973E-05
0.120041 0.489299 0.0180174 9.9973E-05 0.0683483 9.9973E-05 0.00290625 0.207121 0.0939676 9.9973E-05
0.104439 0.519639 9.9982E-05 9.9982E-05 0.0390649 0.00762531 0.0854259 0.17304 0.0454715 0.0250942
0.0914825 0.421123 0.104143 0.0543594 0.02491 9.9982E-05 0.0943193 0.0317319 0.177731 9.9982E-05
0.276486 0.347984 9.9973E-05 9.9973E-05 0.00879353 0.0193112 0.108364 0.171373 0.0673879 9.9973E-05
0.453784 0.103715 0.0449104 9.9964E-05 9.9964E-05 9.9964E-05 0.265179 0.106579 0.0254317 9.9964E-05
0.0204598 0.51059 0.0525539 9.9982E-05 0.0330408 0.0164314 0.012634 0.248713 0.105377 9.9982E-05
0.102585 0.511943 0.0111915 9.9973E-05 9.9973E-05 0.00468659 0.0186312 0.333527 0.017136 9.9973E-05
9.9946E-05 0.514414 9.9946E-05 9.9946E-05 9.9946E-05 9.9946E-05 0.0708688 0.355732 9.9946E-05 0.0583848
9.9955E-05 0.349926 0.0242792 9.9955E-05 9.9955E-05 9.9955E-05 9.9955E-05 0.486444 0.0949835 0.0438678
0.00700559 0.612399 0.0508636 0.00293299 0.00066675 9.9982E-05 0.0694787 0.181983 0.0744697 9.9982E-05
0.102293 0.374787 0.0106736 9.9973E-05 9.9973E-05 0.0277093 0.0624762 0.396355 0.0254048 9.9973E-05
9.9946E-05 9.9946E-05 9.9946E-05 9.9946E-05 9.9946E-05 0.00373055 0.069535 0.724673 0.201461 9.9946E-05
0.17721 0.425503 0.0488215 0.0362172 0.0267684 9.9991E-05 0.0444581 0.192756 0.0283006 0.0198656
0.0285861 0.175872 0.0380479 9.9973E-05 9.9973E-05 9.9973E-05 0.0188308 0.57077 0.0715317 0.0960611
9.9964E-05 0.495584 9.9964E-05 0.0332121 0.0264433 0.0010173 9.9964E-05 0.426788 9.9964E-05 0.0165557
0.140288 0.0346422 9.9955E-05 9.9955E-05 0.0617945 9.9955E-05 0.068966 0.693809 9.9955E-05 9.9955E-05
9.9955E-05 9.9955E-05 0.0211527 0.106137 9.9955E-05 9.9955E-05 0.77995 0.0325383 9.9955E-05 0.0597222
9.9964E-05 0.0927583 9.9964E-05 0.062638 0.00569674 9.9964E-05 0.785482 9.9964E-05 0.00255889 0.0504657
9.9955E-05 0.00494383 9.9955E-05 0.0540191 9.9955E-05 9.9955E-05 0.855341 9.9955E-05 0.0630232 0.0221727
9.9946E-05 9.9946E-05 9.9946E-05 0.0719384 9.9946E-05 9.9946E-05 0.814744 0.056778 0.0559403 9.9946E-05
9.9964E-05 0.0470957 0.0231641 0.0157585 9.9964E-05 9.9964E-05 0.766684 0.0370243 9.9964E-05 0.109873
9.9955E-05 0.106846 0.0267217 9.9955E-05 9.9955E-05 9.9955E-05 0.793474 9.9955E-05 0.0705959 0.00186229
9.9955E-05 0.0701401 0.0179735 9.9955E-05 0.838684 0.0668444 0.00585785 9.9955E-05 9.9955E-05 9.9955E-05
0.0748682 0.0423277 0.0345523 0.0610876 0.786665 9.9955E-05 9.9955E-05 9.9955E-05 9.9955E-05 9.9955E-05
0.00280595 0.12633 0.0856101 9.9955E-05 0.749059 0.035695 9.9955E-05 9.9955E-05 9.9955E-05 9.9955E-05
0.0952344 0.0519651 0.0650186 0.00953208 0.757148 0.0207024 9.9964E-05 9.9964E-05 9.9964E-05 9.9964E-05
0.00730112 0.0926138 0.046654 0.0541124 0.774502 0.0148704 9.9973E-05 9.9973E-05 9.9973E-05 0.00964607
9.9964E-05 9.9964E-05 9.9964E-05 0.101264 0.254149 0.022877 0.485465 0.0223779 9.9964E-05 0.113468
9.9955E-05 9.9955E-05 9.9955E-05 0.171273 0.335182 9.9955E-05 0.333708 0.147851 0.0114865 9.9955E-05
9.9964E-05 9.9964E-05 9.9964E-05 0.1293 0.300444 0.0267226 0.367098 0.0250385 0.150997 9.9964E-05
9.99201E-05 9.99201E-05 9.99201E-05 9.99201E-05 9.99201E-05 0.999101 9.99201E-05 9.99201E-05 9.99201E-05 9.99201E-05
9.9964E-05 9.9964E-05 9.9964E-05 0.0873761 0.27087 0.03224 0.46731 0.0400752 0.10173 9.9964E-05
9.9955E-05 0.255892 0.365976 9.9955E-05 0.172261 9.9955E-05 9.9955E-05 9.9955E-05 0.0471895 0.158182
0.105639 0.48648 0.239454 0.139215 9.9955E-05 9.9955E-05 0.0287124 9.9955E-05 9.9955E-05 9.9955E-05
9.9946E-05 0.513449 0.248131 9.9946E-05 0.205501 0.0323199 9.9946E-05 9.9946E-05 9.9946E-05 9.9946E-05
9.9973E-05 0.331035 0.187305 0.0789564 0.220983 9.9973E-05 0.00902913 0.0264784 9.9973E-05 0.145913
0.0818898 0.359552 0.187194 0.170046 0.036543 9.9973E-05 9.9973E-05 0.116862 9.9973E-05 0.0476127
9.9946E-05 9.9946E-05 0.303726 0.0292454 0.427366 9.9946E-05 9.9946E-05 9.9946E-05 9.9946E-05 0.239064
0.351083 0.432099 9.9982E-05 0.0274552 0.0114282 9.9982E-05 0.116166 0.00322887 0.0392231 0.0191165
0.0672687 0.358704 9.9973E-05 9.9973E-05 0.00205092 9.9973E-05 0.135875 0.117638 0.235988 0.0821763
0.539636 0.17935 9.9964E-05 0.0699538 0.0206474 0.0261398 0.163873 9.9964E-05 9.9964E-05 9.9964E-05
0.0863937 0.423424 9.9973E-05 0.0113459 9.9973E-05 9.9973E-05 0.148428 0.0293722 0.291206 0.00952969
0.20471 9.9955E-05 9.9955E-05 9.9955E-05 9.9955E-05 9.9955E-05 0.0363298 0.141644 0.343032 0.273784
0.285586 0.462416 9.9973E-05 9.9973E-05 0.065677 0.0371966 9.9973E-05 0.0499688 0.0329934 0.0658621
0.128411 0.376854 0.00693602 0.0197126 0.0503355 9.9991E-05 0.0945072 0.0883001 0.200432 0.0344118
0.493989 0.270039 9.9964E-05 0.0582824 9.9964E-05 0.0263068 0.13302 0.0179631 9.9964E-05 9.9964E-05
0.161311 0.476897 0.034072 0.109038 0.0542147 9.9982E-05 0.00138731 0.162131 0.000749911 9.9982E-05
0.525698 0.0512444 9.9964E-05 9.9964E-05 9.9964E-05 9.9964E-05 0.0104923 0.104625 0.114143 0.193398
0.0706796 0.496061 9.9982E-05 0.0349349 0.0215865 9.9982E-05 0.0889307 0.0399508 0.242033 0.00562374
0.280568 0.514445 9.9946E-05 9.9946E-05 9.9946E-05 0.032319 0.172068 9.9946E-05 9.9946E-05 9.9946E-05
0.0617502 0.266781 0.256104 0.0651849 0.0972777 9.9982E-05 0.0428333 0.14596 0.0639095 9.9982E-05
0.32007 0.291569 0.0368363 9.9973E-05 9.9973E-05 9.9973E-05 0.0905625 0.0446879 0.194865 0.0211096
0.258278 0.405671 9.9973E-05 9.9973E-05 0.0564495 9.9973E-05 0.079108 0.0682456 0.0887817 0.0431668
0.176051 0.489761 0.0494101 9.9964E-05 0.00159956 9.9964E-05 9.9964E-05 9.9964E-05 0.236758 0.0460201
0.0712602 0.482666 0.00190373 0.0932066 0.0255698 9.9982E-05 0.0715396 0.117593 0.136061 9.9982E-05
0.0667751 0.627491 0.0816532 9.9964E-05 9.9964E-05 0.0167594 0.0634954 0.143427 9.9964E-05 9.9964E-05
0.16439 0.533324 0.0681357 0.00173689 0.078861 9.9973E-05 0.0486067 0.104646 9.9973E-05 9.9973E-05
0.0247777 0.391121 0.14732 0.0112901 0.081689 0.0113109 0.156696 0.16094 9.9991E-05 0.0147558
9.9955E-05 0.125601 0.0914778 9.9955E-05 0.778514 0.00206246 0.00184481 9.9955E-05 9.9955E-05 9.9955E-05
9.9955E-05 0.097371 9.9955E-05 0.0155355 0.820348 0.0150326 9.9955E-05 9.9955E-05 0.0512129 9.9955E-05
9.9955E-05 0.0706968 0.00584462 9.9955E-05 0.768215 9.9955E-05 0.0808127 9.9955E-05 9.9955E-05 0.0739312
9.9982E-05 0.0321653 0.0552663 0.00522072 0.771269 0.0306016 0.0189223 0.040616 0.0457387 9.9982E-05
9.9946E-05 0.133297 9.9946E-05 0.00688296 0.799952 0.0592687 9.9946E-05 9.9946E-05 9.9946E-05 9.9946E-05
0.734596 0.0895354 9.9955E-05 9.9955E-05 0.0289006 9.9955E-05 0.113323 9.9955E-05 9.9955E-05 0.0331455
0.204233 0.380033 0.0502391 9.9991E-05 0.0130212 0.0487206 0.0216057 0.0352102 0.154824 0.0920128
9.9982E-05 0.403379 0.110231 0.0810651 0.0698534 0.00691639 0.0783137 9.9982E-05 0.120784 0.129258
0.20915 0.604072 0.0511913 0.00348175 9.9973E-05 0.0607194 0.013507 9.9973E-05 0.0575787 9.9973E-05
0.172958 0.502987 0.0334972 9.9982E-05 0.0431229 0.00315254 0.118545 0.100839 0.0246976 9.9982E-05
0.28549 0.157946 0.0672396 9.9973E-05 9.9973E-05 0.00450703 0.143767 9.9973E-05 0.205436 0.135314
0.421048 9.9973E-05 9.9973E-05 9.9973E-05 0.104697 0.0111537 0.20927 0.0967081 0.0136304 0.143192
0.13483 0.488167 9.9973E-05 9.9973E-05 9.9973E-05 0.0229944 0.199023 0.0886053 0.0416377 0.0244428
0.356313 0.0818894 9.9973E-05 0.025286 0.0583256 0.0432486 0.253427 9.9973E-05 0.18121 9.9973E-05
0.176499 0.286358 0.0690831 0.00214629 9.9991E-05 0.0567921 0.013732 0.170065 0.176942 0.0482825
0.537626 9.9964E-05 0.0403481 9.9964E-05 0.156919 9.9964E-05 0.132405 0.0467361 0.0855654 9.9964E-05
0.137312 0.620673 0.026119 0.0283485 0.0546941 0.0359551 0.0965981 9.9973E-05 9.9973E-05 9.9973E-05
0.556424 0.131731 9.9982E-05 0.0720208 0.0339686 0.0327431 0.0946591 0.0472002 9.9982E-05 0.0310532
0.0923346 0.450665 0.107559 9.9982E-05 0.0522581 0.0452837 0.0717878 0.102249 9.9982E-05 0.077662
0.305888 0.270473 0.0690693 9.9991E-05 0.0168254 0.0216667 0.12293 0.0912935 0.0515735 0.0501806
0.227675 0.368161 0.0551796 9.9982E-05 0.0472193 9.9982E-05 0.0240451 0.0464318 0.11863 0.112458
0.0449352 0.316497 9.9964E-05 0.0055503 9.9964E-05 9.9964E-05 0.100457 9.9964E-05 0.0828363 0.449324
0.046548 0.582959 9.9964E-05 0.0428144 9.9964E-05 9.9964E-05 0.034578 0.0450189 9.9964E-05 0.247682
0.0456282 0.556103 0.0168243 9.9973E-05 0.0495845 0.0741784 0.0382444 9.9973E-05 9.9973E-05 0.219138
0.0679834 0.377317 9.9964E-05 9.9964E-05 9.9964E-05 9.9964E-05 0.0538961 0.00352088 0.0949046 0.401978
9.9982E-05 0.596953 0.0511378 0.051057 0.125592 9.9982E-05 0.00961368 0.0498116 0.0332981 0.0823367
9.9991E-05 0.488565 0.130947 0.0109306 0.0144598 0.0292373 0.0780966 0.0510057 0.0598759 0.136781
9.9973E-05 0.511713 9.9973E-05 9.9973E-05 0.00927052 0.0249493 0.111453 0.0285266 0.124129 0.189659
0.0231993 0.10849 9.9964E-05 9.9964E-05 9.9964E-05 9.9964E-05 0.0799286 0.127947 0.146646 0.51339
9.9955E-05 0.251198 9.9955E-05 9.9955E-05 9.9955E-05 9.9955E-05 0.0683086 0.099269 0.0400754 0.540649
9.9964E-05 0.50906 9.9964E-05 9.9964E-05 9.9964E-05 0.016051 0.127414 0.00738943 0.0904989 0.249187
9.9964E-05 0.165305 9.9964E-05 0.0268869 9.9964E-05 9.9964E-05 0.107349 0.213956 0.0763765 0.409727
0.129987 0.430213 9.9955E-05 9.9955E-05 9.9955E-05 9.9955E-05 0.0255611 0.130116 9.9955E-05 0.283623
0.538868 0.00558186 0.0375197 9.9973E-05 0.00791889 9.9973E-05 0.223853 0.17194 9.9973E-05 0.0140179
0.279031 0.212787 0.0022668 9.9973E-05 9.9973E-05 9.9973E-05 0.171661 0.0232333 0.298391 0.01233
0.354747 0.319271 9.9973E-05 9.9973E-05 0.0377416 0.00231944 0.1616 0.0581698 0.0658506 9.9973E-05
0.152492 0.525755 0.088942 9.9964E-05 9.9964E-05 0.0277758 0.170681 9.9964E-05 0.0339552 9.9964E-05
0.405172 0.16276 9.9946E-05 9.9946E-05 9.9946E-05 9.9946E-05 0.245741 0.185728 9.9946E-05 9.9946E-05
0.0438865 0.374012 0.0210388 0.109722 0.0583489 0.0432869 0.0937407 0.0651671 0.190697 9.9991E-05
0.0838428 0.510412 0.069297 9.9973E-05 9.9973E-05 0.0748405 0.0888455 0.0847152 9.9973E-05 0.0877475
0.329203 0.284527 0.142762 9.9973E-05 9.9973E-05 0.0148821 0.127822 0.0593785 9.9973E-05 0.0411266
0.234652 0.461955 0.0880888 0.0335952 9.9982E-05 0.0231628 0.0493133 0.105756 0.00327663 9.9982E-05
0.268737 0.387288 0.0411096 9.9964E-05 0.0442177 9.9964E-05 0.172807 0.0854417 9.9964E-05 9.9964E-05
0.482979 0.0864708 0.113615 9.9964E-05 9.9964E-05 0.00697459 0.181887 0.127673 9.9964E-05 9.9964E-05
0.294211 0.294275 0.061023 9.9973E-05 9.9973E-05 9.9973E-05 0.243454 0.0669176 0.0357179 0.00410123
0.157252 0.576452 0.0128271 9.9964E-05 9.9964E-05 9.9964E-05 0.100838 9.9964E-05 0.142306 0.00992437
0.297421 0.559329 0.0277214 9.9964E-05 9.9964E-05 0.042705 0.0479874 9.9964E-05 9.9964E-05 0.0244364
0.0947346 0.428496 9.9973E-05 9.9973E-05 0.0518257 9.9973E-05 0.175022 0.0358486 0.191806 0.0219674
0.0638501 0.489691 0.0726603 0.00304229 9.9964E-05 9.9964E-05 0.231855 9.9964E-05 0.138501 9.9964E-05
0.243802 0.341125 0.0687702 9.9964E-05 9.9964E-05 0.0268301 0.207538 9.9964E-05 9.9964E-05 0.111535
0.171088 0.626057 9.9964E-05 9.9964E-05 0.0458106 0.00358029 0.0175189 0.135545 9.9964E-05 9.9964E-05
0.200094 0.536544 9.9973E-05 0.021859 0.0651233 9.9973E-05 0.141711 0.0168043 0.0175641 9.9973E-05
0.0748039 0.547802 0.0859971 9.9973E-05 0.0233411 9.9973E-05 0.136252 9.9973E-05 0.0281063 0.103397
0.121171 0.334202 0.107468 0.0928961 0.293731 0.0105989 9.9973E-05 9.9973E-05 9.9973E-05 0.0396328
9.9964E-05 0.361844 0.239587 9.9964E-05 0.122515 0.0230416 9.9964E-05 0.111276 0.141336 9.9964E-05
0.0147706 0.45807 0.116079 0.189659 9.9991E-05 0.0314301 0.0163915 0.0781518 0.0533989 0.0419488
0.192537 0.460609 0.118528 0.0370279 9.9973E-05 0.0548062 0.0127193 9.9973E-05 0.123473 9.9973E-05
0.0567702 0.439841 0.136289 0.00829238 0.196263 0.0161657 9.9982E-05 0.035283 0.110895 9.9982E-05
0.335551 0.399707 9.9946E-05 9.9946E-05 9.9946E-05 9.9946E-05 9.9946E-05 9.9946E-05 0.123568 0.140574
0.0563748 0.520384 0.0858326 0.0190702 0.14795 9.9982E-05 9.9982E-05 0.142524 0.0150716 0.0125928
0.0958895 9.9964E-05 0.128486 9.9964E-05 0.214372 9.9964E-05 9.9964E-05 0.133613 0.0230343 0.404204
0.131748 0.497285 0.153458 9.9964E-05 0.109125 9.9964E-05 0.0236614 9.9964E-05 9.9964E-05 0.0843227
0.0918074 0.523462 0.135827 0.0124096 0.124834 9.9964E-05 9.9964E-05 9.9964E-05 0.111259 9.9964E-05
0.107244 0.431769 0.222629 0.0726901 9.9973E-05 0.0230706 9.9973E-05 0.0789599 0.0633379 9.9973E-05
0.154593 0.220011 0.135151 0.0851186 0.0291504 0.0803115 0.0134838 0.0400163 0.0204974 0.221667
0.11178 0.47072 0.110364 0.0901343 0.127813 9.9964E-05 9.9964E-05 9.9964E-05 9.9964E-05 0.0887891
9.9973E-05 0.412937 0.210145 0.00906927 0.129742 0.0524337 9.9973E-05 9.9973E-05 0.122295 0.063078
9.9964E-05 9.9964E-05 0.146013 0.0281675 0.411817 0.0257835 9.9964E-05 0.0152354 9.9964E-05 0.372584
0.0651445 0.44627 0.177341 9.9991E-05 0.105013 0.124652 0.00194422 0.0253089 0.0507775 0.00344785
0.0831623 0.486026 0.181257 0.0155449 0.112655 9.9964E-05 9.9964E-05 9.9964E-05 9.9964E-05 0.120954
0.115422 0.452525 0.168695 0.0274685 0.00537936 0.0148625 9.9991E-05 0.133159 0.0559559 0.0264327
9.9964E-05 0.45728 0.229047 9.9964E-05 0.21071 0.0356773 9.9964E-05 9.9964E-05 0.0294806 0.0374055
0.0254154 0.471723 0.128328 0.0871724 0.0403709 0.0627475 0.0883698 0.05539 0.0403831 9.9991E-05
9.9964E-05 0.354132 0.0838607 9.9964E-05 9.9964E-05 0.0524369 0.0486142 0.0923983 0.368158 9.9964E-05
0.0404384 0.41153 0.0878658 0.00437145 0.0267493 0.0274896 0.038952 0.119854 0.231148 0.0116019
0.199898 9.9937E-05 9.9937E-05 9.9937E-05 9.9937E-05 9.9937E-05 9.9937E-05 0.000887395 0.798515 9.9937E-05
0.0909383 0.287436 0.0768073 0.0086284 0.0782345 0.00296398 0.0450483 0.0548031 0.35504 9.9991E-05
0.0282923 0.512653 0.0437409 9.9973E-05 0.105488 0.00814945 9.9973E-05 0.123013 0.178363 9.9973E-05
0.0078245 9.9955E-05 9.9955E-05 9.9955E-05 9.9955E-05 9.9955E-05 0.0466317 0.0321106 0.901795 0.011138
0.08137 0.431824 0.0491236 0.0137029 9.9973E-05 0.0566762 9.9973E-05 0.0130914 0.353912 9.9973E-05
9.9955E-05 0.33211 0.317921 9.9955E-05 0.150999 9.9955E-05 9.9955E-05 9.9955E-05 0.0859045 0.112566
9.9973E-05 0.229227 0.3266 0.0954744 0.0371098 0.0322034 9.9973E-05 0.00784134 0.271243 9.9973E-05
0.0437099 0.0188042 0.357048 0.139186 0.0641725 9.9982E-05 9.9982E-05 0.0436929 0.18148 0.151707
9.9964E-05 0.355798 0.191537 9.9964E-05 0.194947 0.025855 9.9964E-05 9.9964E-05 0.185552 0.0459111
9.9955E-05 0.486919 0.0706028 9.9955E-05 0.21029 0.0350219 9.9955E-05 9.9955E-05 0.196667 9.9955E-05
9.9973E-05 0.102913 0.0222295 0.0611589 0.0521992 0.0265274 9.9973E-05 9.9973E-05 0.689976 0.0446954
9.9964E-05 0.0783495 0.0626767 9.9964E-05 0.109472 0.0506377 9.9964E-05 9.9964E-05 0.64842 0.0500435
9.9964E-05 0.44968 0.099775 0.0693306 9.9964E-05 9.9964E-05 0.0210171 0.0103776 0.34942 9.9964E-05
9.9946E-05 0.361404 0.0918158 0.122057 9.9946E-05 9.9946E-05 9.9946E-05 9.9946E-05 0.424123 9.9946E-05
9.9955E-05 0.0984421 0.107673 9.9955E-05 0.0476281 0.0203715 9.9955E-05 9.9955E-05 0.725386 9.9955E-05
9.9973E-05 0.49458 0.0183018 0.00444004 0.119608 0.000925463 9.9973E-05 0.0428456 0.318999 9.9973E-05
9.9955E-05 0.437135 0.112014 0.0634946 9.9955E-05 9.9955E-05 0.020043 9.9955E-05 0.366814 9.9955E-05
0.0988928 0.357895 0.177187 0.00702249 0.0339214 9.9991E-05 0.000965713 0.0999778 0.132001 0.0920363
0.0737712 0.244244 9.9973E-05 0.0256689 9.9973E-05 0.0144907 0.00164171 0.0894436 0.55044 9.9973E-05
0.0557877 0.330632 0.0151868 0.0473223 0.0249549 0.0176485 0.0047353 0.0226456 0.480987 9.9991E-05
0.0377682 0.534282 9.9964E-05 0.0777892 9.9964E-05 9.9964E-05 9.9964E-05 0.0516274 0.271683 0.0264495
0.0300391 0.279351 0.0798049 9.9982E-05 9.9982E-05 0.00793671 0.0979595 0.0765592 0.358135 0.0700147
9.9964E-05 0.467261 9.9964E-05 9.9964E-05 0.144185 0.0238662 0.0413797 0.138342 0.184566 9.9964E-05
0.0521962 0.354813 0.134796 0.058665 0.0108546 9.9982E-05 9.9982E-05 0.13074 0.153103 0.104632
0.0248112 0.438677 9.9946E-05 9.9946E-05 9.9946E-05 9.9946E-05 9.9946E-05 9.9946E-05 0.413482 0.12243
9.9946E-05 0.201001 9.9946E-05 0.00279006 9.9946E-05 9.9946E-05 0.12037 9.9946E-05 0.675239 9.9946E-05
9.9955E-05 0.513503 0.00269173 0.0529712 9.9955E-05 0.0138676 9.9955E-05 9.9955E-05 0.416467 9.9955E-05
0.0554507 0.479309 0.00598275 0.111463 0.0379438 0.00757771 9.9991E-05 0.0181696 0.278942 0.00506168
0.0399457 0.171298 9.9946E-05 9.9946E-05 9.9946E-05 9.9946E-05 9.9946E-05 0.0765499 0.711607 9.9946E-05
