9.9955E-05 0.0291772 0.836317 9.9955E-05 9.9955E-05 0.060519 9.9955E-05 9.9955E-05 0.0734866
9.9973E-05 0.0365095 0.884608 9.9973E-05 0.00624995 0.00668348 0.0582968 9.9973E-05 0.00735205
9.9955E-05 9.9955E-05 0.752879 0.163077 9.9955E-05 0.0250255 9.9955E-05 9.9955E-05 0.0585189
9.9955E-05 0.0498349 0.769998 0.0605308 9.9955E-05 0.119136 9.9955E-05 9.9955E-05 9.9955E-05
9.9964E-05 0.0322321 0.831037 0.0553412 9.9964E-05 0.00910145 0.0718881 9.9964E-05 9.9964E-05
0.300134 0.0613727 0.555557 0.0147636 0.0142161 0.0239836 9.9982E-05 0.0297731 9.9982E-05
0.15857 9.99461E-05 0.797403 9.99461E-05 9.99461E-05 9.99461E-05 9.99461E-05 0.0434275 9.99461E-05
0.230284 0.0115269 0.732932 9.9964E-05 9.9964E-05 0.0127054 9.9964E-05 0.012152 9.9964E-05
9.99549E-05 9.99549E-05 0.794187 9.99549E-05 0.106029 0.0496767 9.99549E-05 9.99549E-05 0.0496069
0.169762 0.0584999 0.704353 0.0405849 9.9973E-05 0.0145203 0.0119795 9.9973E-05 9.9973E-05
0.248055 9.9946E-05 0.695125 9.9946E-05 9.9946E-05 0.0562202 9.9946E-05 9.9946E-05 9.9946E-05
9.9973E-05 0.0504663 0.01238 0.076394 0.0668075 0.0208495 9.9973E-05 0.772803 9.9973E-05
9.9955E-05 0.0214151 9.9955E-05 0.464601 9.9955E-05 9.9955E-05 9.9955E-05 0.478871 0.034613
9.9973E-05 0.0199437 0.0741328 0.0415023 9.9973E-05 9.9973E-05 0.0611631 0.770756 0.0322022
9.9964E-05 0.0772089 0.0454638 0.173809 9.9964E-05 9.9964E-05 9.9964E-05 0.625743 0.0773756
0.063606 0.147536 0.0695413 0.353853 9.9973E-05 9.9973E-05 9.9973E-05 0.347391 0.0177724
0.0102381 0.0927302 9.9982E-05 0.447013 0.101159 9.9982E-05 0.00827905 0.33923 0.00115012
0.0331394 0.0804947 9.9982E-05 0.332897 0.0806237 9.9982E-05 0.0104971 0.374691 0.0874576
9.9964E-05 0.0558588 0.150584 0.175249 0.0518626 9.9964E-05 9.9964E-05 0.566047 9.9964E-05
0.105062 9.9955E-05 0.0529487 9.9955E-05 9.9955E-05 0.0155028 9.9955E-05 0.825987 9.9955E-05
9.9982E-05 0.110955 9.9982E-05 0.312658 0.10499 0.0689004 0.00632923 0.383153 0.0128147
0.0660007 9.9973E-05 9.9973E-05 0.440941 0.0590066 9.9973E-05 0.0377294 0.237583 0.158439
0.0324407 0.0174602 0.0965647 0.492236 0.0977455 9.9982E-05 0.0457883 0.217564 9.9982E-05
0.112995 0.0749154 0.00616805 0.1048 9.9964E-05 9.9964E-05 9.9964E-05 0.700721 9.9964E-05
9.9964E-05 0.0651206 0.119968 0.57046 0.0716035 9.9964E-05 9.9964E-05 0.172448 9.9964E-05
9.9964E-05 0.100424 0.0294306 0.478574 0.0663974 9.9964E-05 9.9964E-05 0.324774 9.9964E-05
0.030053 0.0593727 0.0710175 0.047888 9.9964E-05 9.9964E-05 9.9964E-05 0.791269 9.9964E-05
9.9946E-05 0.131297 9.9946E-05 9.9946E-05 9.9946E-05 9.9946E-05 9.9946E-05 0.79226 0.0758434
0.0797243 0.0266796 9.9973E-05 0.0468516 0.00300134 9.9973E-05 0.0737515 0.769692 9.9973E-05
9.9955E-05 0.0831551 0.805339 0.110629 9.9955E-05 9.9955E-05 9.9955E-05 9.9955E-05 0.000377107
9.9946E-05 9.9946E-05 0.821462 0.175337 9.9946E-05 9.9946E-05 9.9946E-05 0.00260202 9.9946E-05
9.9955E-05 0.058636 0.778496 0.128833 0.0335344 9.9955E-05 9.9955E-05 9.9955E-05 9.9955E-05
9.9964E-05 0.096293 0.691922 0.0768927 0.0585632 9.9964E-05 9.9964E-05 9.9964E-05 0.0759289
0.194716 9.9973E-05 0.0230694 0.432182 0.197912 9.9973E-05 0.0558274 0.0959924 9.9973E-05
9.9964E-05 0.145899 9.9964E-05 0.499452 0.226012 0.0700776 9.9964E-05 0.0581596 9.9964E-05
9.9955E-05 9.9955E-05 0.0424174 0.50476 0.449384 9.9955E-05 0.00293843 9.9955E-05 9.9955E-05
9.9964E-05 9.9964E-05 0.112061 0.028239 0.0778978 0.155455 9.9964E-05 0.625947 9.9964E-05
9.9973E-05 0.035661 9.9973E-05 0.299207 0.586566 0.00542098 0.0152983 9.9973E-05 0.0575462
0.0055314 9.9991E-05 0.0167557 0.450537 0.289172 0.0594945 0.0353558 0.0273192 0.115735
0.0605726 0.0168418 0.0199188 0.633983 0.253442 9.9973E-05 0.0149417 9.9973E-05 9.9973E-05
0.303882 9.9964E-05 0.0705392 0.522134 0.0668692 0.0361757 9.9964E-05 9.9964E-05 9.9964E-05
0.0949005 0.00734031 0.0716648 0.58642 0.106559 0.0626778 0.070237 9.9982E-05 9.9982E-05
9.9964E-05 9.9964E-05 9.9964E-05 0.100976 0.58469 0.0346614 9.9964E-05 0.168793 0.11048
0.223425 0.0834527 9.9973E-05 0.439736 0.0893924 9.9973E-05 9.9973E-05 0.101294 0.0623995
0.0362126 0.0672605 0.0369223 0.506886 0.176932 9.9991E-05 0.0760147 0.0853316 0.0143407
0.129841 0.0333619 0.0627898 0.519795 0.107262 0.0432595 9.9991E-05 0.0992278 0.00436316
9.9955E-05 9.9955E-05 9.9955E-05 0.351092 0.576113 0.0454083 9.9955E-05 9.9955E-05 0.0268867
9.9955E-05 9.9955E-05 0.0411533 0.65183 0.262677 0.0438399 9.9955E-05 9.9955E-05 9.9955E-05
9.9982E-05 0.0220252 0.122463 0.566047 0.203064 0.045864 0.00783898 9.9982E-05 0.0324975
9.9955E-05 9.9955E-05 0.0100625 9.9955E-05 0.734766 0.0220678 9.9955E-05 9.9955E-05 0.232604
0.0741584 9.9982E-05 9.9982E-05 0.123229 0.170148 0.201995 0.0819193 0.305941 0.0424092
0.0674811 9.9973E-05 9.9973E-05 9.9973E-05 0.214315 0.0572208 0.123825 0.304292 0.232566
0.0533511 0.0255608 9.9991E-05 0.532227 0.0278653 0.0587065 0.0520875 0.196827 0.0532749
0.0829243 9.9964E-05 0.106429 0.572042 9.9964E-05 9.9964E-05 0.127622 0.110582 9.9964E-05
0.0482553 0.0298722 0.0341197 0.62776 0.079646 0.0313794 0.0501946 9.9991E-05 0.0986728
0.105894 9.9991E-05 0.0308822 0.122238 0.14228 0.230221 0.126096 0.145067 0.0972221
9.9973E-05 9.9973E-05 9.9973E-05 0.587412 0.00675713 0.151725 0.0913303 0.11422 0.0482551
0.0944534 0.055521 9.9982E-05 0.458449 0.0204016 0.00769033 9.9982E-05 0.230778 0.132506
0.149286 0.026488 0.119725 0.301899 0.141179 0.0558888 9.9982E-05 0.205334 9.9982E-05
0.0926766 0.00497291 0.157146 0.0504586 0.0104003 0.0543966 0.0471707 0.449773 0.133005
0.14551 9.9991E-05 0.00968118 0.430686 0.160343 0.0669601 0.0220763 0.0755048 0.0891395
9.9982E-05 9.9982E-05 0.0344761 0.417861 0.0504734 0.0883217 0.0941491 0.263057 0.0514616
0.075401 9.9982E-05 0.0339809 9.9982E-05 0.131094 0.0870034 0.0378506 0.601799 0.0326708
0.00246964 9.9982E-05 9.9982E-05 0.42876 0.0341919 0.0545998 0.0232321 0.353392 0.103154
0.0280215 0.0654842 9.9982E-05 0.586587 0.0927671 0.097722 0.120512 9.9982E-05 0.00870628
0.0143389 0.00591864 9.9991E-05 0.549619 0.0607469 0.0631025 0.004107 0.192794 0.109273
0.0510384 0.0552026 0.0551852 0.187122 0.25341 9.9991E-05 0.00118717 0.30647 0.0902851
9.9973E-05 0.00554325 9.9973E-05 0.41192 0.0641331 9.9973E-05 0.0604963 0.309786 0.147821
9.9982E-05 9.9982E-05 0.0182242 0.633972 0.0294616 0.163011 0.0601703 0.0647846 0.030176
0.0705342 9.9991E-05 0.0325558 0.108403 0.122542 0.078023 0.0974076 0.467588 0.0228461
0.00191648 9.9973E-05 9.9973E-05 0.504062 0.368997 0.0173212 9.9973E-05 0.0898267 0.0175771
0.0244788 0.0658278 9.9964E-05 0.0715874 0.596521 9.9964E-05 9.9964E-05 0.241186 9.9964E-05
0.00799902 9.9982E-05 0.105514 0.518679 0.176119 0.0723938 0.0253182 0.0937773 9.9982E-05
0.0351146 0.0756915 0.141714 0.427993 0.0842473 0.128065 0.076851 0.01517 0.0151533
9.9955E-05 9.9955E-05 9.9955E-05 9.9955E-05 0.872385 9.9955E-05 0.00811111 0.0148873 0.104116
9.9946E-05 9.9946E-05 9.9946E-05 9.9946E-05 0.822461 9.9946E-05 0.0785785 0.0983611 9.9946E-05
9.9955E-05 9.9955E-05 9.9955E-05 0.292743 0.671849 0.00666506 9.9955E-05 0.0282429 9.9955E-05
0.0776237 9.9964E-05 0.00520034 0.381925 0.456782 9.9964E-05 9.9964E-05 0.0780692 9.9964E-05
9.9973E-05 0.00213341 0.11358 0.60635 0.135953 9.9973E-05 9.9973E-05 0.134403 0.00728143
9.9964E-05 9.9964E-05 9.9964E-05 0.475798 0.376594 9.9964E-05 0.0352944 0.0379009 0.074013
9.9973E-05 0.0306079 0.0356189 0.106182 0.629868 0.130368 9.9973E-05 0.0670559 9.9973E-05
9.9964E-05 9.9964E-05 0.0196313 0.257995 0.44059 0.205726 9.9964E-05 0.0756587 9.9964E-05
9.9982E-05 0.096043 0.0783299 0.478941 0.205506 0.0472944 0.0883035 9.9982E-05 0.00538143
0.00278999 0.0462134 9.9964E-05 0.212744 0.542307 9.9964E-05 9.9964E-05 0.195545 9.9964E-05
0.0247516 9.9964E-05 0.0709236 0.394064 0.464101 9.9964E-05 9.9964E-05 0.0457599 9.9964E-05
9.9946E-05 9.9946E-05 9.9946E-05 0.382044 0.466271 9.9946E-05 0.151085 9.9946E-05 9.9946E-05
0.0296373 9.9964E-05 9.9964E-05 9.9964E-05 0.686276 0.00817788 0.187692 9.9964E-05 0.087817
0.0140884 9.9982E-05 0.00820506 0.650101 0.253241 0.0557474 9.9982E-05 0.00699359 0.011424
9.9973E-05 0.0857278 0.74899 0.0590983 9.9973E-05 0.0347004 9.9973E-05 0.0706865 0.000497557
9.99371E-05 9.99371E-05 0.862778 0.136523 9.99371E-05 9.99371E-05 9.99371E-05 9.99371E-05 9.99371E-05
9.9955E-05 0.0182068 0.815795 0.108365 9.9955E-05 9.9955E-05 9.9955E-05 9.9955E-05 0.0571331
0.00200152 9.9955E-05 0.831986 0.066205 9.9955E-05 9.9955E-05 9.9955E-05 9.9955E-05 0.0993082
9.9946E-05 9.9946E-05 0.810646 0.102335 9.9946E-05 9.9946E-05 9.9946E-05 9.9946E-05 0.0864184
9.9955E-05 9.9955E-05 0.844825 0.0736664 0.0404203 9.9955E-05 9.9955E-05 9.9955E-05 0.0405882
9.99461E-05 9.99461E-05 0.87075 0.0887401 9.99461E-05 9.99461E-05 9.99461E-05 9.99461E-05 0.0399103
9.9973E-05 0.14521 0.0899596 0.309245 0.38182 0.0511448 9.9973E-05 0.0223202 9.9973E-05
0.0631541 0.081832 0.077315 0.507146 0.074308 0.0709589 0.103225 0.0219604 9.9991E-05
9.9964E-05 9.9964E-05 0.058781 9.9964E-05 0.769696 0.0525696 0.0186401 0.0999136 9.9964E-05
0.057263 0.120229 0.0592236 0.404272 0.153169 9.9982E-05 0.0630016 0.142642 9.9982E-05
0.0394769 0.00497225 0.0194786 0.424386 0.420987 0.0168697 9.9982E-05 0.0736294 9.9982E-05
0.0360701 0.0195894 0.0814274 0.474537 0.333334 9.9973E-05 0.0547414 9.9973E-05 9.9973E-05
0.0938875 0.00397231 0.076561 0.523629 0.218173 9.9982E-05 0.0559013 0.0276765 9.9982E-05
9.9946E-05 0.0701603 9.9946E-05 0.463958 0.465282 9.9946E-05 9.9946E-05 9.9946E-05 9.9946E-05
9.9964E-05 9.9964E-05 0.0874282 9.9964E-05 0.669399 0.0205507 0.0368148 0.185407 9.9964E-05
9.9982E-05 0.0840938 0.0459162 0.38773 0.172723 0.115611 9.9982E-05 0.0463833 0.147342
9.9973E-05 0.0582442 0.0665854 0.56723 0.26573 9.9973E-05 9.9973E-05 0.0268187 0.0150915
0.0767414 0.122485 9.9982E-05 0.462442 0.0914384 0.0156488 9.9982E-05 0.194406 0.0366375
0.0284313 0.0230597 9.9973E-05 0.225802 0.540278 9.9973E-05 0.109212 9.9973E-05 0.0729174
0.0240398 0.0162121 0.0485017 0.44157 0.368429 9.9973E-05 0.100948 9.9973E-05 9.9973E-05
0.0219768 9.9982E-05 0.0197901 0.385446 0.441135 0.0085828 0.0128606 0.110009 9.9982E-05
0.00347257 0.0872806 9.9955E-05 0.286907 0.62184 9.9955E-05 9.9955E-05 9.9955E-05 9.9955E-05
9.9964E-05 9.9964E-05 0.0266296 0.406052 0.310987 0.0986461 9.9964E-05 0.157285 9.9964E-05
9.9991E-05 0.024537 0.0979433 0.576273 0.123065 0.0716772 0.0275018 0.078783 0.000119004
9.9973E-05 9.9973E-05 9.9973E-05 0.230947 0.0387958 0.179031 0.079534 0.306151 0.165241
0.103554 0.080913 0.0793665 0.410087 0.039787 0.0715186 0.0144419 0.132079 0.0682526
0.205831 0.0872689 0.118511 0.301332 9.9973E-05 0.14021 9.9973E-05 0.146547 9.9973E-05
9.9991E-05 0.0494854 0.0963977 0.390029 0.106038 0.0686224 0.0516445 0.2206 0.0170828
9.9982E-05 0.000130426 0.0664786 0.559865 0.127326 0.0330206 0.0786848 0.134294 9.9982E-05
0.0235827 9.9973E-05 0.00765507 0.411084 0.0187998 0.0678133 9.9973E-05 0.470765 9.9973E-05
9.9955E-05 9.9955E-05 0.0267206 0.616896 9.9955E-05 0.119625 9.9955E-05 0.236258 9.9955E-05
9.9973E-05 0.0417729 0.0174092 0.392045 0.1021 0.145472 9.9973E-05 0.300901 9.9973E-05
0.0391785 9.9982E-05 0.0244881 0.549924 0.0521236 0.188662 0.0415031 9.9982E-05 0.10392
0.0297837 0.0566845 0.0240963 0.488268 0.1414 0.131675 0.00470482 0.0246381 0.0987496
0.0218006 9.9982E-05 0.0659488 0.512489 0.104597 0.044945 0.0326103 0.217409 9.9982E-05
9.9964E-05 9.9964E-05 9.9964E-05 0.467099 0.0818717 0.158057 0.0523735 0.240199 9.9964E-05
0.0519571 0.00489113 9.9991E-05 0.673146 0.0775362 0.118208 0.0083142 0.0113262 0.0545215
0.190079 0.129713 0.0479841 0.442167 9.9964E-05 0.189657 9.9964E-05 9.9964E-05 9.9964E-05
9.9973E-05 0.0399558 9.9973E-05 0.518008 0.0749529 0.0565401 0.0092078 0.301036 9.9973E-05
0.147358 9.9973E-05 9.9973E-05 0.596606 9.9973E-05 0.0979662 0.0561521 0.0628566 0.0387614
9.9991E-05 0.0639074 0.00850888 0.550623 0.0331786 0.0886207 0.0626854 0.161705 0.0306713
9.9982E-05 0.00237557 0.0319845 0.316788 9.9982E-05 0.189899 0.0622011 0.234651 0.1619
0.0100446 9.9964E-05 9.9964E-05 0.695084 9.9964E-05 0.193574 9.9964E-05 0.0696905 0.0312071
9.9964E-05 9.9964E-05 9.9964E-05 0.648871 9.9964E-05 0.171044 0.046115 0.0367739 0.0967962
0.0696056 0.102105 0.0114154 0.10166 0.197479 0.14954 9.9991E-05 0.357937 0.0101579
0.0729856 0.000617553 9.9991E-05 0.123913 0.0626393 0.0988611 0.186493 0.276892 0.177499
0.0517141 0.00979171 0.0339127 0.444163 0.085295 0.143983 0.0145202 0.177588 0.0390333
9.9982E-05 0.0363493 9.9982E-05 0.0097823 0.222928 0.194536 0.30885 0.14209 0.0852642
0.0578204 0.0237583 0.0348407 0.136329 9.9982E-05 0.134773 0.0801756 0.532103 9.9982E-05
9.9964E-05 9.9964E-05 9.9964E-05 0.399549 0.106868 0.155581 0.0981365 0.239466 9.9964E-05
9.9964E-05 9.9964E-05 0.0178779 0.258545 0.153704 0.18173 9.9964E-05 0.387744 9.9964E-05
9.9973E-05 0.0592101 9.9973E-05 0.158258 0.1465 0.126824 0.0303729 0.478535 9.9973E-05
0.0888618 9.9964E-05 0.0677045 0.649309 9.9964E-05 0.0550767 9.9964E-05 0.138648 9.9964E-05
9.9973E-05 9.9973E-05 0.0641217 0.565109 0.040354 0.0956833 9.9973E-05 0.151611 0.0828212
9.9982E-05 0.0608254 0.0399587 0.489339 0.107638 0.145314 0.0458959 0.110828 9.9982E-05
0.102802 9.9982E-05 9.9982E-05 0.0598533 0.133396 0.148387 0.0637616 0.31834 0.17326
0.0944988 0.120451 0.0285164 0.433992 0.153816 0.0380537 9.9982E-05 0.130472 9.9982E-05
0.291848 0.107182 9.9982E-05 0.38769 0.0587967 9.9982E-05 0.0503195 0.075403 0.028561
0.249791 9.9982E-05 0.0703184 9.9982E-05 0.148155 0.115391 0.209853 0.0295408 0.176751
0.0991855 0.0140174 0.103577 0.628886 0.08585 9.9982E-05 0.0545953 0.0136888 9.9982E-05
9.9982E-05 9.9982E-05 0.0164749 0.315639 0.227162 0.0584225 0.153672 0.0362214 0.192208
0.0641737 0.0828433 0.0396554 0.418435 0.122845 0.0174094 0.0702288 0.0725711 0.111838
0.375392 9.9973E-05 9.9973E-05 0.202189 0.0442864 0.0553617 9.9973E-05 0.0816977 0.240773
0.41536 9.9982E-05 0.0331319 0.0505659 9.9982E-05 0.0233832 0.206469 0.190911 0.0799787
0.182438 9.9982E-05 9.9982E-05 0.418981 0.0697931 0.12826 0.123039 0.0475483 0.0297401
0.106185 9.9982E-05 0.119239 0.427541 0.0172898 9.9982E-05 0.077901 0.214613 0.0370315
0.0671859 0.0546125 0.0368978 0.287272 0.124696 9.9991E-05 0.0708902 0.236333 0.122012
0.0672822 0.0714555 0.10403 0.488109 0.113808 0.0541281 9.9991E-05 0.0294752 0.071612
0.0156603 0.0492045 0.125632 0.550556 0.0131751 0.0649075 0.011574 0.0874542 0.0818367
0.195152 0.10763 0.0230933 9.9982E-05 0.222978 9.9982E-05 0.155302 0.13318 0.162464
0.0674186 9.9973E-05 0.0431223 0.55713 9.9973E-05 0.042759 0.155841 0.133429 9.9973E-05
9.9982E-05 0.0112583 0.0240306 0.449213 0.162149 0.0553118 9.9982E-05 0.0857724 0.212065
0.324371 9.9973E-05 9.9973E-05 0.322945 0.0608866 9.9973E-05 0.109264 0.180716 0.0015181
0.270288 0.0142447 9.9991E-05 0.384921 0.115762 0.0166874 0.117305 0.0710736 0.00961809
0.0768217 0.0960592 0.0915776 0.48928 0.031565 0.0305718 9.9991E-05 0.104865 0.0791597
0.127829 0.171008 0.0582158 0.447948 9.9982E-05 0.00291669 0.116588 0.0752945 9.9982E-05
0.199548 0.240919 0.233365 0.108211 0.00603557 9.9973E-05 9.9973E-05 9.9973E-05 0.211621
0.0459186 0.0945111 0.367095 9.9964E-05 9.9964E-05 0.012346 9.9964E-05 9.9964E-05 0.479729
0.112313 0.0458853 0.308815 9.9964E-05 9.9964E-05 9.9964E-05 0.0713358 9.9964E-05 0.461251
0.0655796 0.289124 0.246213 0.0940068 9.9973E-05 9.9973E-05 9.9973E-05 0.0344726 0.270304
0.316859 0.0236368 9.9964E-05 0.572443 0.0706473 9.9964E-05 9.9964E-05 9.9964E-05 0.0160138
0.215728 0.113299 0.0439957 0.461161 9.9982E-05 0.0625764 0.0507194 0.0523213 9.9982E-05
9.9964E-05 0.605269 9.9964E-05 0.334447 0.0320355 0.0157223 9.9964E-05 0.012126 9.9964E-05
9.9982E-05 0.388685 0.0153368 0.357008 9.9982E-05 0.0212339 0.0960144 0.0950493 0.0264728
0.0289821 0.352533 9.9973E-05 0.356345 9.9973E-05 9.9973E-05 0.152527 0.0803005 0.0290133
0.432715 0.0107836 9.9982E-05 0.212284 0.0525961 9.9982E-05 0.237659 0.0508722 0.00288962
0.101016 0.0387168 9.9991E-05 0.565118 0.0888549 0.00633971 0.0788169 0.0059572 0.11508
0.47669 9.99817E-05 9.99817E-05 0.0968424 0.0061458 9.99817E-05 0.221469 0.104983 0.0935688
0.209231 9.9964E-05 9.9964E-05 0.636538 0.0387215 0.031199 0.0839101 9.9964E-05 9.9964E-05
0.139734 9.9973E-05 9.9973E-05 0.359529 0.127892 9.9973E-05 0.122306 0.151745 0.0984938
0.270703 0.0103289 0.00748487 0.517174 0.0356225 0.0139663 0.0929199 0.018419 0.033381
0.395482 9.9973E-05 9.9973E-05 0.0711168 0.0988652 9.9973E-05 0.218056 0.132154 0.0840258
0.0159759 0.119834 0.03642 0.57933 0.149404 0.0459842 0.0528515 9.9982E-05 9.9982E-05
0.221071 9.9982E-05 0.00564846 0.557845 0.0213462 0.0719113 9.9982E-05 0.0313364 0.090641
0.111907 0.259891 0.0774143 0.357847 0.0102829 0.0682013 0.0320128 0.0226417 0.0598013
9.9946E-05 0.94027 9.9946E-05 9.9946E-05 0.0342584 9.9946E-05 0.0248717 9.9946E-05 9.9946E-05
9.9955E-05 0.902888 9.9955E-05 0.0481098 0.00407122 9.9955E-05 9.9955E-05 0.0444313 9.9955E-05
9.9964E-05 0.565414 0.0797105 0.205602 0.0893302 9.9964E-05 9.9964E-05 0.0595431 9.9964E-05
9.9955E-05 0.585568 9.9955E-05 0.344336 9.9955E-05 0.00229407 0.0673021 9.9955E-05 9.9955E-05
0.0586884 0.760125 0.0222088 0.125133 0.0319829 0.0015626 9.9973E-05 9.9973E-05 9.9973E-05
9.993E-05 0.999201 9.993E-05 9.993E-05 9.993E-05 9.993E-05 9.993E-05 9.993E-05 9.993E-05
9.9946E-05 0.922158 9.9946E-05 9.9946E-05 9.9946E-05 0.0160229 9.9946E-05 0.0612191 9.9946E-05
9.9937E-05 0.837436 9.9937E-05 0.161865 9.9937E-05 9.9937E-05 9.9937E-05 9.9937E-05 9.9937E-05
9.9946E-05 0.945492 9.9946E-05 9.9946E-05 0.0109532 9.9946E-05 9.9946E-05 0.0429549 9.9946E-05
9.9937E-05 0.994226 9.9937E-05 9.9937E-05 0.00507415 9.9937E-05 9.9937E-05 9.9937E-05 9.9937E-05
9.9937E-05 0.984133 0.0151677 9.9937E-05 9.9937E-05 9.9937E-05 9.9937E-05 9.9937E-05 9.9937E-05
9.9955E-05 0.769252 0.0578339 0.147499 9.9955E-05 9.9955E-05 9.9955E-05 0.0249152 9.9955E-05
0.0477119 0.7845 0.0478754 0.0280849 0.0465626 0.016093 9.9982E-05 0.028972 9.9982E-05
9.9946E-05 0.989647 9.9946E-05 9.9946E-05 0.00818282 0.00157058 9.9946E-05 9.9946E-05 9.9946E-05
0.0910587 0.390226 0.0348373 0.36907 0.00685581 0.0554145 9.9982E-05 0.0523375 9.9982E-05
0.0408383 0.660429 0.0340857 0.190566 9.9973E-05 9.9973E-05 0.0313174 0.0424646 9.9973E-05
9.9964E-05 0.780891 0.0523651 0.114248 9.9964E-05 0.0231942 9.9964E-05 9.9964E-05 0.0289018
9.9964E-05 0.900077 9.9964E-05 0.0699721 9.9964E-05 0.00706027 9.9964E-05 0.0157219 0.00676885
9.9946E-05 0.958982 9.9946E-05 0.0351989 9.9946E-05 0.00521996 9.9946E-05 9.9946E-05 9.9946E-05
9.9946E-05 0.807639 0.0335526 0.158209 9.9946E-05 9.9946E-05 9.9946E-05 9.9946E-05 9.9946E-05
0.000821175 0.998479 9.9937E-05 9.9937E-05 9.9937E-05 9.9937E-05 9.9937E-05 9.9937E-05 9.9937E-05
0.0470266 0.605909 0.00451111 0.224922 0.0663973 0.0224012 0.0286322 9.9982E-05 9.9982E-05
9.9946E-05 0.925374 9.9946E-05 9.9946E-05 0.0364122 9.9946E-05 9.9946E-05 0.0376145 9.9946E-05
0.489966 9.9955E-05 0.24266 9.9955E-05 9.9955E-05 9.9955E-05 0.0627687 9.9955E-05 0.204106
0.101312 0.00608018 0.0660689 0.406921 0.0306206 0.0597968 0.00576037 0.0787144 0.244726
0.215344 0.0675166 0.264049 0.310272 0.125869 9.9973E-05 9.9973E-05 9.9973E-05 0.01665
0.346568 0.174388 0.0959301 0.036415 0.0424461 0.0464979 0.0636331 9.9991E-05 0.194021
0.164058 0.158597 0.150168 0.368073 0.106728 9.9982E-05 0.0436903 0.00848556 9.9982E-05
0.255299 0.0652693 0.178942 0.134261 0.0824691 9.9982E-05 0.0789938 9.9982E-05 0.204566
0.138861 0.0722131 0.1299 0.358393 0.000728635 0.0514641 0.0224349 0.133158 0.092848
0.374281 0.219238 9.9964E-05 0.231207 0.0383878 9.9964E-05 9.9964E-05 9.9964E-05 0.136488
0.255324 0.124369 0.0590181 0.411242 9.9982E-05 9.9982E-05 0.0616928 0.00548354 0.0826701
0.247366 0.152857 0.0806025 0.258713 0.0243532 9.9982E-05 9.9982E-05 0.0344008 0.201508
0.175904 0.171806 0.0771469 0.347602 0.0801772 0.0702371 0.0357624 9.9991E-05 0.041265
0.0524168 0.05122 0.0930024 0.436669 0.0600365 0.017157 9.9991E-05 0.118941 0.170457
0.0541825 9.9964E-05 0.795998 0.0462673 9.9964E-05 0.0630332 9.9964E-05 9.9964E-05 0.0401195
9.9955E-05 0.035221 0.887694 9.9955E-05 9.9955E-05 9.9955E-05 0.0272874 9.9955E-05 0.0492976
9.9955E-05 9.9955E-05 0.910413 0.0576988 9.9955E-05 9.9955E-05 9.9955E-05 0.00160605 0.0297821
9.9955E-05 9.9955E-05 0.914823 0.0262226 9.9955E-05 0.0500864 9.9955E-05 9.9955E-05 0.00836799
9.9955E-05 9.9955E-05 0.8235 0.054045 9.9955E-05 0.0634227 9.9955E-05 9.9955E-05 0.0585325
9.9955E-05 0.0549391 0.819228 9.9955E-05 9.9955E-05 9.9955E-05 0.0230146 9.9955E-05 0.102319
9.9964E-05 0.0707418 0.850029 0.0655786 9.9964E-05 0.000454896 9.9964E-05 9.9964E-05 0.0127955
9.9982E-05 0.0086261 0.843941 0.0257897 0.0207821 0.00188581 0.0469156 9.9982E-05 0.0518598
9.9982E-05 0.0254958 0.868315 0.00673983 0.00295898 9.9982E-05 0.00917846 0.0670394 0.0200725
9.9964E-05 0.0946685 0.777544 0.00106095 9.9964E-05 0.0451294 9.9964E-05 9.9964E-05 0.0811975
9.9964E-05 9.9964E-05 0.578255 9.9964E-05 0.0409661 0.0906361 0.110229 0.179515 9.9964E-05
9.9964E-05 9.9964E-05 0.550335 9.9964E-05 0.0198204 0.200745 9.9964E-05 0.176029 0.0526703
9.9964E-05 9.9964E-05 0.465064 9.9964E-05 9.9964E-05 0.0898692 0.0788264 0.248667 0.117174
0.0806394 9.9964E-05 0.480524 9.9964E-05 0.0406599 0.100039 9.9964E-05 0.297737 9.9964E-05
0.0766955 0.0265753 0.03711 0.420204 0.228945 0.105434 9.9982E-05 0.104836 9.9982E-05
9.9982E-05 0.0430551 0.0227266 0.43031 0.269103 0.0226236 0.0632377 0.148744 9.9982E-05
0.0723336 0.0317681 0.0181299 0.487559 0.16542 0.132785 0.0304345 0.0614702 9.9991E-05
0.0314484 0.143641 0.00205072 0.397598 0.151436 0.0582375 0.0697153 0.137821 0.00805262
9.9973E-05 9.9973E-05 0.0229137 0.344888 0.23374 0.147817 9.9973E-05 0.204745 0.0455952
0.0720663 0.0466038 9.9973E-05 0.0655973 0.152207 0.223891 9.9973E-05 0.439334 9.9973E-05
0.0300069 0.0482841 0.0512525 0.515721 0.201359 0.0306181 9.9982E-05 0.122559 9.9982E-05
9.9955E-05 9.9955E-05 9.9955E-05 0.624428 0.296731 0.0199432 9.9955E-05 0.058398 9.9955E-05
0.0831386 9.9982E-05 9.9982E-05 0.499977 0.323521 0.0578186 0.0275842 0.00265985 0.00510037
0.00676123 0.000168029 9.9964E-05 0.330868 0.542928 9.9964E-05 0.118875 9.9964E-05 9.9964E-05
0.0953888 9.9982E-05 0.071945 0.570245 0.167462 0.0530832 0.000646591 0.0410292 9.9982E-05
9.9973E-05 9.9973E-05 0.0151739 0.375659 0.365611 0.0765964 0.0843335 0.0823261 9.9973E-05
9.9946E-05 9.9946E-05 9.9946E-05 9.9946E-05 0.764303 0.0631308 0.171966 9.9946E-05 9.9946E-05
9.9982E-05 0.083012 9.9982E-05 0.434902 0.193892 0.164103 0.00292006 0.104345 0.0166249
9.9964E-05 0.0161131 9.9964E-05 0.203847 0.515883 9.9964E-05 0.193358 9.9964E-05 0.0703983
0.00709196 9.9982E-05 0.00586006 0.547858 0.395664 0.00222503 0.0290323 0.0120683 9.9982E-05
9.9973E-05 9.9973E-05 0.0419076 0.0793288 0.601489 0.0706561 0.0736382 0.13268 9.9973E-05
0.176302 9.9964E-05 0.0371171 9.9964E-05 9.9964E-05 0.758601 0.0192502 9.9964E-05 0.00832945
0.138825 9.9955E-05 0.0142129 0.0326651 9.9955E-05 0.813797 9.9955E-05 9.9955E-05 9.9955E-05
0.0942705 9.9946E-05 9.9946E-05 9.9946E-05 9.9946E-05 0.792653 0.112477 9.9946E-05 9.9946E-05
0.123496 9.9955E-05 0.0751957 9.9955E-05 9.9955E-05 0.778224 0.0225851 9.9955E-05 9.9955E-05
0.152805 0.0470287 9.9946E-05 9.9946E-05 9.9946E-05 0.799567 9.9946E-05 9.9946E-05 9.9946E-05
0.0281519 0.00176869 0.00320845 0.116811 9.9982E-05 0.785122 0.00722934 9.9982E-05 0.0575093
9.9964E-05 9.9964E-05 0.830555 0.117957 0.00818834 9.9964E-05 0.00450878 9.9964E-05 0.0383914
9.9964E-05 0.0132216 0.833979 0.110174 9.9964E-05 0.0368705 9.9964E-05 9.9964E-05 0.00535505
9.9955E-05 0.108285 0.710692 0.152701 9.9955E-05 0.0278221 9.9955E-05 9.9955E-05 9.9955E-05
9.9973E-05 0.142707 0.717158 0.0146131 9.9973E-05 0.0118846 9.9973E-05 0.109252 0.00408524
0.0602403 0.042891 0.777583 0.118786 9.9955E-05 9.9955E-05 9.9955E-05 9.9955E-05 9.9955E-05
0.131391 9.9973E-05 0.374893 9.9973E-05 0.0219305 0.425754 9.9973E-05 0.040982 0.00474945
0.0480436 9.9973E-05 0.483563 9.9973E-05 0.120101 0.319259 0.0164492 9.9973E-05 0.0122832
0.00885362 9.9973E-05 0.431163 9.9973E-05 0.0341737 0.400446 0.110751 0.0143131 9.9973E-05
9.9955E-05 9.9955E-05 0.821058 0.158089 9.9955E-05 0.00346171 9.9955E-05 0.0168916 9.9955E-05
0.036109 9.9982E-05 0.378144 9.9982E-05 0.0514517 0.402104 0.0755019 0.0473923 0.00909702
9.9964E-05 0.262783 0.0933251 0.306282 9.9964E-05 9.9964E-05 0.00698793 9.9964E-05 0.330223
0.0538489 0.140498 0.135123 0.561915 0.0350986 0.0305137 9.9982E-05 9.9982E-05 0.0428024
9.9955E-05 0.258671 0.195997 0.519911 9.9955E-05 9.9955E-05 9.9955E-05 0.0249218 9.9955E-05
0.050734 0.172478 0.154927 0.299726 0.112722 9.9982E-05 9.9982E-05 0.0464267 0.162786
0.0823493 0.137435 0.136955 0.39361 0.0882569 0.0802841 0.00196287 9.9991E-05 0.0790469
0.0572853 0.304148 0.359724 9.9955E-05 9.9955E-05 9.9955E-05 9.9955E-05 9.9955E-05 0.278343
0.0212041 9.9973E-05 9.9973E-05 0.375659 0.129048 0.14969 0.0934665 0.230633 9.9973E-05
0.0258106 9.9982E-05 9.9982E-05 0.318343 0.132713 0.0538133 0.206228 0.173871 0.0890222
0.00941269 9.9964E-05 0.105259 0.190132 9.9964E-05 0.140333 9.9964E-05 0.554463 9.9964E-05
9.9964E-05 9.9964E-05 9.9964E-05 0.424868 0.146706 0.120079 0.227443 0.0805036 9.9964E-05
0.00722305 9.9973E-05 9.9973E-05 9.9973E-05 0.227339 0.141211 0.457365 0.0309793 0.135582
0.0670339 9.9973E-05 9.9973E-05 0.512947 0.0401094 9.9973E-05 0.00703822 0.223694 0.148877
9.9973E-05 9.9973E-05 9.9973E-05 0.487067 0.0696265 0.110323 0.122523 0.159247 0.0509131
0.0172905 9.9991E-05 0.0873551 0.26908 0.0603307 0.127024 0.045627 0.389496 0.00369595
0.0462417 0.0249072 0.0774458 0.552329 0.0417169 0.0107279 0.0635192 0.161223 0.0218891
0.00483328 9.9982E-05 9.9982E-05 0.014159 0.20828 0.0233152 0.105859 0.441871 0.201483
0.125749 0.0449688 9.9982E-05 0.399828 0.0175593 0.156946 0.194291 9.9982E-05 0.0604588
9.9964E-05 9.9964E-05 9.9964E-05 0.458797 0.0499635 0.166845 9.9964E-05 0.270776 0.0532194
0.00740838 0.160243 0.0469627 0.372766 0.148498 0.10146 9.9991E-05 0.0545471 0.108015
9.9973E-05 9.9973E-05 9.9973E-05 0.326871 0.0867191 0.0925731 0.127724 0.328566 0.037247
9.9982E-05 9.9982E-05 0.0176898 0.39714 0.143881 0.121008 0.100849 0.176642 0.0425904
0.105444 0.106821 0.0105158 0.452821 0.113889 0.00400271 0.108063 0.0983442 9.9991E-05
0.0757841 9.9982E-05 9.9982E-05 0.532476 0.140467 0.0499959 0.0267144 0.151359 0.0230028
9.9991E-05 0.0997292 0.0349942 0.528375 0.0366757 0.153389 0.102459 0.0221679 0.0221099
9.9991E-05 0.0843749 0.0279602 0.476793 0.0588616 0.115077 0.0512757 0.130119 0.0554386
9.9955E-05 9.9955E-05 9.9955E-05 0.601019 0.0887112 0.150254 9.9955E-05 9.9955E-05 0.159517
0.00139303 0.098026 0.771363 0.128718 9.9955E-05 9.9955E-05 9.9955E-05 9.9955E-05 9.9955E-05
9.9964E-05 0.0242529 0.857778 0.0968527 9.9964E-05 9.9964E-05 0.00784213 9.9964E-05 0.0128745
0.0336921 9.9964E-05 0.769624 0.0828342 0.036938 9.9964E-05 0.0765119 9.9964E-05 9.9964E-05
9.9964E-05 0.0509654 0.809392 0.0575554 0.0716252 9.9964E-05 0.0100626 9.9964E-05 9.9964E-05
0.0628522 0.0352331 0.816197 0.0852183 9.9955E-05 9.9955E-05 9.9955E-05 9.9955E-05 9.9955E-05
9.9964E-05 9.9964E-05 9.9964E-05 0.0828845 0.0806136 0.143046 9.9964E-05 0.595881 0.097175
9.9982E-05 0.0889936 9.9982E-05 0.449631 0.0682376 0.117884 0.115197 0.119567 0.0402898
0.0683253 0.101765 0.0650857 0.405885 0.115475 0.0195879 0.064973 9.9991E-05 0.158804
9.9991E-05 0.0426679 0.0128388 0.594116 0.00272826 0.0981426 0.00432714 0.118692 0.126387
9.9964E-05 9.9964E-05 0.0196678 0.565973 0.0910495 0.183793 9.9964E-05 0.139116 9.9964E-05
9.9964E-05 9.9964E-05 9.9964E-05 0.219878 9.9964E-05 0.169743 0.125008 0.27915 0.20582
0.0047504 9.9973E-05 0.0424681 9.9973E-05 0.0747969 0.265238 9.9973E-05 0.429385 0.183062
9.9973E-05 9.9973E-05 0.0449146 0.524328 0.0429172 0.170072 9.9973E-05 0.216243 0.00122436
9.9982E-05 0.0309445 0.0927008 0.106963 0.0635416 0.227055 0.0988418 0.379753 9.9982E-05
9.9991E-05 0.0329855 0.0470847 0.367457 0.144002 0.163091 0.0779351 0.0972881 0.0700569
9.9982E-05 9.9982E-05 0.145984 0.0670167 0.0379198 0.167611 0.0740043 0.446037 0.0612269
0.0378508 0.0665182 0.0475328 0.563002 0.0307805 0.0849439 9.9991E-05 0.142724 0.0265478
0.0564226 9.9982E-05 0.0796586 0.0927074 0.0848761 0.143738 9.9982E-05 0.512083 0.0303152
0.0312257 0.0909628 0.0724778 0.447479 0.124579 0.0533871 9.9991E-05 0.104449 0.0753389
0.0945096 0.0829217 9.9991E-05 0.263977 0.0474881 0.226344 0.0273472 0.23567 0.0216422
0.163552 9.9991E-05 0.00817207 0.472329 0.0753791 0.0708797 0.0637196 0.0911417 0.0547267
0.549994 0.0491234 9.9982E-05 0.191253 9.9982E-05 0.0813012 0.0562784 0.0363292 0.0355208
0.362869 9.9964E-05 0.0743967 0.37871 0.107512 9.9964E-05 9.9964E-05 0.0761129 9.9964E-05
0.161304 9.9982E-05 0.0619141 0.598435 9.9982E-05 0.0121979 0.0237611 0.0541495 0.0880384
0.523283 9.9973E-05 9.9973E-05 0.257065 0.0359284 9.9973E-05 0.166388 0.00890102 0.00813539
0.0965052 0.0149215 0.108529 0.409877 0.209596 0.0304845 0.0291633 9.9991E-05 0.100823
0.112811 0.151864 0.00521934 0.400325 0.0487498 0.113511 0.0396747 0.110425 0.0174198
0.20066 9.9973E-05 9.9973E-05 0.541028 0.10268 0.0949094 0.0474631 9.9973E-05 0.0129589
0.612159 9.9973E-05 9.9973E-05 0.00587163 0.114936 0.0444252 0.175141 0.0471674 9.9973E-05
0.55845 9.9973E-05 9.9973E-05 0.141669 0.0510335 0.0128329 0.168509 9.9973E-05 0.0672055
0.377149 9.9982E-05 0.00121225 0.429287 9.9982E-05 0.0107165 0.0802225 0.0853322 0.0158806
0.541092 9.9973E-05 9.9973E-05 0.0748449 0.145824 0.0623264 0.167447 0.00816533 9.9973E-05
0.33957 9.9964E-05 9.9964E-05 0.350068 0.0895577 9.9964E-05 9.9964E-05 0.172099 0.0483046
9.9982E-05 9.9982E-05 0.0283848 0.0439083 0.149568 0.289382 0.0246389 0.45996 0.00395823
9.9982E-05 0.0280778 9.9982E-05 0.167234 0.079342 0.201224 0.305732 0.207429 0.0107607
9.9982E-05 0.0699175 9.9982E-05 0.316199 0.000271381 0.2176 0.00711628 0.381749 0.00694749
9.9982E-05 0.0172373 9.9982E-05 0.618488 0.0387093 0.0841744 0.0185956 0.20344 0.0191551
0.0803209 0.0273195 9.9973E-05 0.164124 0.122965 0.26803 9.9973E-05 0.336941 9.9973E-05
9.9982E-05 0.00631792 0.0498551 0.455005 0.118493 0.120363 0.0981226 9.9982E-05 0.151643
9.9973E-05 9.9973E-05 0.0455107 0.61236 9.9973E-05 0.141601 0.0685569 0.0667312 0.0649402
9.9964E-05 9.9964E-05 9.9964E-05 0.477093 0.138329 0.0956973 9.9964E-05 0.219656 0.068826
9.9991E-05 0.0718897 0.00576506 0.410513 0.120741 0.126373 0.0220427 0.173171 0.0694045
9.9973E-05 0.0337478 0.0308262 0.419829 0.17438 0.1412 9.9973E-05 0.199717 9.9973E-05
9.9964E-05 0.0903328 9.9964E-05 0.107695 0.143968 0.273294 9.9964E-05 0.384311 9.9964E-05
0.0670293 0.0306736 0.0254199 0.339675 9.9982E-05 0.25106 0.0600915 0.22585 9.9982E-05
0.0339012 9.9982E-05 9.9982E-05 0.596999 0.0306575 0.0389397 0.0178679 0.267981 0.0134534
0.0212562 9.9982E-05 0.102213 0.586452 0.0556825 0.160404 0.0111487 9.9982E-05 0.0626441
9.9973E-05 9.9973E-05 9.9973E-05 0.355067 0.054369 0.0919247 0.152627 0.18622 0.159492
9.9982E-05 0.159731 9.9982E-05 0.388332 0.11688 0.102755 0.083444 0.13795 0.0107076
0.0546195 9.9964E-05 9.9964E-05 0.330057 9.9964E-05 0.250436 9.9964E-05 0.25669 0.107797
0.0914683 9.9982E-05 0.0141482 0.563726 0.119532 0.136243 0.0186973 0.0559849 9.9982E-05
9.9982E-05 0.0279796 0.0115437 0.513266 0.0526344 0.102233 0.0389659 0.253177 9.9982E-05
9.9982E-05 0.0677679 0.0643785 0.483906 0.137839 0.132109 0.0105928 9.9982E-05 0.103207
0.0287668 0.0743592 0.289274 0.456234 0.020011 9.9982E-05 9.9982E-05 0.0215569 0.109598
0.0324323 0.159837 0.0977035 0.473234 0.0514864 9.9982E-05 9.9982E-05 0.0565869 0.128519
9.9982E-05 0.0919637 0.169625 0.425706 0.110753 0.0251754 9.9982E-05 0.0679272 0.108649
9.9973E-05 0.0613059 0.0530627 0.560841 0.0642364 9.9973E-05 0.0720704 0.188184 9.9973E-05
9.9973E-05 0.197107 0.16525 0.402037 0.0896285 9.9973E-05 0.085038 9.9973E-05 0.0606396
0.0855208 9.9964E-05 9.9964E-05 0.379205 9.9964E-05 0.00681604 0.237725 0.290334 9.9964E-05
0.0469433 0.106631 0.165745 0.536737 0.0321773 9.9982E-05 9.9982E-05 0.104107 0.00745879
0.129895 0.0938824 0.18287 9.9982E-05 0.146632 9.9982E-05 0.0478497 0.0806628 0.318008
0.115139 0.140121 0.0116098 0.446121 9.9982E-05 0.0349507 9.9982E-05 0.108444 0.143416
9.9982E-05 0.139325 0.0673305 0.559414 9.9982E-05 0.0153646 0.112894 0.00786493 0.0976068
0.0169407 0.238528 0.0361034 0.382198 0.108934 0.086114 9.9991E-05 0.0759637 0.0551179
0.115056 0.14153 0.111791 0.225894 0.12706 9.9991E-05 0.00573155 0.124446 0.148391
0.011392 0.0948314 0.164323 0.543999 0.0206392 0.0047328 9.9982E-05 9.9982E-05 0.159883
0.00684201 9.9964E-05 0.121716 0.658606 9.9964E-05 9.9964E-05 0.0184683 9.9964E-05 0.193967
9.9964E-05 0.104544 0.355648 9.9964E-05 0.0597235 9.9964E-05 0.0296033 9.9964E-05 0.450081
9.9973E-05 0.129187 0.158993 0.527445 0.0524128 0.0590492 9.9973E-05 9.9973E-05 0.072613
0.00886989 0.110845 0.0792484 0.599921 9.9982E-05 9.9982E-05 0.0285975 0.0206677 0.151651
0.0486476 0.103899 0.0876858 0.521206 0.079955 9.9991E-05 0.0757361 0.0712604 0.0115103
9.9964E-05 0.187593 0.108151 0.48855 9.9964E-05 0.0496975 9.9964E-05 9.9964E-05 0.165609
0.0444595 0.211596 0.128921 0.441262 9.9973E-05 9.9973E-05 0.0671722 0.10629 9.9973E-05
9.9973E-05 0.0726067 0.0551118 0.39644 0.0878116 0.0833734 0.304356 9.9973E-05 9.9973E-05
0.0271144 0.0471805 0.040519 0.501232 0.0414372 0.0404991 0.192464 0.109453 9.9991E-05
0.0326382 9.9955E-05 9.9955E-05 9.9955E-05 0.0741061 9.9955E-05 0.802669 0.090087 9.9955E-05
9.9991E-05 0.0484797 0.0311309 0.439248 0.133013 0.018392 0.0931681 0.0708592 0.165609
9.9973E-05 0.0214089 0.0653429 0.563329 0.137675 0.0593443 0.1526 9.9973E-05 9.9973E-05
0.062428 9.99549E-05 0.0218562 9.99549E-05 9.99549E-05 0.0463746 0.868841 9.99549E-05 9.99549E-05
0.00110816 0.0288695 0.0204457 0.465515 0.0476419 0.00190645 0.265764 0.146531 0.0222187
0.00556325 0.342314 0.0427091 0.319413 9.9982E-05 9.9982E-05 0.0881885 0.0611107 0.140501
9.9955E-05 0.319215 9.9955E-05 0.276909 9.9955E-05 9.9955E-05 0.188669 9.9955E-05 0.214708
9.9973E-05 0.272146 0.127383 0.163585 0.0127734 9.9973E-05 0.190977 9.9973E-05 0.232836
9.9964E-05 0.230375 0.133168 0.35165 9.9964E-05 9.9964E-05 0.183241 9.9964E-05 0.101166
0.0742841 0.0596681 0.166056 0.491544 0.100026 9.9982E-05 0.0712349 9.9982E-05 0.0369882
9.9964E-05 0.0507787 0.0558741 0.100505 9.9964E-05 9.9964E-05 0.644459 9.9964E-05 0.147984
9.9964E-05 0.0300675 0.0653302 0.150387 9.9964E-05 9.9964E-05 0.623614 9.9964E-05 0.130201
9.9955E-05 0.0904123 9.9955E-05 0.477112 0.00245756 9.9955E-05 0.429519 9.9955E-05 9.9955E-05
9.9955E-05 0.0893352 0.0288357 0.425092 9.9955E-05 9.9955E-05 0.456238 9.9955E-05 9.9955E-05
9.9955E-05 0.0996737 0.0410419 0.146134 9.9955E-05 9.9955E-05 0.712651 9.9955E-05 9.9955E-05
9.9982E-05 0.0287857 0.0777644 0.557556 0.00493085 0.0172652 0.299618 0.0138801 9.9982E-05
9.9955E-05 0.112937 9.9955E-05 0.535643 9.9955E-05 0.0837615 0.267158 9.9955E-05 9.9955E-05
0.00452928 0.0795822 0.0949975 0.508389 0.052861 9.9991E-05 0.156376 0.0298871 0.0732782
9.9955E-05 9.9955E-05 9.9955E-05 0.344035 0.0341713 0.00584594 0.615448 9.9955E-05 9.9955E-05
0.0832481 9.9982E-05 0.0152928 0.344842 0.031517 0.0236791 0.492439 0.00878251 9.9982E-05
9.9973E-05 9.9973E-05 0.0516929 0.556359 0.064807 0.0431681 0.283505 9.9973E-05 0.000167504
0.118767 9.9973E-05 0.0725972 0.305733 0.0621436 0.120911 0.319548 9.9973E-05 9.9973E-05
9.9982E-05 0.0133027 0.0788168 0.466269 0.135486 9.9982E-05 0.129385 0.102925 0.0736164
0.0421727 9.9991E-05 0.0818071 0.368699 0.002626 0.00888148 0.185658 0.214775 0.0952798
0.0655491 9.9964E-05 9.9964E-05 0.398529 9.9964E-05 9.9964E-05 0.384307 0.0809033 0.070312
9.9946E-05 9.9946E-05 9.9946E-05 0.239754 9.9946E-05 0.0881781 0.671468 9.9946E-05 9.9946E-05
0.0757477 9.9964E-05 9.9964E-05 0.552132 0.0177268 9.9964E-05 0.284681 9.9964E-05 0.0693123
0.000701004 9.9982E-05 0.0791756 0.527278 0.0312382 0.0477803 0.172389 0.141238 9.9982E-05
9.9973E-05 9.9973E-05 9.9973E-05 0.19244 0.0181019 0.0303865 0.741265 0.00145841 0.0160487
0.032265 9.9955E-05 9.9955E-05 0.414037 9.9955E-05 9.9955E-05 0.532313 9.9955E-05 0.020885
9.9964E-05 9.9964E-05 0.126562 0.493043 0.0694073 0.0225336 0.288054 9.9964E-05 9.9964E-05
9.9973E-05 0.0308494 0.0473654 0.412147 0.126438 9.9973E-05 0.293454 0.0894459 9.9973E-05
0.0688039 0.131437 0.150247 0.416716 9.9982E-05 9.9982E-05 0.0779636 0.0539323 0.1007
0.0636032 0.0915724 0.179588 0.324215 0.0500222 9.9991E-05 0.166048 0.0795791 0.0452712
0.0777616 0.265511 0.0549416 0.289366 0.066469 0.0220925 0.0183094 0.0210113 0.184538
0.0407583 0.136959 0.197112 0.46633 9.9973E-05 9.9973E-05 0.0710288 0.0875118 9.9973E-05
0.182105 0.182382 0.11393 0.310208 9.9991E-05 0.11881 0.052656 0.0242395 0.0155698
0.0273186 0.178644 0.0954793 0.387413 0.0400066 0.0907011 0.0603203 0.111452 0.00866549
0.0520491 0.174279 0.116838 0.38894 0.072373 0.0101774 0.156011 0.0117869 0.0175464
9.9964E-05 0.109176 0.148546 9.9964E-05 9.9964E-05 0.00829847 0.594988 9.9964E-05 0.138592
0.0353167 0.133019 0.0931436 0.622328 9.9982E-05 0.0522572 0.0255759 9.9982E-05 0.0381604
9.9955E-05 0.100648 0.309188 9.9955E-05 9.9955E-05 9.9955E-05 0.355487 9.9955E-05 0.234178
0.00246851 0.16179 0.0156175 0.523153 9.9973E-05 9.9973E-05 0.286889 0.00978205 9.9973E-05
0.0590451 9.9955E-05 9.9955E-05 0.0629802 0.154799 9.9955E-05 0.722676 9.9955E-05 9.9955E-05
9.9955E-05 9.9955E-05 0.0189658 9.9955E-05 0.0577623 9.9955E-05 0.895799 0.0269734 9.9955E-05
0.00366992 9.9964E-05 9.9964E-05 0.434575 0.046837 9.9964E-05 0.41208 0.102438 9.9964E-05
9.9946E-05 9.9946E-05 0.0119944 0.562089 9.9946E-05 9.9946E-05 0.425317 9.9946E-05 9.9946E-05
0.0739175 9.9955E-05 9.9955E-05 0.309694 9.9955E-05 9.9955E-05 0.545709 0.0701801 9.9955E-05
9.9964E-05 9.9964E-05 0.00592452 0.562688 0.041001 9.9964E-05 0.367362 0.0226249 9.9964E-05
9.9946E-05 9.9946E-05 9.9946E-05 0.477103 9.9946E-05 9.9946E-05 0.506748 0.0155489 9.9946E-05
0.0712439 0.10879 0.745239 0.00140889 9.9964E-05 9.9964E-05 0.0729183 9.9964E-05 9.9964E-05
0.0433188 0.137007 0.649766 9.9982E-05 0.0114335 0.0744297 0.0446244 9.9982E-05 0.0392206
9.9955E-05 0.0704921 0.875 9.9955E-05 9.9955E-05 0.0189889 9.9955E-05 0.0350191 9.9955E-05
9.9946E-05 9.9946E-05 0.929211 0.021425 9.9946E-05 9.9946E-05 0.0487643 9.9946E-05 9.9946E-05
9.9973E-05 9.9973E-05 0.0259805 0.504589 0.274789 0.044395 0.0503188 0.0996276 9.9973E-05
9.9991E-05 0.0487163 0.0399234 0.397229 0.392248 0.00244853 0.0281705 0.0555606 0.0356039
9.9964E-05 9.9964E-05 0.00976161 0.501013 0.378736 0.0034288 9.9964E-05 0.106661 9.9964E-05
0.0485779 0.0114078 0.133784 0.569419 0.206055 9.9973E-05 9.9973E-05 0.0304562 9.9973E-05
0.090327 0.0462949 0.0657718 0.452635 0.20781 0.0248625 0.0441556 9.9991E-05 0.0680425
0.0446047 0.00218933 0.0271105 0.179389 0.530673 0.054871 0.025526 0.116787 0.018849
9.9955E-05 0.0203428 9.9955E-05 0.600985 0.253857 9.9955E-05 9.9955E-05 0.124315 9.9955E-05
0.0574747 9.9964E-05 0.0180231 0.335799 0.508311 9.9964E-05 0.0799922 9.9964E-05 9.9964E-05
0.0320281 0.155204 0.281546 0.4224 9.9982E-05 0.0690849 0.025156 0.0143803 9.9982E-05
9.9982E-05 0.061819 9.9982E-05 0.340222 0.344103 0.0490376 0.147765 0.0121359 0.0447176
9.9955E-05 9.9955E-05 9.9955E-05 0.309264 0.519584 0.0920326 9.9955E-05 0.0786202 9.9955E-05
9.9991E-05 0.100987 0.0839329 0.495966 0.136071 0.0540883 0.0393888 0.0686627 0.0208028
9.9955E-05 9.9955E-05 9.9955E-05 0.499734 0.306072 9.9955E-05 0.0886307 0.105064 9.9955E-05
9.9982E-05 0.00257752 0.0196097 0.423901 0.448573 0.0522635 0.045073 9.9982E-05 0.00780267
9.9973E-05 0.0522705 9.9973E-05 0.463583 0.384438 0.0432519 0.0363142 9.9973E-05 0.0198428
9.9955E-05 0.0334362 0.0689334 0.431391 0.465739 9.9955E-05 9.9955E-05 9.9955E-05 9.9955E-05
9.9946E-05 9.9946E-05 9.9946E-05 0.0689352 0.860632 9.9946E-05 0.0698331 9.9946E-05 9.9946E-05
0.000619774 0.00257624 9.9982E-05 0.227753 0.575235 9.9982E-05 0.123932 0.0115427 0.0581412
9.9955E-05 9.9955E-05 9.9955E-05 0.307984 0.513362 0.073919 9.9955E-05 9.9955E-05 0.104234
9.9946E-05 9.9946E-05 9.9946E-05 9.9946E-05 0.920953 9.9946E-05 0.00123559 9.9946E-05 0.0772119
0.0191623 0.0551589 0.256016 0.464057 0.0514187 0.0375512 9.9982E-05 0.116436 9.9982E-05
0.0203211 0.0709404 9.9982E-05 0.346865 0.372451 0.0387602 0.0291936 0.121269 9.9982E-05
