0.0134595 9.9991E-05 0.0479105 0.921822 0.0167076
9.9982E-05 0.0147999 0.0499043 0.935096 9.9982E-05
0.109458 9.9991E-05 0.0130344 0.827625 0.0497822
0.0115095 9.9991E-05 0.0800526 0.808114 0.100224
0.0684429 9.9982E-05 9.9982E-05 0.890043 0.0413146
0.108122 0.0944384 0.0950197 0.661999 0.0404207
0.00955934 0.129496 0.00489659 0.855948 9.9991E-05
9.999E-05 0.0665263 0.146593 0.745547 0.0412331
9.9982E-05 0.100131 0.0841948 0.815474 9.9982E-05
0.0795829 0.0887308 9.9991E-05 0.731599 0.0999873
0.0300232 0.0743508 0.118249 0.777277 9.9991E-05
0.301975 0.11775 0.52651 9.9991E-05 0.0536645
0.61172 0.0105411 0.296405 0.0016217 0.079712
0.281481 0.136079 0.451393 0.0878656 0.0431815
0.346358 0.0234228 0.393363 0.0462795 0.190577
0.528522 0.0451112 0.178074 0.157147 0.0911463
0.515049 0.0147458 0.26485 9.9991E-05 0.205255
0.498638 0.184299 0.224354 9.9991E-05 0.0926092
0.350017 0.0640111 0.335826 0.149106 0.10104
0.0108844 0.257738 0.597243 0.0296621 0.104472
0.413245 0.188611 0.304263 9.9991E-05 0.0937806
0.472501 0.28177 0.117661 0.031368 0.0967
0.677511 0.0892068 0.143858 0.0893247 9.9991E-05
0.348026 0.202834 0.334377 0.00564616 0.109116
0.569937 0.00989138 0.177724 0.134612 0.107836
0.55064 0.0495828 0.282938 9.9991E-05 0.116739
0.230849 0.186706 0.476955 0.000280948 0.105209
0.225198 0.140923 0.405127 0.0136749 0.215077
0.361781 0.190886 0.388243 0.0589887 9.9991E-05
0.0923058 9.9982E-05 9.9982E-05 0.829588 0.0779062
0.14285 9.9982E-05 9.9982E-05 0.83125 0.0257009
0.165615 9.9991E-05 0.00344645 0.810336 0.0205027
0.190819 9.9982E-05 9.9982E-05 0.735187 0.0737935
0.696047 0.175651 0.0851822 0.041008 0.00211256
0.646774 0.13526 0.0725517 0.0904252 0.054989
0.702283 0.232924 9.9982E-05 0.0645931 9.9982E-05
0.252954 0.092731 0.559291 0.0949241 9.9991E-05
0.467449 0.441215 0.0611547 9.9991E-05 0.0300817
0.58119 0.145983 0.155595 0.0896419 0.0275896
0.747799 0.137414 9.9991E-05 0.0121841 0.102503
0.671144 0.167982 0.0263284 0.129628 0.00491769
0.68437 0.0839596 0.0537554 0.148775 0.0291397
0.301199 0.488346 0.191434 0.0189207 9.9991E-05
0.593515 0.215007 0.00547537 0.0591465 0.126856
0.635077 0.192627 0.00810476 0.0953251 0.0688668
0.546798 0.165653 9.9991E-05 0.219507 0.0679409
0.52345 0.464399 0.0119511 9.9982E-05 9.9982E-05
0.673484 0.14862 0.00778527 0.0871105 0.0830011
0.642814 0.0682457 0.0436705 0.132421 0.112849
0.0202711 0.806535 0.0626741 0.11042 9.9991E-05
0.265792 0.306586 0.427422 9.9982E-05 9.9982E-05
0.128105 0.54036 0.21715 0.0739457 0.0404393
0.61383 0.0591145 0.181621 0.0733448 0.0720901
0.640261 0.123337 0.051229 0.111391 0.0737821
0.580562 0.0968709 0.110905 0.0483241 0.163338
0.246945 0.291308 0.368157 0.0852396 0.00835129
0.594166 0.0806828 0.235394 0.0236304 0.0661265
0.574274 0.0777168 0.154596 0.04952 0.143893
0.452573 0.17098 0.250385 0.125961 9.9991E-05
0.100509 0.314553 0.344789 0.196862 0.0432869
0.663284 0.0566285 0.133021 0.126941 0.0201258
0.489706 0.129788 0.271113 0.0600972 0.0492957
0.124263 0.311768 0.539031 0.0248376 9.9991E-05
0.533169 0.181699 0.221945 0.010601 0.0525866
0.675795 0.140899 0.075405 0.0624842 0.0454166
0.703031 0.0836835 0.0960019 0.115079 0.00220508
0.289575 0.221681 0.355508 0.00127539 0.13196
0.488055 0.242166 0.106126 0.0663043 0.0973491
0.570088 0.106923 0.213926 9.9991E-05 0.108963
0.32301 0.237462 0.437862 0.00156576 9.9991E-05
0.651568 0.224897 0.123335 9.9982E-05 9.9982E-05
0.390507 0.428265 0.181028 9.9982E-05 9.9982E-05
0.71319 0.03961 0.153681 0.0917464 0.00177302
0.205191 0.794509 9.9973E-05 9.9973E-05 9.9973E-05
0.181312 0.751067 0.0674209 9.9982E-05 9.9982E-05
0.506181 0.482111 0.0115078 9.9982E-05 9.9982E-05
0.65369 0.230057 0.116053 9.9982E-05 9.9982E-05
0.590421 0.0716166 0.179427 0.154595 0.00394044
0.5622 0.242014 0.157153 0.0232005 0.015433
0.341257 0.351902 0.257136 0.0496039 9.9991E-05
0.39711 0.253553 0.319637 0.0296006 9.9991E-05
0.611623 0.0659881 0.13142 0.0238202 0.167149
0.447708 0.409828 0.112432 9.9991E-05 0.0299322
0.556607 0.302374 0.104292 0.0366272 9.9991E-05
0.579483 0.408208 9.9982E-05 0.0121092 9.9982E-05
0.127124 0.784944 0.0541638 0.0165108 0.0172572
0.662228 0.0638696 0.181343 0.0754154 0.0171441
0.125149 9.9991E-05 0.0476405 0.815506 0.0116041
0.078854 9.9973E-05 9.9973E-05 0.920846 9.9973E-05
0.0661509 9.9982E-05 9.9982E-05 0.886061 0.0475877
0.017259 0.025445 9.9991E-05 0.914977 0.0422189
0.0877621 0.0128797 9.9991E-05 0.870109 0.0291495
0.0680597 0.00216304 9.9991E-05 0.907059 0.0226185
0.0616924 9.9973E-05 9.9973E-05 0.938008 9.9973E-05
0.51744 0.241205 9.9991E-05 0.143494 0.0977605
0.609223 0.146959 0.0647162 0.0721272 0.106975
0.23643 0.601344 0.155593 0.00653356 9.9991E-05
0.589908 0.146997 0.080834 0.11436 0.0679007
0.541657 0.288754 0.129339 0.0401506 9.9991E-05
0.672201 0.255876 9.9991E-05 0.0357398 0.0360831
0.637238 0.270801 9.9982E-05 0.0917604 9.9982E-05
0.577126 0.317821 9.9982E-05 9.9982E-05 0.104853
0.106393 0.601736 0.269385 0.0223864 9.9991E-05
0.555322 0.122867 0.135263 0.107179 0.0793697
0.752733 0.106513 0.00327545 0.11108 0.0263979
0.535243 0.0670864 0.182011 0.0868496 0.128811
0.47674 0.509869 9.9982E-05 0.013192 9.9982E-05
0.627943 0.351167 9.9982E-05 0.0206909 9.9982E-05
0.501505 0.321985 0.115255 0.0358813 0.0253735
0.529991 0.424549 9.9982E-05 9.9982E-05 0.0452602
0.574828 0.229531 0.0964194 0.0991218 9.9991E-05
0.562176 0.0916154 0.110472 0.146477 0.0892598
0.287136 0.329596 0.330516 0.0446231 0.00812909
0.435311 0.00745666 0.371418 0.113679 0.0721344
0.554241 0.0574264 0.197779 0.0827316 0.107822
0.583327 0.187986 0.046211 0.128031 0.0544451
0.528384 9.9991E-05 0.406984 0.0584287 0.00610334
0.585017 0.040047 0.320664 0.00372068 0.0505515
0.496644 0.0238794 0.399534 0.0344079 0.0455341
0.505256 0.166267 0.189336 0.110378 0.0287632
0.543273 0.200367 0.0534089 0.134702 0.0682485
0.671359 0.108005 0.150236 0.0557673 0.0146321
0.60759 0.00270037 0.376947 0.0126628 9.9991E-05
0.590763 0.0645945 0.139664 0.0578885 0.147089
0.658571 0.10003 0.0616755 0.0963628 0.08336
0.594548 0.0953158 0.249971 0.0030081 0.0571569
0.500108 0.131016 0.166377 0.0645332 0.137965
0.606582 9.9991E-05 0.223403 0.0238603 0.146054
0.415445 0.170817 0.245189 0.110368 0.0581811
0.61316 0.0633833 0.224534 9.9991E-05 0.0988234
0.638645 0.0521312 0.237466 0.011695 0.0600619
0.288162 0.210475 0.414642 0.0119732 0.074748
0.0841543 0.462991 0.348658 9.9991E-05 0.104097
0.619898 0.0803434 0.190421 0.0505021 0.0588359
0.0914035 0.505472 0.322912 9.9991E-05 0.0801123
0.315249 0.195905 0.463289 0.0254563 9.9991E-05
0.510464 0.0681376 0.391783 0.0295155 9.9991E-05
0.450214 0.0433593 0.451207 0.0551201 9.9991E-05
0.339702 0.113226 0.546873 9.9982E-05 9.9982E-05
0.619928 0.0348539 0.126921 0.0349036 0.183394
0.59392 0.099007 0.12976 0.0994616 0.0778518
0.566458 0.202318 0.13019 0.0184599 0.0825746
0.0797158 0.453317 0.34787 9.9991E-05 0.118997
0.545239 0.186592 0.066872 0.163697 0.037599
0.532344 0.312856 9.9991E-05 0.0933909 0.0613098
0.065649 0.650649 0.0718205 0.211782 9.9991E-05
0.665348 0.13311 9.9991E-05 0.134786 0.0666556
0.347147 0.381168 0.0730736 0.10936 0.0892514
0.546624 0.220422 0.0140508 0.0871619 0.131741
0.316677 0.45544 0.0167305 0.201657 0.00949643
0.221429 0.454761 0.195165 0.128545 9.9991E-05
0.525939 0.278901 0.133037 0.062023 9.9991E-05
0.601419 0.210979 0.0463057 0.104705 0.0365911
0.402089 0.230207 0.0788142 0.212277 0.0766127
9.9991E-05 0.552017 0.168704 0.0740281 0.205151
0.548321 0.0571411 0.143165 0.126304 0.125068
0.426211 0.440568 0.133022 9.9982E-05 9.9982E-05
0.493894 0.307005 0.102472 0.047569 0.0490606
0.650316 0.0974488 0.145619 0.0925188 0.0140973
0.131969 0.219948 0.00249489 0.320103 0.325485
9.9982E-05 0.242373 9.9982E-05 0.588137 0.169291
9.9982E-05 0.358983 9.9982E-05 0.491953 0.148864
0.0528293 0.155186 0.0284771 0.39606 0.367448
0.728606 0.243211 9.9991E-05 0.00293577 0.0251473
0.58571 0.0953884 0.0307659 0.191636 0.0964998
0.338326 9.9973E-05 9.9973E-05 9.9973E-05 0.661374
0.3865 9.9991E-05 0.0744777 0.120617 0.418305
0.27808 0.0206389 0.148547 0.085976 0.466758
0.287067 0.618351 9.9991E-05 0.0365699 0.0579123
0.486067 0.199896 0.120965 0.112109 0.080962
0.214805 0.689537 9.9991E-05 0.0240329 0.0715253
0.662877 0.206906 9.9991E-05 0.065788 0.0643287
0.474697 0.403982 0.0698955 0.0299909 0.0214342
0.541372 0.264305 0.0720334 0.00754284 0.114747
0.218609 0.626653 0.074414 0.0414428 0.0388805
0.669945 0.150553 0.00559128 0.0847328 0.0891784
0.515218 0.228559 0.0775827 0.127248 0.0513911
0.00679476 0.00649593 9.9982E-05 9.9982E-05 0.986509
0.0686854 9.9982E-05 0.0308465 9.9982E-05 0.900268
0.252693 0.109581 0.0106148 0.0454043 0.581707
0.306031 9.9973E-05 9.9973E-05 9.9973E-05 0.693669
0.0485729 0.0139756 0.0768041 0.00253417 0.858113
9.997E-05 9.997E-05 9.997E-05 9.997E-05 0.9996
9.9973E-05 9.9973E-05 0.0387871 9.9973E-05 0.960913
0.0864052 9.9973E-05 9.9973E-05 9.9973E-05 0.913295
9.9973E-05 9.9973E-05 0.0413479 9.9973E-05 0.958352
9.997E-05 9.997E-05 9.997E-05 9.997E-05 0.9996
9.997E-05 9.997E-05 9.997E-05 9.997E-05 0.9996
0.158939 9.9991E-05 0.00649715 0.0360863 0.798378
0.111548 9.9991E-05 0.0280555 0.0928822 0.767415
9.9973E-05 9.9973E-05 0.013786 9.9973E-05 0.985914
0.468686 0.0105914 0.0764163 0.0561399 0.388167
0.229966 9.9991E-05 0.0776857 0.0644148 0.627833
0.134533 9.9991E-05 0.0508312 0.0547002 0.759836
0.0265524 9.9982E-05 0.0577423 9.9982E-05 0.915505
9.997E-05 9.997E-05 9.997E-05 9.997E-05 0.9996
0.00497609 0.0263391 0.0130857 0.0143617 0.941237
9.997E-05 9.997E-05 9.997E-05 9.997E-05 0.9996
0.261113 9.9991E-05 0.107228 0.025334 0.606225
9.9973E-05 9.9973E-05 0.0679503 9.9973E-05 0.93175
9.9982E-05 0.552656 9.9982E-05 0.392157 0.0549872
0.453517 0.158871 0.142404 0.162473 0.082734
0.43911 0.213631 0.0223865 0.23155 0.0933224
0.142726 0.363894 0.0549302 0.272971 0.165478
0.532193 0.0874732 0.0629245 0.152761 0.164649
0.132865 0.425458 9.9991E-05 0.247756 0.193821
0.497285 0.0568394 0.103045 0.16021 0.182622
0.276112 0.378102 9.9991E-05 0.143931 0.201755
0.412036 0.252103 9.9991E-05 0.13282 0.202942
0.348559 0.257666 9.9991E-05 0.156941 0.236734
0.371089 0.180765 0.100639 0.171971 0.175536
0.0403074 0.0725492 0.0214403 0.865603 9.9991E-05
9.9982E-05 0.0387026 9.9982E-05 0.92161 0.039487
9.9982E-05 0.0134026 0.0693632 0.917034 9.9982E-05
9.9973E-05 9.9973E-05 0.0437658 0.955934 9.9973E-05
9.9982E-05 9.9982E-05 0.0745591 0.901218 0.0240225
9.9982E-05 0.022086 9.9982E-05 0.886138 0.0915764
0.0451688 9.9991E-05 0.00691466 0.894065 0.0537511
0.00106161 0.0850082 9.9991E-05 0.912184 0.00164639
0.0213241 0.0193623 0.00125874 0.9428 0.015255
9.9982E-05 9.9982E-05 0.00721708 0.881125 0.111458
9.9982E-05 0.147189 0.253843 0.598769 9.9982E-05
0.0399267 0.0342629 0.323839 0.574918 0.0270534
9.9982E-05 0.17242 0.28833 0.53905 9.9982E-05
9.9982E-05 0.179935 0.338727 0.481138 9.9982E-05
0.612796 0.192788 0.0945025 0.0675012 0.0324127
0.615526 0.208889 0.0967606 0.0618454 0.0169797
0.638547 0.0913435 0.215463 0.00739921 0.0472467
0.524246 0.197552 0.270902 0.00720082 9.9991E-05
0.264987 0.0862381 0.648575 9.9982E-05 9.9982E-05
0.723259 0.103806 0.0400273 0.0979825 0.0349244
0.712451 0.170718 0.108026 9.9991E-05 0.00870556
0.645049 0.290234 0.056496 9.9991E-05 0.00812077
0.591582 0.384561 9.9982E-05 9.9982E-05 0.0236568
0.585593 0.203102 0.0626952 0.0114632 0.137146
0.564657 0.29168 0.143463 9.9982E-05 9.9982E-05
0.0823516 0.784803 0.132646 9.9982E-05 9.9982E-05
0.628584 0.0860767 0.215739 0.0695003 9.9991E-05
0.368338 0.580878 9.9991E-05 0.0460201 0.0046636
0.690973 0.277497 0.0180304 0.013399 9.9991E-05
0.301353 0.446571 0.242371 0.00960591 9.9991E-05
9.9982E-05 0.114487 0.71121 0.174103 9.9982E-05
0.0994758 0.108737 0.664627 0.12706 9.9991E-05
9.9982E-05 0.107268 0.849745 0.0427867 9.9982E-05
9.9982E-05 0.0776397 0.782791 0.13937 9.9982E-05
0.0278736 0.104817 0.806985 0.017436 0.0428883
0.119882 0.0335406 0.74185 0.099007 0.00571994
0.111358 9.9973E-05 9.9973E-05 0.888342 9.9973E-05
0.101258 9.9991E-05 0.0570007 0.818545 0.0230971
0.101728 9.9982E-05 9.9982E-05 0.770793 0.127279
0.00591008 9.9991E-05 0.0933588 0.776794 0.123837
0.0594249 0.0343004 9.9991E-05 0.795988 0.110186
9.9982E-05 0.122765 0.506802 0.370233 9.9982E-05
9.9982E-05 0.151085 0.367761 0.480954 9.9982E-05
9.9982E-05 0.103481 0.462898 0.433421 9.9982E-05
0.122407 9.9991E-05 0.0217825 0.819936 0.0357752
9.9982E-05 0.0837718 0.532097 0.383931 9.9982E-05
0.228997 0.145402 9.9991E-05 0.172134 0.453366
0.533657 9.9991E-05 0.089402 0.117812 0.259029
0.490659 9.9982E-05 9.9982E-05 0.172157 0.336983
0.354166 0.176426 9.9991E-05 0.227641 0.241667
0.4604 0.052957 0.017519 0.260424 0.2087
9.9982E-05 0.202589 9.9982E-05 0.454842 0.342369
0.537343 0.16018 0.302277 9.9982E-05 9.9982E-05
0.346924 0.294919 0.263648 0.0465504 0.0479584
0.360863 0.0308195 0.52033 0.0878872 9.9991E-05
0.502304 0.296893 0.111853 0.00236563 0.0865834
9.9973E-05 0.865389 0.134311 9.9973E-05 9.9973E-05
0.514044 0.191629 0.136623 0.117076 0.0406284
0.543403 0.29275 0.0825766 0.0575886 0.0236813
0.423526 0.122391 0.397572 0.0564107 9.9991E-05
0.589477 0.0936065 0.182032 0.0499944 0.0848898
0.112106 0.568892 0.258175 9.9991E-05 0.0607268
0.47437 0.305633 0.138314 0.0351931 0.0464897
0.573752 0.0793698 0.290112 9.9991E-05 0.0566657
0.394085 0.211445 0.0534747 0.162467 0.178528
0.410397 0.253111 0.295207 9.9991E-05 0.0411846
0.492298 0.157156 0.280477 0.0623873 0.00768184
0.474311 0.222976 0.136936 0.00250194 0.163275
0.674509 0.155234 0.170057 9.9982E-05 9.9982E-05
0.694143 0.0169631 0.147564 0.0370218 0.104308
0.623309 0.169181 0.0536812 0.13515 0.0186786
0.499684 0.052191 0.273174 0.0121738 0.162777
0.118352 9.9982E-05 9.9982E-05 0.797739 0.0837089
0.107726 0.0192204 9.9991E-05 0.840299 0.0326544
0.0633954 0.0971112 0.0571882 0.757857 0.0244486
0.0438246 0.0273224 0.0838214 0.794952 0.0500794
0.147769 9.9982E-05 9.9982E-05 0.840384 0.0116471
0.203601 0.123856 0.588765 9.9991E-05 0.0836775
0.420305 0.171703 0.240538 0.061414 0.10604
0.347854 0.188121 0.0896825 0.145692 0.228651
0.682522 0.00998162 0.202789 9.9991E-05 0.104607
0.605135 0.042029 0.298419 0.0543171 9.9991E-05
0.246089 0.248577 0.332315 9.9991E-05 0.172919
0.0510378 0.215467 0.569231 0.164164 9.9991E-05
0.542803 0.062723 0.300703 0.00763774 0.0861329
0.214109 0.173866 0.510714 0.0660261 0.035285
0.492838 0.247142 0.166646 0.0675529 0.0258212
0.111764 0.16593 0.562661 0.072008 0.0876368
0.588289 0.0756522 0.130509 0.111247 0.0943027
0.246093 0.0747167 0.597988 0.0811021 9.9991E-05
0.344797 0.166011 0.339948 0.0123552 0.136889
0.541252 0.192157 0.11188 0.118057 0.0366537
0.304675 0.503132 0.0836512 0.0797641 0.0287773
0.653609 0.180248 0.0350419 0.124533 0.00656777
0.483111 0.253856 0.0765233 0.153409 0.0331004
0.400973 0.444338 0.0728611 0.0817277 9.9991E-05
0.481287 0.231841 0.127968 0.0836779 0.0752261
0.64077 0.285785 9.9982E-05 0.0732453 9.9982E-05
0.194497 0.691999 0.113304 9.9982E-05 9.9982E-05
0.347693 0.620218 0.0112269 0.0207623 9.9991E-05
0.531223 0.356313 0.0762467 0.0361172 9.9991E-05
0.246515 0.614339 0.0841361 0.0549101 9.9991E-05
0.468989 0.395599 0.0628334 0.0724784 9.9991E-05
0.130812 0.182846 0.631338 9.9991E-05 0.0549029
0.208549 0.336913 0.354764 9.9991E-05 0.0996743
0.360328 0.108534 0.398814 0.00332364 0.129001
0.587311 0.0230825 0.18778 0.0308596 0.170966
0.272155 0.169497 0.526045 9.9991E-05 0.0322023
0.536405 0.144671 0.148392 0.0519235 0.118609
0.604295 0.0200372 0.183161 0.0524603 0.140046
0.576061 0.112444 0.203449 0.00745635 0.10059
0.508436 0.0645605 0.268137 0.0287464 0.13012
0.414114 0.124351 0.375778 9.9991E-05 0.0856568
0.320475 0.0690969 0.545105 9.9991E-05 0.065223
0.298991 0.10661 0.463307 9.9991E-05 0.130992
0.674616 0.0299438 0.241483 9.9991E-05 0.0538574
0.584538 0.102928 0.179377 0.0791314 0.0540261
0.466511 0.154605 0.272486 0.0632906 0.0431083
0.594322 0.132038 0.191219 9.9991E-05 0.0823213
0.375665 9.9991E-05 0.475819 0.068403 0.0800134
0.551928 0.085007 0.23665 9.9991E-05 0.126315
0.552903 0.133249 0.203553 9.9991E-05 0.110195
0.49283 0.104554 0.169344 0.111002 0.122269
0.436208 0.0461108 9.9991E-05 0.329296 0.188285
0.375088 0.146526 9.9991E-05 0.14099 0.337296
0.438121 0.120619 0.0723689 0.14772 0.221171
0.598832 0.0710407 0.115955 0.0887171 0.125455
0.54006 0.0630673 9.9991E-05 0.216144 0.180628
0.471343 0.271462 0.209468 9.9991E-05 0.0476266
0.535379 0.0156499 0.167903 0.185453 0.0956144
9.9982E-05 0.542159 9.9982E-05 0.289773 0.167867
0.444559 0.106283 0.106184 0.120745 0.222229
0.598196 0.125961 0.00657527 0.121462 0.147805
0.532055 0.119726 0.0466143 0.0700876 0.231517
0.345043 0.294902 0.0308109 0.139856 0.189388
0.582634 0.00736668 0.0218044 0.264163 0.124032
0.477332 0.0685096 9.9991E-05 0.211147 0.242912
9.9982E-05 0.308272 9.9982E-05 0.51669 0.174838
0.500037 0.0377565 0.0768996 0.161164 0.224142
0.479203 0.069691 9.9991E-05 0.238512 0.212494
0.466144 0.093869 0.111047 0.140468 0.188472
0.488964 0.0745713 9.9991E-05 0.135484 0.300881
0.528071 0.138515 9.9991E-05 0.182794 0.15052
0.521052 0.345657 0.0380067 9.9991E-05 0.0951848
0.507596 0.259195 0.0194562 0.126053 0.0877007
0.0518083 0.778107 0.153756 9.9991E-05 0.016228
0.107975 0.776363 0.106217 0.00934411 9.9991E-05
0.547451 0.268272 0.0754364 0.0138588 0.0949816
0.352147 0.12458 9.9991E-05 0.168399 0.354774
0.217569 0.231444 9.9991E-05 0.0825893 0.468298
0.225978 0.233492 9.9991E-05 0.248583 0.291846
0.354419 0.122731 9.9991E-05 0.216035 0.306715
0.117008 0.62219 9.9991E-05 0.116288 0.144414
0.182208 0.558285 9.9991E-05 0.101931 0.157476
0.52529 0.267538 9.9991E-05 0.00674104 0.20033
0.515887 0.294053 9.9991E-05 0.0724541 0.117506
0.20738 0.507118 9.9991E-05 0.096733 0.188669
0.534091 0.191791 0.0333112 0.125953 0.114854
0.517796 0.232048 0.0432561 0.00538623 0.201514
0.531685 0.17137 0.0247629 0.124665 0.147517
0.438375 0.475554 0.0619475 0.0240236 9.9991E-05
0.383274 0.432637 0.12026 9.9991E-05 0.0637282
0.500969 0.255113 0.112394 0.0197647 0.111759
0.397804 0.297506 0.114513 0.124285 0.0658924
0.407514 0.213727 0.0934634 0.120754 0.164542
0.491402 0.442742 0.0222717 9.9991E-05 0.043485
0.28978 0.611926 0.0769392 9.9991E-05 0.0212548
0.554208 0.285324 9.9991E-05 0.0691678 0.0912004
0.323783 0.558307 0.0939528 9.9991E-05 0.0238576
0.490805 0.447912 0.0285115 9.9991E-05 0.0326719
0.554004 0.253407 0.0456906 0.0738744 0.0730242
0.465608 0.301369 0.0791284 0.0639825 0.0899117
0.485283 0.118841 9.9991E-05 0.173784 0.221992
0.408517 0.259755 0.0116847 0.159149 0.160894
0.348891 0.185365 9.9991E-05 0.204454 0.261191
0.21762 0.128389 0.153346 0.157576 0.343068
0.36768 0.133644 0.156322 0.093396 0.248958
0.38822 0.169637 0.0623531 0.140814 0.238976
9.9982E-05 0.607215 9.9982E-05 0.21004 0.182546
0.533483 0.09925 9.9991E-05 0.0828721 0.284295
9.9982E-05 0.379917 9.9982E-05 0.460129 0.159754
0.501543 0.168479 9.9991E-05 0.0566338 0.273244
0.205488 0.794212 9.9973E-05 9.9973E-05 9.9973E-05
9.9991E-05 0.879639 0.0772629 0.0132735 0.0297244
0.583084 0.360873 0.0558436 9.9982E-05 9.9982E-05
0.749158 0.204073 9.9991E-05 0.00783572 0.0388328
0.541008 0.431489 0.0273038 9.9982E-05 9.9982E-05
0.645749 0.290061 0.000907634 9.9991E-05 0.0631821
0.52137 0.386494 0.0111018 9.9991E-05 0.0809345
0.114966 9.9991E-05 0.0261097 0.815348 0.0434769
9.9982E-05 9.9982E-05 0.155019 0.708068 0.136714
9.9982E-05 9.9982E-05 0.0366279 0.913317 0.0498556
0.0483966 9.9973E-05 9.9973E-05 0.951303 9.9973E-05
0.53756 0.277624 0.0939041 0.0205603 0.0703518
0.68611 0.211131 0.0226232 0.0800361 9.9991E-05
0.689308 0.209402 0.0380472 0.063143 9.9991E-05
0.689292 0.15598 0.0362895 0.118338 9.9991E-05
0.591283 0.207934 0.0494092 0.073672 0.0777024
0.387224 0.444187 0.151559 0.0169297 9.9991E-05
0.768665 0.173063 9.9991E-05 0.0328315 0.0253405
0.494437 0.505263 9.9973E-05 9.9973E-05 9.9973E-05
0.373842 0.0207667 0.103459 0.219416 0.282515
0.53015 0.321128 0.0758559 9.9991E-05 0.0727666
0.493285 0.347701 0.158814 9.9982E-05 9.9982E-05
0.744606 0.255094 9.9973E-05 9.9973E-05 9.9973E-05
0.590187 0.274761 0.129514 0.00543855 9.9991E-05
0.706335 0.277988 9.9991E-05 0.01137 0.00420773
0.668499 0.183961 0.0529455 0.0944946 9.9991E-05
0.316569 0.683132 9.9973E-05 9.9973E-05 9.9973E-05
0.431647 0.50456 0.0223128 0.0413803 9.9991E-05
0.490329 0.436916 0.0725557 9.9982E-05 9.9982E-05
0.0872315 0.912469 9.9973E-05 9.9973E-05 9.9973E-05
0.595778 0.326594 0.0774271 9.9982E-05 9.9982E-05
0.280425 0.683542 0.0358323 9.9982E-05 9.9982E-05
0.100622 0.88238 0.0167981 9.9982E-05 9.9982E-05
0.698821 0.164257 0.0830599 0.0537622 9.9991E-05
0.375481 0.463576 0.160744 9.9982E-05 9.9982E-05
0.513173 0.269954 0.185476 9.9991E-05 0.0312973
0.677257 0.0943236 0.0972887 0.124249 0.00688193
0.584215 0.159379 0.185757 0.0310774 0.0395726
0.331986 0.256237 0.27354 9.9991E-05 0.138137
0.714893 0.195534 0.0351301 0.0356379 0.018805
0.612939 0.296966 0.0365008 0.053494 9.9991E-05
0.517162 0.473799 0.0088397 9.9982E-05 9.9982E-05
0.580008 0.183245 0.109097 0.120025 0.00762488
0.000580469 0.0221061 0.305273 0.671941 9.9991E-05
0.0533156 0.0763914 0.0912117 0.778981 9.9991E-05
9.9982E-05 0.0167684 0.169033 0.813999 9.9982E-05
9.9982E-05 0.00526257 0.159799 0.834738 9.9982E-05
0.0412814 9.9982E-05 0.197137 0.761382 9.9982E-05
0.311217 0.390294 0.291461 0.00481874 0.00221024
0.314683 0.533098 0.104936 0.0471829 9.9991E-05
0.344163 0.655537 9.9973E-05 9.9973E-05 9.9973E-05
0.683003 0.133556 9.9991E-05 0.148477 0.034864
0.664969 0.144051 0.0532726 0.137608 9.9991E-05
0.486579 0.499409 9.9982E-05 0.0138122 9.9982E-05
0.71729 0.168719 0.0903196 9.9991E-05 0.0235713
0.577181 0.380906 9.9991E-05 0.0359243 0.00588854
0.705269 0.201506 0.00926906 0.083856 9.9991E-05
0.702385 0.164924 0.0371775 0.0954127 9.9991E-05
0.42561 0.387855 0.186335 9.9982E-05 9.9982E-05
0.549255 0.320495 0.13005 9.9982E-05 9.9982E-05
0.540027 0.28175 0.178023 9.9982E-05 9.9982E-05
0.635795 0.174165 0.0195825 0.145391 0.0250653
0.599549 0.324803 0.0158301 0.0597181 9.9991E-05
0.61591 0.278718 0.0815611 0.0237108 9.9991E-05
0.403416 0.0190375 0.0598171 0.0833007 0.434429
0.387801 0.01293 9.9991E-05 0.155631 0.443538
0.340641 0.0134431 9.9991E-05 0.0943837 0.551432
0.227651 0.0641641 9.9991E-05 0.177873 0.530211
0.432632 0.0633897 0.0304969 0.122337 0.351144
0.610403 0.300983 0.0221733 0.0663413 9.9991E-05
0.0397143 9.9991E-05 0.00607315 0.28571 0.668403
0.340264 0.0321609 0.0285496 0.130913 0.468113
0.463973 0.150403 0.0549582 0.187625 0.143041
0.618403 0.110146 0.0164004 0.254951 9.9991E-05
0.455606 0.249665 0.116358 0.121115 0.0572559
0.554778 0.114157 0.0946166 0.108535 0.127913
0.601482 0.130046 0.0888407 0.150062 0.0295703
0.302583 9.9982E-05 9.9982E-05 0.23192 0.465297
0.369894 0.00445801 0.0966161 0.0634492 0.465582
0.360708 0.000916166 9.9991E-05 0.0115423 0.626734
0.407612 0.113226 0.054907 0.11388 0.310374
0.237921 0.0380454 9.9991E-05 0.107297 0.616637
0.449995 0.0839378 9.9991E-05 0.135302 0.330665
0.245611 0.00950965 0.0511111 0.115454 0.578314
0.322011 0.0686105 0.0546446 0.0654045 0.489329
0.596287 0.217897 9.9991E-05 0.152616 0.0331001
0.313272 0.0755119 0.00902311 0.146404 0.45579
0.0991609 0.0335283 9.9991E-05 0.148889 0.718322
0.357252 9.9991E-05 0.157515 0.124735 0.360397
0.259604 0.267028 0.269509 0.203759 9.9991E-05
0.570109 0.184325 0.112713 0.0118807 0.120973
0.272245 9.9991E-05 0.193046 0.150683 0.383926
0.579941 0.131839 0.0866658 0.152679 0.0488759
0.55576 0.182569 0.0372323 0.224338 9.9991E-05
0.40332 0.102267 0.0442278 0.199979 0.250207
0.334 0.13884 9.9991E-05 0.2283 0.29876
0.584246 0.118833 9.9991E-05 0.157124 0.139696
0.255134 0.0604298 0.118781 0.151126 0.414529
0.336247 0.027263 0.0418444 0.074142 0.520504
0.122293 0.0258582 9.9991E-05 0.206112 0.645636
0.544181 0.142676 9.9991E-05 0.121089 0.191955
0.54796 0.189799 0.0712929 0.190848 9.9991E-05
0.133122 0.557746 9.9991E-05 0.192735 0.116297
0.590805 0.0410962 0.113648 0.172951 0.0814994
0.508713 0.131214 0.233784 0.126189 9.9991E-05
0.488227 0.167284 0.00815094 0.164429 0.171909
0.362694 0.122525 0.154244 0.13092 0.229617
9.9982E-05 0.417382 9.9982E-05 0.355364 0.227054
9.9982E-05 0.451513 9.9982E-05 0.401192 0.147095
0.223795 0.281793 0.136818 0.15841 0.199183
9.9982E-05 0.414509 9.9982E-05 0.330735 0.254556
9.9982E-05 0.294707 9.9982E-05 0.456692 0.248401
0.349951 0.244766 0.0659833 0.123158 0.216142
0.35256 0.242442 9.9991E-05 0.213138 0.19176
0.149116 0.30489 9.9991E-05 0.28969 0.256203
0.0412355 0.394275 9.9991E-05 0.298704 0.265685
0.469378 0.250276 0.0204853 0.116647 0.143215
0.178938 0.423588 9.9991E-05 0.258413 0.138961
9.9982E-05 0.401795 9.9982E-05 0.502699 0.0953068
0.51791 0.0392843 0.147725 0.0750573 0.220023
0.329907 0.190813 0.0501792 0.203471 0.22563
0.518518 9.9991E-05 0.00736711 0.360879 0.113136
0.521783 9.9982E-05 9.9982E-05 0.172771 0.305245
0.527172 0.109049 9.9991E-05 0.181151 0.182528
0.408894 0.120603 0.0466606 0.0668899 0.356952
0.293873 9.9991E-05 0.0558953 0.361595 0.288537
0.546227 0.00175743 0.0128537 0.231898 0.207265
0.471355 9.9991E-05 0.00117839 0.279115 0.248252
0.315176 0.112513 0.0344116 0.244779 0.29312
0.371742 0.2085 0.131433 0.203702 0.0846227
0.479842 0.100161 0.0721547 0.173645 0.174198
0.604198 0.0411913 9.9991E-05 0.198233 0.156278
0.581528 0.0879179 0.0812238 0.122574 0.126756
0.339693 0.0303727 0.0312236 0.290415 0.308295
0.49205 0.0598984 9.9991E-05 0.161101 0.28685
0.0967185 0.21624 9.9991E-05 0.423762 0.263179
0.491236 0.0260388 9.9991E-05 0.214947 0.267678
0.164738 0.1948 9.9991E-05 0.271236 0.369127
9.9982E-05 0.0250938 0.17358 0.801126 9.9982E-05
0.0909981 0.0580924 0.784153 0.0212931 0.045463
9.9973E-05 9.9973E-05 0.992721 0.00697925 9.9973E-05
9.997E-05 9.997E-05 0.9996 9.997E-05 9.997E-05
0.00319288 9.9982E-05 0.961709 9.9982E-05 0.0348986
9.9982E-05 9.9982E-05 0.953715 0.00659021 0.0394948
0.0895441 9.9973E-05 0.910156 9.9973E-05 9.9973E-05
9.9973E-05 9.9973E-05 0.934711 0.0649891 9.9973E-05
9.9973E-05 9.9973E-05 0.793923 0.205777 9.9973E-05
9.9991E-05 0.000796382 0.0433965 0.919943 0.0357643
0.064613 9.9982E-05 0.124558 0.810629 9.9982E-05
0.0282377 0.0278595 9.9991E-05 0.904758 0.0390445
0.0536094 9.9982E-05 0.0983254 0.847865 9.9982E-05
9.9982E-05 9.9982E-05 0.0954154 0.861902 0.0424824
9.9982E-05 0.0554271 0.0429637 0.901409 9.9982E-05
0.0034118 0.0159507 0.0470746 0.763828 0.169735
0.0235659 0.0243061 9.9991E-05 0.872279 0.079749
0.100514 9.9982E-05 0.0984472 0.800839 9.9982E-05
0.0400393 9.9982E-05 9.9982E-05 0.942372 0.0173891
9.9973E-05 9.9973E-05 0.0262213 0.973479 9.9973E-05
0.0590592 0.0102786 0.04426 0.840139 0.0462632
9.9982E-05 9.9982E-05 0.0483077 0.933291 0.0182017
0.0730811 9.9982E-05 9.9982E-05 0.903521 0.0231978
0.0595487 9.9991E-05 0.0119505 0.846965 0.0814364
0.109787 9.9982E-05 9.9982E-05 0.854703 0.0353104
0.0692698 9.9982E-05 9.9982E-05 0.77593 0.1546
0.10293 9.9982E-05 9.9982E-05 0.767094 0.129776
0.0969319 9.9982E-05 9.9982E-05 0.826026 0.0768417
0.41838 0.211896 0.13292 0.175839 0.0609655
0.726757 0.143316 0.0308674 0.0989595 9.9991E-05
0.649197 0.0541739 0.0809294 0.180781 0.0349192
0.135455 0.693968 0.00101909 0.138244 0.0313137
0.549504 0.111908 0.138805 0.181341 0.0184427
0.0500399 0.646008 9.9991E-05 0.220354 0.0834988
0.671133 0.155001 9.9991E-05 0.11348 0.0602853
0.49669 0.247761 0.144256 0.111193 9.9991E-05
0.565268 0.220023 0.0766921 0.137917 9.9991E-05
0.592172 0.236592 0.0739172 0.032467 0.0648516
0.544091 0.21519 0.116161 0.124458 9.9991E-05
0.700612 0.10898 9.9991E-05 0.154214 0.0360944
0.665434 0.0906546 0.117615 0.123311 0.00298579
0.0950479 0.396732 0.436421 9.9991E-05 0.0716983
9.9982E-05 0.830781 0.0767043 0.0923144 9.9982E-05
0.114601 0.620202 0.0265111 0.126194 0.112492
0.670188 0.103896 9.9991E-05 0.13769 0.0881267
0.561735 0.197175 0.078271 0.115087 0.0477323
0.577199 0.25569 9.9982E-05 0.166911 9.9982E-05
0.700347 0.14745 9.9991E-05 0.150904 0.001199
0.515663 0.0887302 0.0466295 0.198448 0.150529
0.635185 9.9991E-05 0.0211192 0.218424 0.125172
0.119332 0.122207 0.210351 0.386032 0.162078
0.638284 0.103177 0.0636965 0.138498 0.0563446
0.427696 0.0653501 0.0905606 0.235126 0.181267
9.9982E-05 0.336533 9.9982E-05 0.479091 0.184176
0.290141 0.175074 9.9991E-05 0.276126 0.25856
0.332765 0.0533286 0.0621344 0.382697 0.169075
0.399617 9.9991E-05 0.135476 0.359296 0.105511
0.437669 0.0978309 0.0916081 0.0657264 0.307166
0.521383 0.0248911 9.9991E-05 0.219102 0.234524
0.610041 0.0210648 9.9991E-05 0.181685 0.187109
0.440822 0.15867 9.9991E-05 0.192054 0.208355
0.30173 0.0225824 0.0153328 0.473349 0.187007
