0.0180259 9.9955E-05 9.9955E-05 9.9955E-05 9.9955E-05 0.0481875 0.0748625 0.235184 0.62324 9.9955E-05
9.9964E-05 9.9964E-05 9.9964E-05 9.9964E-05 0.0185395 0.0061688 0.0198606 0.292007 0.632086 0.030938
0.0359018 9.9964E-05 0.042205 9.9964E-05 9.9964E-05 0.0534173 0.0810288 0.207022 0.580025 9.9964E-05
0.0838056 9.9964E-05 0.0229526 9.9964E-05 9.9964E-05 0.071819 0.036041 0.0354914 0.749491 9.9964E-05
0.0007939 9.9964E-05 0.0449601 9.9964E-05 9.9964E-05 0.00848204 9.9964E-05 0.262888 0.646648 0.0358283
0.0732035 9.9982E-05 9.9982E-05 0.154887 0.0621463 0.105655 0.00322076 0.0911645 0.498716 0.0108077
9.9946E-05 9.9946E-05 9.9946E-05 0.121903 9.9946E-05 0.0644634 0.0125647 9.9946E-05 0.800469 9.9946E-05
0.0618871 9.9964E-05 9.9964E-05 9.9964E-05 9.9964E-05 0.155962 0.0243832 0.00580378 0.711192 0.0403716
9.99549E-05 9.99549E-05 9.99549E-05 0.0465713 0.0516214 0.0834037 9.99549E-05 0.166015 0.651889 9.99549E-05
0.044023 9.9973E-05 0.0330548 0.0545113 9.9973E-05 0.10093 0.0204329 9.9973E-05 0.717059 0.0296897
9.9964E-05 0.0131687 0.00933108 0.123556 9.9964E-05 0.120959 9.9964E-05 0.0666665 0.665919 9.9964E-05
0.0459133 0.712689 0.138095 0.00984417 0.0220071 0.0589321 9.9973E-05 9.9973E-05 0.0122195 9.9973E-05
0.0565172 0.457089 0.400646 9.9964E-05 9.9964E-05 0.00150431 0.0781779 0.00566666 9.9964E-05 9.9964E-05
0.105759 0.73774 0.0670976 9.9964E-05 9.9964E-05 9.9964E-05 9.9964E-05 0.0219112 0.028997 0.0380949
0.152907 0.661365 0.150858 9.9955E-05 9.9955E-05 9.9955E-05 0.0130107 9.9955E-05 0.0213591 9.9955E-05
0.0484623 0.349775 0.310812 0.123216 9.9973E-05 0.0134136 0.0324692 9.9973E-05 0.121553 9.9973E-05
0.0740766 0.364564 0.46755 9.9973E-05 9.9973E-05 0.0170582 0.00192234 0.00188075 0.0726473 9.9973E-05
0.0173606 0.27423 0.383599 0.0360325 0.121952 0.00654268 0.0779396 9.9982E-05 9.9982E-05 0.0821438
0.104175 0.628726 0.137882 9.9955E-05 0.0268948 9.9955E-05 9.9955E-05 9.9955E-05 0.101822 9.9955E-05
9.9955E-05 0.763625 9.9955E-05 0.115255 9.9955E-05 0.0753137 9.9955E-05 0.00845646 0.0368497 9.9955E-05
0.0668216 0.278987 0.27052 9.9982E-05 0.157347 0.0536051 0.0308475 0.0742374 9.9982E-05 0.0674343
0.0810302 0.249844 0.417692 0.135504 0.0856684 9.9991E-05 0.00625622 0.00195474 0.00854737 0.0134036
9.9982E-05 0.119774 0.523982 9.9982E-05 0.113461 0.058269 0.00602676 0.0520769 0.0381598 0.0880512
0.0892845 0.740124 0.151645 9.9955E-05 9.9955E-05 9.9955E-05 0.00651886 9.9955E-05 0.0119278 9.9955E-05
0.0400163 0.113638 0.536135 9.9964E-05 0.0761668 9.9964E-05 9.9964E-05 9.9964E-05 0.182164 0.0514804
0.114919 0.362322 0.445537 0.0454831 0.0112347 9.9964E-05 0.020104 9.9964E-05 9.9964E-05 9.9964E-05
0.11728 0.831392 0.02597 9.9955E-05 9.9955E-05 9.9955E-05 0.00606214 0.0187954 9.9955E-05 9.9955E-05
0.180911 0.751128 9.9946E-05 0.036579 9.9946E-05 9.9946E-05 9.9946E-05 9.9946E-05 0.0307817 9.9946E-05
0.03403 0.742203 0.0932184 0.0385119 9.9964E-05 9.9964E-05 9.9964E-05 9.9964E-05 0.04572 0.0459164
9.99201E-05 9.99201E-05 9.99201E-05 9.99201E-05 9.99201E-05 9.99201E-05 0.999101 9.99201E-05 9.99201E-05 9.99201E-05
9.99201E-05 9.99201E-05 9.99201E-05 9.99201E-05 9.99201E-05 9.99201E-05 0.999101 9.99201E-05 9.99201E-05 9.99201E-05
0.0327067 9.9964E-05 0.030494 9.9964E-05 0.0406958 9.9964E-05 0.35131 0.204548 0.339845 9.9964E-05
0.107068 9.9973E-05 0.00492649 9.9973E-05 0.0633448 0.017647 0.337678 0.0758818 0.393154 9.9973E-05
0.0233338 0.16086 0.49027 9.9982E-05 0.208552 0.0119501 0.00508254 0.0140758 9.9982E-05 0.0856755
0.0903055 0.133992 0.353077 9.9964E-05 0.317621 9.9964E-05 9.9964E-05 0.0555537 0.0490508 9.9964E-05
0.0290744 9.9955E-05 0.567411 0.0177104 0.366479 9.9955E-05 9.9955E-05 9.9955E-05 0.0188255 9.9955E-05
9.9973E-05 0.616784 0.0577464 9.9973E-05 0.0519785 0.126209 0.00566728 9.9973E-05 0.0973376 0.0439773
0.0456388 0.0141378 0.284896 0.00655622 0.640754 0.00227076 9.9973E-05 9.9973E-05 0.00544663 9.9973E-05
0.0496008 0.0293479 0.503941 9.9982E-05 0.248617 0.0229593 9.9982E-05 0.00284491 0.083812 0.0586777
9.9964E-05 9.9964E-05 0.712553 0.0529697 0.156944 0.0112392 0.00961891 9.9964E-05 9.9964E-05 0.0562754
9.9964E-05 9.9964E-05 0.564185 0.159856 0.131036 0.045334 0.0592388 9.9964E-05 0.0399495 9.9964E-05
0.018809 0.0150996 0.594336 0.0245077 0.0836258 0.096888 0.0582551 0.108279 9.9982E-05 9.9982E-05
0.00314094 0.182819 0.0342839 9.9973E-05 0.714609 0.0318763 0.031388 9.9973E-05 0.00158281 9.9973E-05
0.129871 0.0475715 0.491371 0.232396 0.0784267 0.013883 9.9973E-05 0.00618105 9.9973E-05 9.9973E-05
0.0964157 9.9982E-05 0.536196 0.0244447 0.22016 0.000228962 0.00248993 9.9982E-05 0.0720566 0.0478086
0.0762296 0.106408 0.494545 9.9973E-05 0.230287 9.9973E-05 0.00903648 0.021635 0.0615583 9.9973E-05
0.0292138 9.9955E-05 0.272636 0.0108508 0.684385 9.9955E-05 0.00241484 9.9955E-05 9.9955E-05 9.9955E-05
0.100342 9.9973E-05 0.543548 9.9973E-05 0.253919 0.00406109 0.00996096 0.0693352 0.0185339 9.9973E-05
0.00404717 9.9973E-05 0.566121 9.9973E-05 0.130631 9.9973E-05 0.0698076 0.0376131 0.0889957 0.102484
9.9946E-05 9.9946E-05 9.9946E-05 0.226204 0.66671 9.9946E-05 9.9946E-05 9.9946E-05 0.0833321 0.0231538
9.9964E-05 0.29158 0.115367 0.090626 0.195518 0.234909 9.9964E-05 9.9964E-05 9.9964E-05 0.0716003
0.0151737 0.354651 0.00799104 0.266454 0.19732 0.0197293 9.9982E-05 0.0416108 9.9982E-05 0.0968706
9.9964E-05 0.1539 0.553379 0.0369592 0.0913596 0.0966043 9.9964E-05 9.9964E-05 0.0673985 9.9964E-05
9.9973E-05 0.140216 0.579631 0.0710009 9.9973E-05 9.9973E-05 0.0136667 0.00705606 0.0975707 0.0905595
0.0592854 9.9982E-05 0.537362 0.206637 0.0220846 0.0789327 0.0219341 0.0081825 9.9982E-05 0.0653809
9.9973E-05 0.200216 0.131916 0.0703593 0.137479 0.208821 9.9973E-05 9.9973E-05 0.108442 0.142466
0.0279534 0.310127 0.504967 9.9964E-05 9.9964E-05 0.108286 0.0160342 0.0322323 9.9964E-05 9.9964E-05
0.114081 0.166799 0.487333 0.0767767 0.07739 9.9982E-05 0.0100505 0.0515429 0.0158273 9.9982E-05
9.999E-05 0.257782 0.292624 0.0794763 0.119676 0.0843201 0.0464278 0.023149 0.0705093 0.0259359
0.0222814 0.447018 0.0217808 0.0954718 0.110236 0.032813 0.0346564 0.0961088 0.0849088 0.0547251
0.0428606 0.112728 0.454175 0.0369056 0.189989 0.0156888 0.0129526 9.9991E-05 0.0738967 0.0607033
0.00952785 0.367186 0.401779 0.0172798 9.9991E-05 0.0603434 0.016359 0.0546023 0.0286564 0.0441659
9.9964E-05 0.519197 9.9964E-05 0.113686 0.108599 0.148255 0.0667052 9.9964E-05 9.9964E-05 0.043157
9.9973E-05 0.394596 0.423574 9.9973E-05 0.0479156 0.0457208 0.0111503 0.0254906 9.9973E-05 0.0512536
0.0396013 0.0637641 0.585551 0.0572202 0.059491 0.0509632 9.9982E-05 9.9982E-05 0.0793208 0.0638882
0.0905542 0.18926 0.489181 0.0142301 0.040936 9.9982E-05 0.0890812 9.9982E-05 0.0226521 0.0639054
0.0653571 0.306539 0.265191 0.106437 0.179411 0.0340778 0.0134433 9.9982E-05 0.0293435 9.9982E-05
9.9964E-05 0.338948 0.46334 0.0605129 0.0120413 9.9964E-05 0.0374249 9.9964E-05 9.9964E-05 0.0873335
9.9973E-05 0.0775609 0.522274 9.9973E-05 0.118411 0.147717 0.0237961 0.104679 9.9973E-05 0.00526225
9.9982E-05 0.492927 0.0764276 0.0567996 0.146121 0.0590111 0.0853002 0.00368587 9.9982E-05 0.0795272
9.9955E-05 9.9955E-05 0.48877 9.9955E-05 0.472613 0.0071964 9.9955E-05 0.00307631 9.9955E-05 0.0278438
9.9946E-05 0.230051 0.127731 9.9946E-05 0.60283 9.9946E-05 0.0387888 9.9946E-05 9.9946E-05 9.9946E-05
9.9973E-05 0.0236376 0.549064 0.0412586 0.242297 9.9973E-05 9.9973E-05 0.0364811 0.0879843 0.0189776
0.0782988 0.105755 0.495003 0.0299656 0.112078 0.0258 9.9982E-05 0.111278 9.9982E-05 0.0416216
9.9928E-05 9.9928E-05 9.9928E-05 0.158249 0.840952 9.9928E-05 9.9928E-05 9.9928E-05 9.9928E-05 9.9928E-05
9.9964E-05 0.0801198 9.9964E-05 0.0609019 0.775192 0.0180133 9.9964E-05 0.0295907 9.9964E-05 0.0357828
9.9946E-05 0.0482694 0.256068 9.9946E-05 0.673506 9.9946E-05 9.9946E-05 0.021557 9.9946E-05 9.9946E-05
0.0204074 0.0933563 0.42116 9.9955E-05 0.461207 9.9955E-05 9.9955E-05 0.00336899 9.9955E-05 9.9955E-05
9.9973E-05 0.156893 0.491213 9.9973E-05 0.142391 0.0511483 0.0185611 0.0812021 0.058292 9.9973E-05
9.9955E-05 0.114349 0.409928 9.9955E-05 0.430116 0.00427045 0.0408361 9.9955E-05 9.9955E-05 9.9955E-05
0.0215816 0.1343 0.0602731 9.9964E-05 0.624684 0.0682885 9.9964E-05 9.9964E-05 0.0904736 9.9964E-05
9.9964E-05 0.0433933 0.208508 9.9964E-05 0.463234 0.215006 9.9964E-05 0.0415117 9.9964E-05 0.0279478
0.0978018 0.0225582 0.408669 9.9991E-05 0.228009 0.00985107 0.0559476 0.064552 0.0408724 0.0716388
0.00949531 0.114736 0.22673 9.9973E-05 0.591231 9.9973E-05 0.0121689 0.0420884 0.00325012 9.9973E-05
9.9973E-05 0.106818 0.393747 0.00552717 0.39997 9.9973E-05 0.0454902 0.0335756 9.9973E-05 0.0145717
9.9964E-05 9.9964E-05 0.412471 0.0338533 0.4306 9.9964E-05 0.021328 9.9964E-05 0.0367478 0.0645993
9.9964E-05 0.030502 9.9964E-05 0.0727934 0.718775 0.029312 9.9964E-05 9.9964E-05 0.00109703 0.147121
0.0015125 9.9964E-05 0.608014 0.0214849 0.312284 9.9964E-05 0.0315079 0.0247969 9.9964E-05 9.9964E-05
0.0440852 0.0598606 0.0806865 9.9964E-05 9.9964E-05 9.9964E-05 0.0311225 0.0791802 0.704665 9.9964E-05
9.9946E-05 9.9946E-05 0.039843 9.9946E-05 9.9946E-05 9.9946E-05 0.0988737 0.300653 0.56003 9.9946E-05
0.0240837 9.9955E-05 0.0366541 9.9955E-05 9.9955E-05 9.9955E-05 0.146518 0.332191 0.460053 9.9955E-05
9.9955E-05 9.9955E-05 9.9955E-05 0.0297654 0.0229515 9.9955E-05 0.163747 0.373007 0.410029 9.9955E-05
9.9955E-05 9.9955E-05 0.0126323 9.9955E-05 0.0628252 9.9955E-05 0.131945 0.0619741 0.730123 9.9955E-05
0.000962311 9.9982E-05 0.00776368 0.00778135 9.9982E-05 0.00136405 0.0953772 0.27569 0.571495 0.0393667
9.9946E-05 9.9946E-05 0.0291147 9.9946E-05 9.9946E-05 9.9946E-05 0.0666143 0.24956 0.654112 9.9946E-05
0.10617 0.0808916 0.444785 9.9973E-05 0.25586 9.9973E-05 0.039723 0.0266573 0.0456134 9.9973E-05
0.0922023 0.116846 0.571922 0.0509593 0.070184 0.0485365 9.9991E-05 0.00394679 0.0224748 0.0228286
9.9955E-05 0.188089 0.0393041 9.9955E-05 0.70324 9.9955E-05 9.9955E-05 9.9955E-05 0.0332832 0.035584
0.106952 0.108163 0.424066 0.0376604 0.163861 0.0284239 9.9991E-05 0.0783176 0.0329103 0.0195457
9.9973E-05 0.0915195 0.395611 9.9973E-05 0.412581 0.00543367 0.0518248 0.0237986 0.0189308 9.9973E-05
9.9973E-05 9.9973E-05 0.575478 0.0460894 0.202841 9.9973E-05 0.0163119 0.0237152 0.0612648 0.0739995
9.9964E-05 9.9964E-05 0.592414 9.9964E-05 0.252867 9.9964E-05 0.0370974 0.00406392 0.0521485 0.0610098
0.0990938 9.9955E-05 0.385912 0.0680906 0.434903 9.9955E-05 9.9955E-05 9.9955E-05 9.9955E-05 0.011501
9.9955E-05 0.185453 9.9955E-05 9.9955E-05 0.68073 0.0770443 9.9955E-05 0.000115675 0.0561575 9.9955E-05
0.0600692 0.0336538 0.363859 9.9982E-05 0.234166 0.0946415 0.0903371 0.0851481 9.9982E-05 0.0379252
9.9955E-05 0.095912 0.618176 9.9955E-05 0.113239 9.9955E-05 9.9955E-05 0.0835704 9.9955E-05 0.0886026
0.0720696 0.032216 0.492487 9.9982E-05 0.111019 0.0993437 0.0549078 9.9982E-05 0.0850812 0.0526762
0.0250685 9.9964E-05 0.218611 0.0845337 0.606064 9.9964E-05 0.0596289 9.9964E-05 9.9964E-05 0.00569394
9.9964E-05 9.9964E-05 0.474097 9.9964E-05 0.323218 0.010229 0.0240716 0.0361231 9.9964E-05 0.131861
9.9973E-05 0.069696 0.368583 0.0232845 0.459915 0.0398402 0.0331602 9.9973E-05 0.00522198 9.9973E-05
0.115609 9.9946E-05 0.282711 9.9946E-05 0.580042 9.9946E-05 9.9946E-05 9.9946E-05 9.9946E-05 0.0210384
9.9964E-05 0.0487118 0.416983 9.9964E-05 0.442974 0.0241965 9.9964E-05 0.0094276 0.0573073 9.9964E-05
9.9982E-05 0.167398 0.526243 0.0239684 0.0527842 0.00536764 0.0925047 9.9982E-05 0.0541192 0.077415
9.9973E-05 0.442522 0.165679 0.102255 0.120156 0.0239712 9.9973E-05 9.9973E-05 0.0656277 0.0794903
0.0809961 0.302846 0.383835 0.0774766 0.0338664 9.9982E-05 0.0384151 0.0809009 0.0014646 9.9982E-05
0.0605757 0.158217 0.295377 0.0577237 0.110304 0.172479 0.050867 0.0506553 0.0437009 9.9991E-05
0.0275353 0.200458 0.536047 9.9982E-05 9.9982E-05 0.00262623 0.0546638 0.0326565 0.0565969 0.0892156
0.0543197 0.0359315 0.512326 9.9973E-05 0.103188 0.116221 9.9973E-05 0.114762 0.0629523 9.9973E-05
9.9955E-05 0.420758 0.364962 9.9955E-05 9.9955E-05 0.128465 0.0838566 9.9955E-05 0.00145852 9.9955E-05
9.9964E-05 0.212084 0.614775 0.0275642 9.9964E-05 0.0896208 9.9964E-05 0.015391 0.0401652 9.9964E-05
9.9946E-05 0.382271 0.426394 9.9946E-05 9.9946E-05 0.128027 9.9946E-05 0.0627083 9.9946E-05 9.9946E-05
9.9991E-05 0.139896 0.550102 0.0620702 0.0348647 0.0198507 0.0201238 0.0662242 0.0302731 0.0764958
0.0588141 0.150904 0.517685 0.0619268 0.0956502 0.0855358 9.9973E-05 0.0291845 9.9973E-05 9.9973E-05
9.9982E-05 0.213216 0.511894 0.0913211 0.0779748 0.0245691 0.0419929 0.0360657 9.9982E-05 0.00276644
9.9964E-05 0.452091 0.357482 9.9964E-05 9.9964E-05 0.0862659 0.03226 0.0360002 9.9964E-05 0.0355016
0.0536864 0.0309542 0.594297 0.062001 0.0922684 0.0656283 0.0163158 0.0846492 9.9982E-05 9.9982E-05
0.0668644 9.9973E-05 0.547258 0.122352 9.9973E-05 0.094453 0.0202199 9.9973E-05 0.127482 0.0210701
0.0826195 0.209148 0.457547 9.9964E-05 0.147515 9.9964E-05 9.9964E-05 0.01373 9.9964E-05 0.0890399
0.114991 9.9982E-05 0.495841 0.0854509 0.0871442 0.147123 0.00370905 0.0188645 9.9982E-05 0.0466755
0.107128 0.260164 0.447637 9.9955E-05 9.9955E-05 0.163504 9.9955E-05 9.9955E-05 9.9955E-05 0.0210679
9.9964E-05 0.414654 0.355942 0.0723451 9.9964E-05 9.9964E-05 0.015883 0.0873623 9.9964E-05 0.0534134
0.0423335 0.120809 0.642459 9.9973E-05 0.0731095 0.0667352 9.9973E-05 0.0231782 9.9973E-05 0.0310752
0.0183067 0.12872 0.638784 0.0748172 9.9982E-05 0.0501973 0.00796629 0.0249205 9.9982E-05 0.0560876
0.139271 0.372926 0.134133 0.0410363 0.184149 0.128084 9.9964E-05 9.9964E-05 9.9964E-05 9.9964E-05
0.0117572 0.299751 0.128292 0.175561 0.090335 0.123462 9.9982E-05 0.0172307 9.9982E-05 0.153412
9.9973E-05 0.201131 0.509435 0.110377 0.0444602 0.0685015 9.9973E-05 0.0119074 0.053887 9.9973E-05
0.0372505 0.211214 0.0707975 0.0931244 0.167079 0.165218 9.9973E-05 9.9973E-05 9.9973E-05 0.255017
0.0159311 0.576614 0.159943 9.9991E-05 0.0272112 0.0594717 0.0149861 0.0344838 0.00959568 0.101664
9.9973E-05 0.272551 0.379493 0.0204487 0.115021 0.106299 9.9973E-05 9.9973E-05 0.0293139 0.0765739
9.9973E-05 0.422857 0.219253 9.9973E-05 0.124351 0.156806 0.0548124 9.9973E-05 0.0213784 0.000243144
9.9973E-05 0.513918 0.200409 0.0182157 0.0724244 0.0980259 9.9973E-05 9.9973E-05 0.0778915 0.0188151
0.0287684 0.160506 0.561063 0.0474658 0.0681179 0.0196183 0.0265592 9.9982E-05 9.9982E-05 0.0877015
9.9973E-05 0.14799 0.502084 0.0500938 0.0123634 0.0530178 9.9973E-05 0.163667 9.9973E-05 0.0704844
0.0267577 0.176371 0.465239 9.9982E-05 0.0129371 0.0918823 0.0546758 0.0691132 9.9982E-05 0.102824
0.0402233 0.443014 0.0971159 0.188394 0.0609655 0.0810696 9.9973E-05 9.9973E-05 9.9973E-05 0.0889182
9.9973E-05 0.111379 0.518401 9.9973E-05 0.119783 0.0173414 0.0192963 9.9973E-05 0.176806 0.0366924
0.0013806 0.0233085 0.52676 0.263226 0.104659 0.0505898 9.9973E-05 9.9973E-05 9.9973E-05 0.0297759
9.9973E-05 0.0207196 9.9973E-05 0.488396 0.155709 0.116404 0.0317889 0.0899587 9.9973E-05 0.0967247
0.036829 9.9982E-05 0.532024 0.008338 0.155796 0.0151116 0.0265527 9.9982E-05 0.141276 0.0838728
0.010604 9.9991E-05 0.344049 0.266672 0.146341 0.0935285 0.0335603 0.038873 0.00258528 0.0636868
0.116844 0.100497 0.441107 0.183636 9.9982E-05 0.0244633 0.00120162 9.9982E-05 0.0431078 0.0889441
9.9982E-05 0.0251194 0.30695 0.344171 0.175416 0.087626 0.0454657 9.9982E-05 0.00564007 0.00941158
9.9982E-05 0.0851065 0.180161 0.35196 0.0516895 0.116984 0.0298751 0.00468107 9.9982E-05 0.179343
9.9964E-05 0.06666 0.422878 0.198677 0.0811886 0.0938949 9.9964E-05 9.9964E-05 9.9964E-05 0.136302
0.110903 0.198354 0.424016 0.16545 0.0103832 0.0539051 9.9973E-05 9.9973E-05 0.0366891 9.9973E-05
0.153873 0.19514 0.259481 0.121636 0.0866205 0.0654214 0.0479778 9.9991E-05 0.0491427 0.0206087
0.00169771 0.108464 0.46803 0.116609 0.0819654 0.0232262 0.0150637 0.14593 0.0109812 0.0280326
0.0537084 0.107921 0.489608 0.0556715 0.0332863 0.0107977 0.0487227 0.0496934 0.0141852 0.136406
0.153506 0.245395 9.9964E-05 0.323732 0.162473 9.9964E-05 0.0436395 9.9964E-05 9.9964E-05 0.0708547
0.140217 0.056154 0.4341 0.0886469 0.0994491 0.0227777 0.039239 0.0433461 9.9991E-05 0.07597
9.9973E-05 9.9973E-05 0.531695 0.145358 0.0886354 0.113323 0.0254324 0.0819837 0.0132738 9.9973E-05
9.9964E-05 0.12373 0.347571 0.278944 0.143647 0.0156664 9.9964E-05 9.9964E-05 9.9964E-05 0.0900416
0.0115334 0.223834 0.404443 0.216505 0.019983 9.9973E-05 9.9973E-05 0.0110867 9.9973E-05 0.112314
0.0520031 0.0253296 0.603872 0.0605248 0.108052 0.0210507 0.0105075 0.108728 9.9991E-05 0.00983115
0.105563 0.0426248 0.483792 0.0245358 0.12884 0.0326281 0.0956256 9.9982E-05 0.0861902 9.9982E-05
0.237119 9.9973E-05 0.168937 0.284671 0.00444772 9.9973E-05 0.0785848 0.109908 0.116032 9.9973E-05
0.107451 9.9955E-05 9.9955E-05 0.433211 9.9955E-05 9.9955E-05 0.0609251 0.0565902 0.341323 9.9955E-05
0.119055 9.9964E-05 9.9964E-05 0.428641 9.9964E-05 9.9964E-05 0.0286963 0.0305553 0.355409 0.0372442
0.269482 9.9964E-05 0.0806724 0.271884 9.9964E-05 9.9964E-05 0.0230229 0.126906 0.227632 9.9964E-05
9.99371E-05 9.99371E-05 0.660326 0.276904 0.0620709 9.99371E-05 9.99371E-05 9.99371E-05 9.99371E-05 9.99371E-05
9.9973E-05 0.0201798 0.583261 0.135908 9.9973E-05 0.0447782 0.000937226 0.129017 9.9973E-05 0.0856185
0.609506 0.0468349 0.339423 9.9946E-05 9.9946E-05 9.9946E-05 0.00363634 9.9946E-05 9.9946E-05 9.9946E-05
0.461935 0.0998672 0.196739 9.9982E-05 0.0508273 0.033482 0.0872812 9.9982E-05 0.0128799 0.0567884
0.466068 0.175453 0.243322 9.9964E-05 9.9964E-05 0.0671737 9.9964E-05 9.9964E-05 0.00449355 0.0430896
9.9973E-05 0.0314821 0.291709 0.349212 0.137122 0.0271679 0.0267166 9.9973E-05 9.9973E-05 0.13629
0.0246694 0.0127953 0.579462 0.173893 0.102222 0.073836 9.9973E-05 0.0328228 9.9973E-05 9.9973E-05
9.9955E-05 0.0534524 0.243964 0.487896 0.0348804 9.9955E-05 9.9955E-05 9.9955E-05 9.9955E-05 0.179308
9.9964E-05 0.0233202 0.61917 0.234807 0.0693173 0.0229094 9.9964E-05 9.9964E-05 9.9964E-05 0.0300763
9.9964E-05 0.0549856 0.47191 0.179251 0.0549023 0.0256137 9.9964E-05 9.9964E-05 9.9964E-05 0.212938
0.0209771 9.9973E-05 0.563692 0.277895 0.0403881 0.0556541 9.9973E-05 9.9973E-05 0.016927 0.0241669
9.9964E-05 0.180494 0.198751 0.367021 0.113866 0.00875545 9.9964E-05 9.9964E-05 9.9964E-05 0.130712
0.0821595 9.9973E-05 0.676779 0.0700538 0.0756149 0.0381357 9.9973E-05 0.0081001 9.9973E-05 0.0488575
0.0716481 0.0716382 0.47921 9.9973E-05 0.144921 0.00775109 9.9973E-05 9.9973E-05 0.161778 0.0627543
0.274417 0.101818 0.374689 9.9973E-05 9.9973E-05 0.0229778 0.0171365 0.0781941 9.9973E-05 0.130468
0.963883 9.9937E-05 0.010927 9.9937E-05 0.0244905 9.9937E-05 9.9937E-05 9.9937E-05 9.9937E-05 9.9937E-05
0.905297 9.9946E-05 0.0675911 0.00572605 9.9946E-05 9.9946E-05 9.9946E-05 9.9946E-05 9.9946E-05 0.0207857
0.605648 0.0259012 0.212481 9.9982E-05 0.0725446 0.0461859 0.0265616 0.00748529 9.9982E-05 0.00299169
0.677973 9.9937E-05 0.304201 9.9937E-05 9.9937E-05 0.017127 9.9937E-05 9.9937E-05 9.9937E-05 9.9937E-05
0.815349 9.9946E-05 0.121918 9.9946E-05 0.0384882 9.9946E-05 0.0236457 9.9946E-05 9.9946E-05 9.9946E-05
0.999101 9.99201E-05 9.99201E-05 9.99201E-05 9.99201E-05 9.99201E-05 9.99201E-05 9.99201E-05 9.99201E-05 9.99201E-05
0.966138 9.9946E-05 9.9946E-05 9.9946E-05 9.9946E-05 0.00442438 0.022516 9.9946E-05 9.9946E-05 0.0063215
0.816971 9.9937E-05 0.165604 9.9937E-05 9.9937E-05 9.9937E-05 0.0167252 9.9937E-05 9.9937E-05 9.9937E-05
0.963439 9.9937E-05 9.9937E-05 9.9937E-05 0.0285153 9.9937E-05 0.00734625 9.9937E-05 9.9937E-05 9.9937E-05
0.984092 9.9928E-05 9.9928E-05 0.0151089 9.9928E-05 9.9928E-05 9.9928E-05 9.9928E-05 9.9928E-05 9.9928E-05
0.976836 9.9928E-05 9.9928E-05 9.9928E-05 9.9928E-05 9.9928E-05 0.0223643 9.9928E-05 9.9928E-05 9.9928E-05
0.764997 0.0278929 0.143394 9.9955E-05 9.9955E-05 9.9955E-05 0.052653 0.0105631 9.9955E-05 9.9955E-05
0.788499 0.0458429 0.108613 9.9955E-05 9.9955E-05 0.0320704 9.9955E-05 0.0244755 9.9955E-05 9.9955E-05
0.955421 0.00629837 9.9937E-05 9.9937E-05 0.0375808 9.9937E-05 9.9937E-05 9.9937E-05 9.9937E-05 9.9937E-05
0.362901 0.0999265 0.394335 9.9964E-05 9.9964E-05 0.0375464 9.9964E-05 0.021531 0.0833604 9.9964E-05
0.693343 9.9964E-05 0.158254 9.9964E-05 0.0465244 0.0396234 0.0558774 9.9964E-05 0.00597736 9.9964E-05
0.800157 9.9964E-05 0.101957 9.9964E-05 9.9964E-05 0.0339253 0.0134628 0.0374745 0.0126234 9.9964E-05
0.868859 0.0112359 0.0750951 9.9955E-05 9.9955E-05 9.9955E-05 0.0259276 9.9955E-05 9.9955E-05 0.0183831
0.991937 9.9928E-05 9.9928E-05 9.9928E-05 9.9928E-05 9.9928E-05 9.9928E-05 9.9928E-05 0.0072632 9.9928E-05
0.855013 9.9973E-05 0.077636 0.00283411 9.9973E-05 0.0456971 9.9973E-05 0.0156243 0.00173411 0.00116138
0.992771 9.9937E-05 9.9937E-05 0.00230428 9.9937E-05 9.9937E-05 0.00422472 9.9937E-05 9.9937E-05 9.9937E-05
0.644063 0.0154145 0.191691 9.9982E-05 0.00727371 0.0389158 0.00616851 0.0835995 9.9982E-05 0.0126747
0.93566 9.9946E-05 9.9946E-05 9.9946E-05 0.0307956 0.0192795 9.9946E-05 9.9946E-05 0.0136652 9.9946E-05
0.0203401 0.0481089 9.9964E-05 0.60523 9.9964E-05 9.9964E-05 9.9964E-05 0.0257527 0.251681 0.048487
0.00541914 0.0587287 0.466249 0.161835 9.9982E-05 0.1286 0.0555109 0.115544 0.00791256 9.9982E-05
9.9955E-05 9.9955E-05 0.463952 0.227403 9.9955E-05 0.0590978 9.9955E-05 9.9955E-05 0.231511 0.0175376
0.0471478 9.9964E-05 0.226573 0.474204 9.9964E-05 9.9964E-05 0.0682824 9.9964E-05 0.148511 0.0348814
0.145117 0.0647282 0.405912 0.230191 0.0190506 9.9973E-05 0.0314442 9.9973E-05 0.103256 9.9973E-05
0.109635 9.9982E-05 0.146871 0.349412 0.0994743 9.9982E-05 0.046057 0.0233417 0.189069 0.0359404
0.0805968 9.9973E-05 0.408741 0.114739 0.0447219 0.0703629 9.9973E-05 9.9973E-05 0.203729 0.0768101
0.18001 9.9973E-05 0.293481 0.3447 0.0362213 9.9973E-05 9.9973E-05 0.102433 0.016018 0.026837
0.0892759 9.9964E-05 0.454143 0.222726 0.0237779 9.9964E-05 0.0932991 9.9964E-05 0.116379 9.9964E-05
0.123073 9.9964E-05 0.382779 0.338031 9.9964E-05 9.9964E-05 0.0508942 0.0939958 0.0108265 9.9964E-05
0.16057 0.0592318 0.387692 0.138555 0.0792843 0.0438482 0.0431075 0.0718732 9.9991E-05 0.0157386
0.0626357 0.112194 0.408813 0.127852 0.0408051 9.9991E-05 0.0185907 0.00418279 0.169192 0.0556347
9.9955E-05 9.9955E-05 0.0494674 0.0230121 9.9955E-05 0.090424 9.9955E-05 0.071514 0.765083 9.9955E-05
0.021258 9.9946E-05 9.9946E-05 9.9946E-05 9.9946E-05 9.9946E-05 0.0820275 0.189756 0.706359 9.9946E-05
9.9955E-05 9.9955E-05 9.9955E-05 9.9955E-05 0.0177955 0.000222362 0.0460905 0.0153589 0.920033 9.9955E-05
0.00852608 9.9964E-05 0.0201524 9.9964E-05 9.9964E-05 0.0505869 0.0251984 0.0203859 0.87475 9.9964E-05
9.9946E-05 9.9946E-05 0.0449551 9.9946E-05 9.9946E-05 9.9946E-05 0.123577 0.00144425 0.829424 9.9946E-05
0.0101954 9.9955E-05 9.9955E-05 9.9955E-05 9.9955E-05 9.9955E-05 0.0543138 0.266779 0.628256 0.0399561
0.0798746 9.9955E-05 9.9955E-05 9.9955E-05 9.9955E-05 0.0056105 0.0436903 0.277404 0.592921 9.9955E-05
0.0306657 9.9973E-05 9.9973E-05 0.0376279 0.00629331 9.9973E-05 0.024433 0.11859 0.758221 0.0238694
9.9955E-05 9.9955E-05 9.9955E-05 9.9955E-05 0.0161513 9.9955E-05 0.050604 0.0933281 0.804881 0.0345361
0.060947 9.9955E-05 9.9955E-05 0.0245057 9.9955E-05 9.9955E-05 0.0416868 0.355136 0.517225 9.9955E-05
9.9964E-05 0.153754 9.9964E-05 9.9964E-05 0.0503218 0.0566173 0.0472464 9.9964E-05 0.601687 0.0899732
0.011686 0.122633 9.9973E-05 9.9973E-05 0.0632611 0.210189 0.00083084 0.00124409 0.589856 9.9973E-05
9.9973E-05 0.180142 9.9973E-05 0.0604636 9.9973E-05 0.0876482 0.0682887 0.0648166 0.415527 0.122814
9.9955E-05 0.368419 9.9955E-05 9.9955E-05 0.014182 0.0760946 9.9955E-05 9.9955E-05 0.511443 0.0293621
0.0125061 0.186794 0.403796 0.0158281 0.231544 0.0991882 9.9982E-05 0.00812809 9.9982E-05 0.0420152
9.9955E-05 0.205177 0.437107 9.9955E-05 0.211027 9.9955E-05 9.9955E-05 0.000265184 9.9955E-05 0.145924
9.9964E-05 0.155201 0.52341 9.9964E-05 0.157131 0.0893073 9.9964E-05 9.9964E-05 0.0300938 0.0444567
0.0769366 0.138913 0.528475 0.0042533 0.018054 0.057218 9.9982E-05 0.153908 9.9982E-05 0.0220414
9.9982E-05 0.252084 0.297988 9.9982E-05 0.156961 0.164816 0.055546 0.028077 0.00519459 0.0391331
9.9973E-05 0.475303 0.108105 0.0102342 0.0788574 0.279442 9.9973E-05 9.9973E-05 0.006109 0.0416503
0.00612441 0.00763552 0.668848 0.00511912 0.190434 0.0545304 0.0496715 0.017128 9.9991E-05 0.000409539
0.0189934 0.0832849 0.556759 9.9964E-05 0.254408 0.0686978 9.9964E-05 9.9964E-05 9.9964E-05 0.0174574
9.9964E-05 0.0395694 0.479345 0.136318 0.161977 0.0542238 9.9964E-05 9.9964E-05 9.9964E-05 0.128167
0.0811354 9.9955E-05 0.351529 0.0263746 0.509827 9.9955E-05 9.9955E-05 9.9955E-05 9.9955E-05 0.0306349
9.9964E-05 0.0729847 0.603354 9.9964E-05 0.14369 0.070818 9.9964E-05 0.0944842 9.9964E-05 0.0142692
9.9964E-05 0.110658 0.374313 9.9964E-05 0.377089 0.0555388 9.9964E-05 0.0360347 9.9964E-05 0.0459662
9.9937E-05 9.9937E-05 9.9937E-05 9.9937E-05 0.655847 0.0887855 9.9937E-05 9.9937E-05 9.9937E-05 0.254668
0.0820563 9.9964E-05 0.487816 9.9964E-05 0.133591 0.260135 0.0107908 9.9964E-05 0.0252104 9.9964E-05
9.9982E-05 0.026395 0.229983 0.0859461 0.504869 9.9982E-05 0.0191245 0.00473977 0.00133402 0.127409
0.0155256 9.9955E-05 0.461635 9.9955E-05 0.360765 9.9955E-05 9.9955E-05 0.0617316 9.9955E-05 0.0998426
9.9964E-05 0.107763 0.067388 9.9964E-05 0.691483 0.0608439 9.9964E-05 9.9964E-05 0.0533663 0.0187557
9.9955E-05 9.9955E-05 0.0158705 0.110771 9.9955E-05 0.791954 0.00393885 9.9955E-05 0.0769657 9.9955E-05
9.9955E-05 9.9955E-05 0.0386575 0.0582125 9.9955E-05 0.823759 9.9955E-05 0.0666865 9.9955E-05 0.0121851
0.0095579 9.9964E-05 0.0260007 0.00792664 9.9964E-05 0.935797 0.000672692 9.9964E-05 9.9964E-05 0.0196452
9.9955E-05 9.9955E-05 9.9955E-05 9.9955E-05 0.0642168 0.819779 9.9955E-05 0.0106309 0.0826086 0.0222651
9.9955E-05 9.9955E-05 0.0542162 0.0461164 9.9955E-05 0.864137 0.00132569 9.9955E-05 9.9955E-05 0.0337046
0.0464068 9.9955E-05 0.0730471 0.0121015 9.9955E-05 0.831681 9.9955E-05 0.0362636 9.9955E-05 9.9955E-05
9.9946E-05 9.9946E-05 0.092965 9.9946E-05 9.9946E-05 9.9946E-05 0.0444839 0.029982 0.831969 9.9946E-05
0.00762413 9.9946E-05 0.110918 9.9946E-05 9.9946E-05 9.9946E-05 0.00486082 9.9946E-05 0.875998 9.9946E-05
0.0612009 9.9964E-05 0.102118 9.9964E-05 9.9964E-05 9.9964E-05 0.0463708 0.0453674 0.73524 0.0093029
0.00607576 0.0844119 0.0780764 9.9955E-05 9.9955E-05 9.9955E-05 0.0354096 9.9955E-05 0.795527 9.9955E-05
0.080244 9.9955E-05 0.0969369 0.0222298 9.9955E-05 9.9955E-05 0.00336795 9.9955E-05 0.796722 9.9955E-05
9.9955E-05 9.9955E-05 9.9955E-05 0.133148 0.0730943 0.428438 0.0102952 9.9955E-05 0.354525 9.9955E-05
9.9955E-05 9.9955E-05 9.9955E-05 0.0980911 0.0533151 0.356761 9.9955E-05 9.9955E-05 0.442868 0.048465
9.9946E-05 9.9946E-05 9.9946E-05 9.9946E-05 0.0317092 0.378613 9.9946E-05 9.9946E-05 0.462613 0.126464
9.99201E-05 9.99201E-05 9.99201E-05 9.99201E-05 9.99201E-05 9.99201E-05 0.999101 9.99201E-05 9.99201E-05 9.99201E-05
9.9955E-05 9.9955E-05 9.9955E-05 0.0635092 0.104379 0.480825 0.0261448 9.9955E-05 0.324643 9.9955E-05
0.325352 0.00775871 0.224225 0.0881594 9.9973E-05 9.9973E-05 9.9973E-05 0.152787 0.103079 0.098339
0.18679 0.00892062 0.522477 9.9964E-05 9.9964E-05 0.0936206 0.0196304 9.9964E-05 0.168162 9.9964E-05
0.308151 0.0504059 0.417837 0.000236903 9.9964E-05 9.9964E-05 9.9964E-05 0.0860215 0.136948 9.9964E-05
0.215706 9.9982E-05 0.344601 0.0695731 0.114113 0.00888956 0.00595038 0.0771751 0.163792 9.9982E-05
0.220834 0.00497099 0.358015 0.0641457 0.0895039 0.0883813 0.00293506 0.105724 0.0653904 9.9991E-05
0.270891 9.9946E-05 9.9946E-05 0.278281 9.9946E-05 9.9946E-05 9.9946E-05 0.215005 0.235224 9.9946E-05
9.9973E-05 0.302542 0.382041 0.042275 0.0373787 0.144267 9.9973E-05 0.0573988 9.9973E-05 0.0337976
9.9973E-05 0.29554 0.380359 0.0815889 0.0481581 0.0380273 9.9973E-05 0.004169 9.9973E-05 0.151857
9.9955E-05 0.612551 0.160334 9.9955E-05 9.9955E-05 0.127023 0.0538127 9.9955E-05 0.0457795 9.9955E-05
9.9973E-05 0.103362 0.462649 0.0380035 0.0550244 0.113688 9.9973E-05 9.9973E-05 0.00421682 0.222757
9.9955E-05 0.231299 9.9955E-05 0.247693 0.0990193 0.049095 9.9955E-05 9.9955E-05 9.9955E-05 0.372393
0.0718762 0.222766 0.437711 0.0200675 0.0502937 0.0449699 9.9991E-05 0.00375341 0.0846967 0.0637648
9.9973E-05 0.261852 0.367786 9.9973E-05 0.0794452 0.0572826 9.9973E-05 0.0206278 0.0196345 0.193072
9.9982E-05 0.528819 0.232343 9.9982E-05 0.00938912 0.132262 0.0333928 0.0223969 0.017903 0.0232946
0.0727699 0.309971 0.426874 0.0284165 0.0253484 0.0223193 9.9991E-05 0.0335952 0.0244893 0.0561169
9.9955E-05 0.512872 0.051325 0.165569 0.122034 9.9955E-05 9.9955E-05 9.9955E-05 9.9955E-05 0.1477
0.0135091 0.18034 0.457483 0.0759723 0.0607291 0.0593663 9.9982E-05 0.0342926 9.9982E-05 0.118108
0.000997353 0.238208 0.526435 0.0143367 0.0515825 0.11456 0.00959764 9.9982E-05 9.9982E-05 0.0440829
0.211542 0.0837253 0.33522 0.0151563 0.091504 0.0977474 9.9982E-05 9.9982E-05 0.125989 0.0389158
0.0397074 0.393316 0.285555 0.0417596 9.9964E-05 0.0665277 9.9964E-05 9.9964E-05 9.9964E-05 0.172734
0.0646006 0.256107 0.372276 0.0021721 0.0619745 0.0985177 9.9982E-05 9.9982E-05 0.0302084 0.113943
0.15056 0.0972464 0.40917 9.9964E-05 0.0783506 0.10407 9.9964E-05 9.9964E-05 9.9964E-05 0.160204
9.9964E-05 0.0813565 0.494029 0.110262 0.0913816 0.151295 9.9964E-05 9.9964E-05 9.9964E-05 0.0712762
0.178062 0.0880479 0.529212 9.9973E-05 0.0432672 0.12395 0.00555542 9.9973E-05 0.031605 9.9973E-05
9.9973E-05 0.0777464 0.590536 9.9973E-05 0.150899 0.0319038 0.0632028 0.00417166 0.0812398 9.9973E-05
0.00576844 0.115865 0.625717 0.114065 9.9973E-05 0.0205307 9.9973E-05 0.0224608 0.0952932 9.9973E-05
9.99201E-05 9.99201E-05 9.99201E-05 9.99201E-05 9.99201E-05 9.99201E-05 9.99201E-05 0.999101 9.99201E-05 9.99201E-05
9.99201E-05 9.99201E-05 9.99201E-05 9.99201E-05 9.99201E-05 9.99201E-05 9.99201E-05 0.999101 9.99201E-05 9.99201E-05
9.9964E-05 9.9964E-05 0.0155521 9.9964E-05 0.00421141 0.0549792 9.9964E-05 0.526379 0.348958 0.0495204
9.9937E-05 9.9937E-05 9.9937E-05 9.9937E-05 9.9937E-05 0.0374502 0.0123345 0.949516 9.9937E-05 9.9937E-05
9.9946E-05 9.9946E-05 0.017323 9.9946E-05 9.9946E-05 9.9946E-05 0.0278257 0.940507 0.0137443 9.9946E-05
0.0218012 0.665462 0.110104 0.017714 0.0370551 0.146367 9.9973E-05 9.9973E-05 0.00119669 9.9973E-05
9.9973E-05 0.215719 0.480117 9.9973E-05 0.0868749 9.9973E-05 0.00924823 0.0865372 0.0098555 0.111349
0.193173 9.99896E-05 0.359598 0.0720688 0.0230305 0.00304393 9.99896E-05 0.0458695 0.145116 0.1579
0.0603425 0.139914 0.610512 9.9964E-05 0.0925519 9.9964E-05 0.0546454 9.9964E-05 9.9964E-05 0.0416345
9.9964E-05 0.17684 0.516019 9.9964E-05 0.142052 0.0629765 9.9964E-05 0.087023 0.0146892 9.9964E-05
0.00173249 0.391937 0.249113 0.168354 9.9973E-05 0.0945074 9.9973E-05 0.0512318 9.9973E-05 0.042824
9.9964E-05 0.513953 9.9964E-05 0.101443 0.0385248 0.172018 0.0159808 0.15768 9.9964E-05 9.9964E-05
9.9982E-05 0.219861 0.488506 9.9982E-05 0.0928996 0.123974 0.0255214 0.024846 0.00479664 0.0193957
9.9973E-05 0.459392 0.0955152 9.9973E-05 0.00960681 0.186556 0.0257784 9.9973E-05 0.0675133 0.155339
0.0209611 0.139965 0.403105 0.0654743 0.0937539 0.0907357 0.0257322 9.9991E-05 0.0531182 0.107055
9.9982E-05 0.582178 0.0297041 9.9982E-05 0.00649038 0.164199 0.0173527 0.0762026 0.0707643 0.0529091
0.068267 0.104316 0.56868 9.9973E-05 9.9973E-05 0.122703 0.0375132 0.0952496 9.9973E-05 0.00297012
9.9982E-05 0.558642 0.138838 0.00158121 0.0174 0.11189 0.0220718 9.9982E-05 0.114133 0.0352441
9.9982E-05 0.0492598 0.476301 0.0161213 0.142454 9.9982E-05 0.0374376 0.195914 0.0359007 0.046412
0.044371 0.386703 0.272274 9.9973E-05 0.0799285 0.0441834 9.9973E-05 0.0903182 9.9973E-05 0.0819219
0.0218532 0.254723 0.415875 0.211553 9.9964E-05 9.9964E-05 0.0487561 9.9964E-05 9.9964E-05 0.0468402
9.9973E-05 0.0483362 0.297898 0.41914 0.0117204 0.0953077 9.9973E-05 0.022788 9.9973E-05 0.10451
9.9955E-05 0.177137 0.479914 0.241192 0.0194962 9.9955E-05 9.9955E-05 9.9955E-05 0.0817612 9.9955E-05
0.033788 0.0875488 0.499733 0.0973601 0.0709103 0.068823 0.0137914 0.0645226 0.0634226 9.9991E-05
9.9955E-05 9.9955E-05 0.370369 0.400683 0.0850045 0.105333 9.9955E-05 9.9955E-05 9.9955E-05 0.0381115
0.00317992 9.9991E-05 0.504405 0.0980565 0.0389896 0.0205689 0.0452776 0.0719931 0.0937399 0.123689
0.0541403 0.0534848 0.452108 0.253107 0.015223 0.100084 9.9982E-05 9.9982E-05 0.0606782 0.0109739
9.9973E-05 9.9973E-05 0.524352 0.204654 0.0390941 0.109943 0.0243532 0.00617641 9.9973E-05 0.0911273
9.9964E-05 0.0129028 0.135113 0.458619 0.107192 0.0988686 9.9964E-05 9.9964E-05 9.9964E-05 0.186905
9.9955E-05 9.9955E-05 0.323835 0.506222 0.0456795 0.0825282 9.9955E-05 9.9955E-05 9.9955E-05 0.041236
9.9964E-05 0.0310772 0.542584 0.242837 9.9964E-05 0.108436 0.00682474 9.9964E-05 9.9964E-05 0.0678413
9.9964E-05 0.0293177 0.161426 0.468126 0.227124 0.0674185 9.9964E-05 9.9964E-05 9.9964E-05 0.0461882
9.9955E-05 0.148999 0.460811 0.214064 0.0505935 0.125032 9.9955E-05 9.9955E-05 9.9955E-05 9.9955E-05
9.9964E-05 0.587681 0.0675145 9.9964E-05 0.140803 0.1711 0.0122237 9.9964E-05 0.0202771 9.9964E-05
0.00595956 0.341753 0.21167 0.00146008 0.0344486 0.0877978 9.9973E-05 9.9973E-05 9.9973E-05 0.316612
0.0466664 0.372429 0.26046 9.9991E-05 0.0282802 0.14004 0.0101209 0.012933 0.00779957 0.121171
0.109968 0.116234 0.555776 9.9973E-05 0.0792844 0.112153 0.0248053 9.9973E-05 9.9973E-05 0.00147996
9.9946E-05 0.497862 0.193997 9.9946E-05 0.153093 0.154447 9.9946E-05 9.9946E-05 9.9946E-05 9.9946E-05
0.118806 0.141441 0.456068 0.113844 9.9982E-05 0.058518 0.0421294 9.9982E-05 0.0360024 0.0329912
0.102764 0.119558 0.490482 0.0249635 0.0658191 0.090157 0.017648 0.01088 0.0152094 0.0625201
0.0762185 0.319702 0.368865 9.9982E-05 0.09335 0.0541028 0.005859 0.0511791 9.9982E-05 0.0305232
0.0991437 0.205517 0.345657 9.9973E-05 0.148965 0.118655 0.0369092 9.9973E-05 9.9973E-05 0.0448523
0.0331453 0.148237 0.386798 9.9973E-05 0.108599 0.266462 0.0226563 9.9973E-05 9.9973E-05 0.033802
0.108882 0.455885 0.154161 9.9964E-05 0.0958006 0.184372 0.000500039 9.9964E-05 9.9964E-05 9.9964E-05
0.0811472 0.221984 0.307404 9.9973E-05 9.9973E-05 0.269471 0.0068923 9.9973E-05 0.00373616 0.109065
0.0389038 0.217152 0.611456 9.9964E-05 0.0294383 0.0892137 9.9964E-05 9.9964E-05 0.0134362 9.9964E-05
0.0197758 0.19185 0.544986 0.0542335 9.9982E-05 9.9982E-05 0.00419022 0.0119274 0.100252 0.0725849
9.9982E-05 0.225079 0.409995 0.0980454 0.0510754 0.0592702 0.00727238 0.0914523 9.9982E-05 0.0576098
0.0927762 0.229034 0.465414 0.000313156 0.00194603 0.0827199 9.9982E-05 0.0223597 9.9982E-05 0.105237
0.0475655 0.365451 0.226216 0.0853621 9.9973E-05 0.168368 0.0194857 0.0872518 9.9973E-05 9.9973E-05
9.9937E-05 0.228509 0.660857 9.9937E-05 9.9937E-05 0.109934 9.9937E-05 9.9937E-05 9.9937E-05 9.9937E-05
0.100457 0.168536 0.382882 9.9982E-05 0.0916432 0.149023 9.9982E-05 0.0596574 0.0138449 0.0337574
0.0751923 0.0875426 0.505693 9.9982E-05 0.110027 0.0732662 0.0537258 9.9982E-05 0.0649209 0.0294321
0.139484 0.0575809 0.38128 0.0756394 9.9973E-05 9.9973E-05 0.0130904 0.158003 0.174622 9.9973E-05
0.205177 0.131479 0.430112 0.0537638 9.9973E-05 9.9973E-05 0.0238703 0.154843 9.9973E-05 0.000455372
0.0996036 0.0363734 0.543337 0.107472 9.9991E-05 0.0286285 0.0377316 0.0111605 0.105315 0.0302782
0.151866 0.102808 0.462418 0.0336335 0.0892192 0.0263998 0.0270722 0.0174512 0.0216726 0.0674595
0.188583 0.0826896 0.406961 9.9973E-05 9.9973E-05 9.9973E-05 0.085384 0.0635859 0.104429 0.0680673
9.9955E-05 0.305542 0.41056 0.101719 9.9955E-05 0.0486512 9.9955E-05 9.9955E-05 9.9955E-05 0.133028
0.123128 0.168368 0.504344 0.0199935 0.0524087 9.9973E-05 9.9973E-05 0.0615103 0.0699478 9.9973E-05
0.112599 0.103884 9.9973E-05 0.45153 0.103355 9.9973E-05 0.0184411 0.0560075 0.153884 9.9973E-05
0.163369 0.211738 0.435108 0.0169317 9.9991E-05 0.0311815 0.0316274 0.0125438 0.0500328 0.0473681
0.16606 0.0315191 0.480926 0.044969 0.0366091 0.0563991 9.9991E-05 0.00920633 0.0568715 0.11734
0.225455 0.0699833 0.416535 0.00778253 0.153761 0.00591989 9.9991E-05 0.0776328 0.0170785 0.0257514
0.172809 0.249303 0.204474 0.13544 0.0612933 9.9991E-05 0.0405555 0.0695032 0.0506902 0.0158325
0.133739 0.06939 0.470477 0.0774248 0.067223 9.9982E-05 0.00699636 0.0668396 0.107711 9.9982E-05
0.186289 0.0385583 0.463463 0.0869903 9.9991E-05 0.00609574 0.0635205 0.0423315 0.107587 0.00506496
0.1581 9.9964E-05 9.9964E-05 0.311575 9.9964E-05 9.9964E-05 0.0773763 0.156941 0.268762 0.0268462
0.137852 0.0715359 0.586423 9.9973E-05 9.9973E-05 9.9973E-05 0.100382 0.0143171 0.0785025 0.0106874
0.243236 9.9982E-05 0.46803 0.0596533 0.0390942 9.9982E-05 0.0512784 0.00882062 0.105587 0.0241005
0.0825148 0.0857995 0.526886 0.0270208 0.0888231 9.9982E-05 9.9982E-05 0.0263762 0.147042 0.0153371
0.21338 0.0343481 0.505033 0.10101 9.9964E-05 9.9964E-05 0.0118551 9.9964E-05 0.133974 9.9964E-05
0.07187 0.0158451 0.47008 9.9991E-05 0.0551745 0.0537101 0.021566 0.0265703 0.177824 0.10726
9.9964E-05 9.9964E-05 0.460038 9.9964E-05 0.0327592 0.00406811 0.0430108 0.0457957 9.9964E-05 0.413928
0.0472485 9.9973E-05 0.483468 0.0421888 9.9973E-05 0.0642733 9.9973E-05 0.0644374 0.0936184 0.204466
9.9937E-05 0.120354 9.9937E-05 9.9937E-05 0.0222624 9.9937E-05 9.9937E-05 9.9937E-05 9.9937E-05 0.856684
0.120881 0.0700369 0.409526 9.9982E-05 0.0866981 0.0207608 0.000378837 9.9982E-05 0.14306 0.148458
0.0503934 9.9982E-05 0.478671 0.0453898 0.0489969 0.0518696 0.0807896 9.9982E-05 0.0878173 0.155873
9.99549E-05 0.0408798 9.99549E-05 0.0345583 9.99549E-05 0.0133689 9.99549E-05 9.99549E-05 0.0321252 0.878568
0.142239 0.149045 0.346526 9.9964E-05 0.0190195 9.9964E-05 0.0168567 9.9964E-05 9.9964E-05 0.325913
0.309421 0.0231489 0.342413 0.117509 9.9973E-05 9.9973E-05 9.9973E-05 0.0492804 0.0645952 0.0933329
0.354786 9.9955E-05 0.233892 9.9955E-05 9.9955E-05 9.9955E-05 0.0194743 9.9955E-05 0.0925023 0.298845
0.295001 9.9955E-05 0.0853266 0.165368 9.9955E-05 9.9955E-05 9.9955E-05 9.9955E-05 0.249927 0.203878
0.197998 9.9973E-05 0.338479 0.101655 9.9973E-05 9.9973E-05 0.0237857 0.00895832 0.140914 0.187909
0.0695619 0.0466402 0.519699 0.0431583 0.0450623 9.9991E-05 0.0202876 0.091997 0.0742943 0.0891995
0.104706 9.9973E-05 0.0307211 0.149706 9.9973E-05 9.9973E-05 0.00842287 0.0477149 0.00970844 0.648721
0.0915291 9.9973E-05 0.0621631 0.0135112 9.9973E-05 9.9973E-05 0.00730437 0.0899127 0.0239585 0.711321
0.074742 0.0553591 0.506894 9.9973E-05 0.0074197 0.000276589 0.0123416 9.9973E-05 9.9973E-05 0.342667
0.102552 9.9946E-05 0.389669 9.9946E-05 9.9946E-05 9.9946E-05 9.9946E-05 9.9946E-05 0.0974977 0.409682
0.1054 9.9955E-05 0.122481 9.9955E-05 9.9955E-05 9.9955E-05 0.04678 0.073762 9.9955E-05 0.651077
0.0739074 0.0283093 0.498561 9.9973E-05 0.0676825 9.9973E-05 0.00816405 9.9973E-05 0.0670935 0.255983
0.123207 9.9955E-05 0.448716 9.9955E-05 9.9955E-05 9.9955E-05 0.00811178 0.0509972 9.9955E-05 0.368468
0.122309 0.104828 0.469033 0.00441082 9.9982E-05 0.011896 0.0195595 9.9982E-05 0.0647948 0.20297
9.9973E-05 0.0823642 0.303863 9.9973E-05 0.0107977 0.018776 0.0124138 9.9973E-05 0.0288798 0.542606
9.9973E-05 0.0600529 0.354741 0.0600285 0.0457602 9.9973E-05 0.0131082 9.9973E-05 0.0340842 0.431925
9.9955E-05 9.9955E-05 0.578259 9.9955E-05 0.0699965 9.9955E-05 9.9955E-05 0.0212535 0.0734174 0.256573
0.0287778 0.00264114 0.350592 0.0915764 0.048011 0.061095 0.0147092 0.0562741 9.9991E-05 0.346223
0.10971 0.029543 0.415279 0.072005 0.0733668 0.0614244 0.0407736 9.9991E-05 0.0639717 0.133826
0.075011 0.112952 0.389776 0.17599 0.0813113 9.9973E-05 9.9973E-05 0.0625466 9.9973E-05 0.102113
9.9946E-05 0.0873033 0.43729 0.0434943 9.9946E-05 9.9946E-05 9.9946E-05 9.9946E-05 9.9946E-05 0.431312
9.9946E-05 0.0871824 0.220881 9.9946E-05 9.9946E-05 0.0488825 9.9946E-05 9.9946E-05 9.9946E-05 0.642454
0.0442448 9.9955E-05 0.50912 9.9955E-05 0.0508497 9.9955E-05 9.9955E-05 0.0651348 9.9955E-05 0.330151
0.0967395 0.0265591 0.476187 0.0801489 0.0564225 0.0528952 0.00379284 9.9991E-05 0.0525931 0.154561
9.9964E-05 0.0389555 0.191522 9.9964E-05 0.119906 0.00462581 9.9964E-05 0.0120866 9.9964E-05 0.632503
