9.9964E-05 9.9964E-05 0.0670109 0.819205 9.9964E-05 0.0584083 0.0549755 9.9964E-05
9.9973E-05 0.0387025 0.00838643 0.885487 0.0185595 0.0485644 9.9973E-05 9.9973E-05
9.9982E-05 9.9982E-05 0.0217088 0.755504 0.00824186 0.0796354 0.0368049 0.0979047
9.9973E-05 9.9973E-05 0.0911001 0.728906 9.9973E-05 0.0915493 0.0458496 0.042295
9.9973E-05 0.0171141 9.9973E-05 0.830928 9.9973E-05 0.0177552 0.0663473 0.0675559
0.235936 9.9991E-05 0.0124173 0.585465 0.0412954 0.0118289 0.0223746 0.0905828
0.176465 9.9964E-05 9.9964E-05 0.782749 9.9964E-05 0.0341216 0.00626438 9.9964E-05
0.130618 9.9982E-05 0.12197 0.704084 9.9982E-05 0.0326722 0.00696224 0.00349306
0.0360417 0.0149399 0.0729791 0.819583 0.0560888 0.000168081 9.9982E-05 9.9982E-05
0.136103 0.000250871 9.9973E-05 0.724205 9.9973E-05 9.9973E-05 0.0392655 0.0998761
0.120444 9.9973E-05 0.0914312 0.743614 0.00962675 9.9973E-05 9.9973E-05 0.0345839
9.9973E-05 9.9973E-05 0.477826 0.00134165 0.190914 9.9973E-05 0.0443744 0.285245
9.9982E-05 9.9982E-05 0.306517 0.000929904 0.0438139 0.0414479 0.0704711 0.536621
0.0683665 0.0866523 0.409601 0.0391064 0.0382039 0.0121186 0.0922726 0.253678
0.0478031 0.0883571 0.297889 0.013163 0.043539 0.0291084 0.11823 0.36191
0.103128 0.105317 0.147381 0.122147 0.00996593 9.9991E-05 0.101929 0.410033
0.0336057 0.0887521 0.14328 0.018074 9.9991E-05 0.0322609 0.0809566 0.602971
0.0795266 9.9982E-05 0.199386 9.9982E-05 0.146794 0.0534338 0.0955032 0.425156
0.00312524 0.0051999 0.267127 0.169432 0.131974 0.00847281 0.0475891 0.36708
0.13735 0.0109991 0.59829 9.9991E-05 0.126352 0.0681498 0.0502758 0.00848317
9.9982E-05 0.0434126 0.247851 9.9982E-05 0.208649 0.0164822 0.0901233 0.393282
0.173835 0.0819928 0.135501 0.00866351 0.0440631 0.0770568 9.9991E-05 0.478788
9.9973E-05 9.9973E-05 0.138282 0.0416041 0.210431 9.9973E-05 0.0926544 0.516728
0.0651723 9.9982E-05 0.290233 9.9982E-05 0.141393 0.0131864 0.091858 0.397957
0.0899437 9.9991E-05 0.113406 0.0638027 0.045092 0.0492503 0.0849006 0.553504
0.0381859 9.9982E-05 0.289183 9.9982E-05 0.0486876 0.0715311 0.113736 0.438477
0.0060876 0.0547846 0.407013 9.9991E-05 0.181187 0.0439008 0.124311 0.182616
0.058992 9.9982E-05 0.390573 9.9982E-05 0.176835 0.0262701 0.157672 0.189457
0.0129223 0.138038 0.376409 0.0811605 0.136179 9.9982E-05 9.9982E-05 0.255092
9.994E-05 9.994E-05 9.994E-05 9.994E-05 9.994E-05 0.9993 9.994E-05 9.994E-05
9.994E-05 9.994E-05 9.994E-05 9.994E-05 9.994E-05 0.9993 9.994E-05 9.994E-05
9.9964E-05 9.9964E-05 9.9964E-05 0.469703 0.0197143 0.394294 9.9964E-05 0.115889
9.9982E-05 0.0209481 9.9982E-05 0.513308 0.026815 0.261202 0.0826032 0.0949236
0.0894309 9.9982E-05 0.0385929 0.0680406 0.205322 9.9982E-05 0.0735816 0.524832
9.9973E-05 9.9973E-05 0.0562216 0.0897658 0.285547 9.9973E-05 0.0639121 0.504254
9.9973E-05 0.0107496 9.9973E-05 9.9973E-05 0.425737 0.0167154 0.0362023 0.510296
9.9991E-05 0.0144581 0.550296 0.0677723 0.1381 0.084591 0.00634113 0.138342
9.9973E-05 9.9973E-05 9.9973E-05 0.011531 0.680601 0.0139661 0.0413643 0.252237
9.9991E-05 0.0797945 0.159101 0.0678419 0.124463 0.00411496 0.0267982 0.537786
0.103153 9.9982E-05 9.9982E-05 0.00300709 0.206974 0.0150987 0.0534357 0.618132
0.163812 9.9982E-05 0.0390666 0.0960957 0.0498916 0.0414614 9.9982E-05 0.609472
0.162069 9.9982E-05 0.0213165 0.0282101 0.0868925 0.0691665 9.9982E-05 0.632145
9.9973E-05 9.9973E-05 0.112138 0.0341373 0.733179 0.0111264 9.9973E-05 0.10912
0.251681 9.9982E-05 0.0269656 0.011831 0.0976407 9.9982E-05 0.118301 0.493381
0.0386241 0.0296409 9.9982E-05 9.9982E-05 0.314275 0.0722554 0.0753689 0.469636
0.00258119 9.9991E-05 0.0953024 0.109829 0.112516 0.0750563 0.181602 0.423014
9.9964E-05 0.0274073 9.9964E-05 9.9964E-05 0.651649 0.00133446 9.9964E-05 0.31921
0.0483812 0.015618 9.9982E-05 0.00681646 0.34187 9.9982E-05 0.0234419 0.563672
0.0312974 9.9991E-05 0.0155751 0.0508828 0.271456 0.0307364 0.103056 0.496896
0.179558 0.0506503 9.9964E-05 0.0575329 0.711859 9.9964E-05 9.9964E-05 9.9964E-05
0.0966475 0.0298624 0.416382 9.9973E-05 0.249884 9.9973E-05 9.9973E-05 0.206924
0.286106 0.147249 0.202811 9.9982E-05 0.279867 9.9982E-05 0.0178482 0.0659177
0.00191099 0.0177095 0.107888 0.0694294 0.132905 0.044472 0.0494585 0.576226
0.120044 0.0539679 9.9982E-05 0.0716786 9.9982E-05 0.0247252 0.00578387 0.7236
0.0478704 0.0978732 0.0348231 0.111391 0.0271206 9.9982E-05 9.9982E-05 0.680721
0.0757754 0.169727 0.320585 0.0960366 0.153631 9.9982E-05 9.9982E-05 0.184045
0.050266 0.109585 0.186675 9.9991E-05 0.00558643 0.0301994 0.018011 0.599577
0.0443663 0.00764973 0.143906 0.0358416 0.091509 0.0318979 0.0911311 0.553698
0.0616247 0.0155824 0.191377 0.107644 0.214225 0.0614465 9.9991E-05 0.348001
0.199916 0.0426339 0.318586 0.166697 0.143521 0.00274065 0.0666835 0.0592227
0.00512541 0.0260127 0.101596 0.0462981 0.174731 0.0592888 0.0153975 0.571551
9.9982E-05 0.114035 0.269537 0.0682968 0.0865953 9.9982E-05 0.0294836 0.431853
0.132136 0.00108733 0.476195 9.9973E-05 0.298472 0.0918091 9.9973E-05 9.9973E-05
0.0634549 0.120337 0.199474 0.0032536 0.0668273 0.0228433 9.9991E-05 0.523709
0.00581646 0.152816 0.0660897 0.0605077 0.0430343 9.9991E-05 0.0632059 0.60843
0.00134639 0.0230154 0.197783 0.0117118 0.0714544 0.0876168 0.0461261 0.560946
0.0363823 0.108653 0.247837 0.0473993 0.239465 0.0236921 0.080752 0.21582
0.0525456 0.0519942 0.152808 9.9991E-05 0.170906 0.0124278 0.0506332 0.508585
0.0448345 0.0930433 0.0929559 0.0851144 0.110711 0.024034 0.0194643 0.529843
0.0272992 0.165557 0.347086 9.9982E-05 0.193394 0.0620741 9.9982E-05 0.204389
9.9955E-05 9.9955E-05 0.111984 9.9955E-05 0.363145 9.9955E-05 9.9955E-05 0.524372
9.9964E-05 9.9964E-05 0.100285 9.9964E-05 0.688223 0.0200587 9.9964E-05 0.191034
0.196536 0.0645785 0.0127449 0.00345078 0.0560714 0.0198655 9.9991E-05 0.646653
0.0783314 0.0354655 9.9955E-05 9.9955E-05 0.885703 9.9955E-05 9.9955E-05 9.9955E-05
0.0754624 0.0881261 0.0205223 9.9964E-05 0.815489 9.9964E-05 9.9964E-05 9.9964E-05
9.9955E-05 9.9955E-05 0.0084341 9.9955E-05 0.717086 9.9955E-05 9.9955E-05 0.27398
9.9973E-05 9.9973E-05 0.0469497 0.00541949 0.466387 0.000772007 9.9973E-05 0.480172
0.0624787 0.0813199 0.0279092 0.143464 0.152471 0.0251331 9.9991E-05 0.507124
9.9964E-05 9.9964E-05 0.0635346 9.9964E-05 0.444062 0.0345654 9.9964E-05 0.457438
9.9982E-05 9.9982E-05 0.145164 0.0169881 0.631352 0.0234287 0.0307125 0.152154
9.9973E-05 9.9973E-05 0.214226 0.032233 0.469051 9.9973E-05 0.0234875 0.260702
0.017781 9.9991E-05 0.106384 0.044929 0.229144 0.088615 0.077185 0.435862
9.9982E-05 9.9982E-05 0.0912292 0.0169722 0.588483 0.0140934 0.0187039 0.270318
9.9973E-05 9.9973E-05 0.00263042 0.0839318 0.449901 9.9973E-05 0.028314 0.434923
0.0940045 9.9955E-05 9.9955E-05 9.9955E-05 0.58123 9.9955E-05 9.9955E-05 0.324266
0.119107 0.164049 9.9964E-05 0.019655 0.696789 9.9964E-05 9.9964E-05 9.9964E-05
0.0357862 0.0586676 0.0829121 9.9991E-05 0.209024 0.00228975 0.108605 0.502616
9.9964E-05 9.9964E-05 0.029 0.775553 9.9964E-05 0.0504911 9.9964E-05 0.144556
9.9955E-05 9.9955E-05 9.9955E-05 0.757082 9.9955E-05 0.169496 9.9955E-05 0.0729217
9.9973E-05 9.9973E-05 0.00332163 0.793453 9.9973E-05 0.100666 0.0434365 0.0588227
9.9964E-05 9.9964E-05 9.9964E-05 0.816165 9.9964E-05 0.106 0.00337466 0.0740603
9.9964E-05 9.9964E-05 9.9964E-05 0.738626 0.0199738 0.143496 9.9964E-05 0.0975037
0.0604719 9.9973E-05 9.9973E-05 0.83772 9.9973E-05 0.0300257 0.0100558 0.0614269
9.9964E-05 9.9964E-05 9.9964E-05 0.853185 9.9964E-05 0.0514363 0.0223542 0.072625
9.9973E-05 9.9973E-05 0.0414308 0.145328 0.160476 9.9973E-05 0.0435913 0.608874
9.99798E-05 9.99798E-05 0.0875756 0.0771025 0.226287 9.99798E-05 0.0527508 0.555984
9.9982E-05 0.0755908 0.0872472 0.0207382 0.75322 0.0167221 9.9982E-05 0.0462817
0.108636 9.9991E-05 0.0656135 0.0321135 0.196894 0.000163768 0.133596 0.462883
9.9982E-05 0.0312898 0.109274 0.0318819 0.433299 0.00827943 9.9982E-05 0.385776
0.0104592 0.0752583 9.9991E-05 0.00308119 0.390385 0.0353405 0.0245664 0.46081
9.9973E-05 0.0432512 9.9973E-05 0.0430249 0.38375 0.0358911 9.9973E-05 0.493783
9.9973E-05 0.052717 9.9973E-05 0.0297651 0.450116 9.9973E-05 0.0799687 0.387134
0.0137859 9.9964E-05 0.170574 0.0494602 0.76578 9.9964E-05 9.9964E-05 9.9964E-05
0.0510341 9.9991E-05 0.0230634 0.1634 0.222414 0.0354619 0.0250189 0.479507
0.00304657 0.0406763 0.0514791 0.126168 0.0995129 9.9991E-05 0.0238347 0.655183
0.150967 0.0024802 9.9991E-05 0.102784 0.0913193 0.0440471 0.0501598 0.558142
0.0828666 0.0443581 9.9982E-05 9.9982E-05 0.554512 0.045475 0.000962497 0.271626
9.9973E-05 0.0492642 9.9973E-05 9.9973E-05 0.432709 0.0113706 0.0535245 0.452832
0.0205859 9.9982E-05 0.0675324 0.0211534 0.447603 0.0318192 9.9982E-05 0.411106
9.9955E-05 9.9955E-05 9.9955E-05 9.9955E-05 0.64314 9.9955E-05 0.0897661 0.266594
9.9982E-05 0.0437143 0.0381425 0.0436685 0.447573 0.021045 9.9982E-05 0.405657
0.000665354 0.104089 0.040211 0.111809 0.135929 0.0750674 9.9991E-05 0.53213
0.0890301 0.221981 0.325228 0.0118293 0.0619322 0.0200116 9.9991E-05 0.269887
0.0453226 9.9991E-05 0.308279 0.109267 0.0471853 0.0124941 0.049301 0.428051
9.9973E-05 0.06335 0.171147 0.0895606 9.9973E-05 0.0822272 9.9973E-05 0.593415
0.0815269 0.0678611 0.0799436 0.0515804 0.0417352 0.0240967 0.133464 0.519792
9.9964E-05 0.136981 0.289788 9.9964E-05 9.9964E-05 0.074979 9.9964E-05 0.497852
9.9964E-05 0.0507656 0.232069 0.0907873 9.9964E-05 9.9964E-05 9.9964E-05 0.625978
9.9973E-05 0.0709339 0.384674 0.0379429 0.00456646 9.9973E-05 9.9973E-05 0.501583
0.0615199 0.0948833 0.226404 0.017276 0.0781207 0.0730729 9.9991E-05 0.448624
0.114794 0.0199056 0.162377 0.0121594 9.9991E-05 0.0270541 0.055777 0.607833
0.108958 0.0366407 0.100443 9.9991E-05 0.1138 0.0792994 0.00288065 0.557877
9.9973E-05 0.0595037 0.338803 9.9973E-05 0.0174966 0.0209194 9.9973E-05 0.562978
0.0776899 9.9991E-05 0.0855991 0.0134366 0.0734708 0.0178738 0.0627644 0.669065
0.0636882 0.136948 0.0728378 0.0393831 0.023098 0.0553774 0.116218 0.49245
9.9973E-05 0.0352457 0.261898 9.9973E-05 0.0687818 9.9973E-05 0.036792 0.596983
0.168639 0.0379889 0.188175 0.0156161 9.9991E-05 0.0180269 0.0830675 0.488386
9.9991E-05 0.0743452 0.226492 0.015642 0.07085 0.0272357 0.0615601 0.523775
0.115687 0.107272 0.255194 0.0576842 9.9982E-05 0.0798367 9.9982E-05 0.384126
9.9973E-05 0.0738106 0.194215 9.9973E-05 0.0177119 9.9973E-05 0.0607409 0.653221
0.0376572 0.0120621 0.19709 0.0430409 9.9991E-05 0.0697341 0.00160979 0.638706
9.9991E-05 0.177365 0.380835 0.0250579 0.0901931 0.017735 0.0422751 0.266439
0.235205 0.23282 0.300632 9.9982E-05 0.0249919 9.9982E-05 0.0720543 0.134097
0.0696693 0.015852 0.204867 0.0899628 0.0728016 0.0301523 0.0223981 0.494297
0.103316 0.300277 0.268835 9.9991E-05 0.218327 0.0140237 0.060478 0.0346423
9.9973E-05 0.102476 0.408554 0.0504958 0.138076 9.9973E-05 9.9973E-05 0.300098
9.9973E-05 0.0522916 0.261487 0.0256674 0.182319 9.9973E-05 9.9973E-05 0.477935
9.9973E-05 0.0666036 0.438649 9.9973E-05 0.100073 0.0511653 9.9973E-05 0.343209
9.9973E-05 0.0520493 0.493977 9.9973E-05 0.110261 9.9973E-05 0.0318201 0.311592
0.0177203 0.0383301 0.150814 0.0563253 0.0881723 0.056586 0.00808867 0.583963
0.0897371 0.0122798 0.0551281 0.0912579 0.0924285 9.9991E-05 0.0817268 0.577342
9.9982E-05 0.0879372 0.159938 0.0302011 0.0837391 9.9982E-05 0.0308116 0.607173
0.156774 0.180134 0.276461 9.9982E-05 0.217834 9.9982E-05 0.113703 0.0548934
0.0847814 0.0492855 0.132515 0.0963226 0.0562436 0.0318551 9.9991E-05 0.548897
0.279159 0.0288929 0.0889084 9.9991E-05 0.0435406 0.0212091 0.109006 0.429183
0.394856 0.18409 0.090931 0.106165 0.173779 0.0404171 9.9991E-05 0.00966268
0.161426 0.0730563 9.9973E-05 0.148934 9.9973E-05 0.01294 9.9973E-05 0.603344
0.236478 0.0976258 0.0451285 0.05683 0.243992 0.00320858 0.0423552 0.274382
0.115794 0.0795401 0.0476893 0.0955445 0.163116 0.0154838 0.0155131 0.46732
0.44676 0.0106441 0.140671 0.0372482 0.122963 0.0352867 0.0132992 0.193128
0.376278 0.151301 0.132875 9.9982E-05 0.0867364 0.0483148 9.9982E-05 0.204294
0.237596 0.113552 0.138819 0.0225637 0.0414271 0.0164979 9.9991E-05 0.429444
0.199957 0.0242498 0.123871 0.0671778 0.0138232 9.9991E-05 0.0180349 0.552787
0.151575 0.0563166 0.112253 0.183518 0.0922108 9.9982E-05 9.9982E-05 0.403927
0.29867 0.0476163 0.100709 0.0486579 0.335115 9.9982E-05 0.169031 9.9982E-05
0.0655746 0.108641 0.00115334 0.106772 0.0978813 0.0142814 0.0656862 0.54001
0.336134 0.0506124 0.114773 9.9973E-05 0.123253 9.9973E-05 9.9973E-05 0.374927
0.179453 0.157118 0.0831845 9.9982E-05 0.110452 9.9982E-05 0.000735801 0.468857
0.0864762 0.10318 0.0722577 0.104161 0.0329059 0.0421079 9.9991E-05 0.558811
0.307293 9.9982E-05 0.00572017 0.220343 9.9982E-05 0.0749935 0.242093 0.149357
0.34335 9.9955E-05 9.9955E-05 0.515918 9.9955E-05 9.9955E-05 0.140232 9.9955E-05
0.364408 0.0497305 9.9973E-05 0.362458 9.9973E-05 0.0944813 0.128621 9.9973E-05
0.233514 9.9982E-05 0.00837814 0.382619 9.9982E-05 0.00506022 0.29555 0.0746787
0.302165 9.9955E-05 9.9955E-05 9.9955E-05 0.0875563 9.9955E-05 9.9955E-05 0.609779
0.176903 0.0686239 0.0455623 0.105584 9.9991E-05 0.0300841 0.0154634 0.557679
9.9946E-05 9.9946E-05 9.9946E-05 9.9946E-05 9.9946E-05 9.9946E-05 0.692872 0.306528
9.9982E-05 0.0265183 0.126527 9.9982E-05 0.0419149 0.050369 0.412362 0.342108
0.0303203 9.9982E-05 0.0528237 0.049788 9.9982E-05 0.00279549 0.440171 0.423901
0.368331 0.234586 9.9964E-05 9.9964E-05 0.0684394 9.9964E-05 9.9964E-05 0.328243
0.234302 0.0957499 9.9973E-05 0.132763 9.9973E-05 9.9973E-05 0.0215535 0.515332
0.572635 0.171817 9.9973E-05 9.9973E-05 0.0504988 9.9973E-05 0.00233127 0.202418
0.252379 0.0550261 9.9973E-05 0.00289178 0.15925 9.9973E-05 9.9973E-05 0.530154
0.221325 0.211918 0.00713149 9.9991E-05 0.0925739 0.025204 0.0221767 0.419571
0.293725 0.0421187 0.012351 0.017105 0.0411043 9.9991E-05 0.0432005 0.550296
0.435412 0.193028 0.06944 9.9973E-05 0.155523 9.9973E-05 9.9973E-05 0.146297
0.0865407 9.9991E-05 0.0544505 0.0435115 0.120818 0.0173724 0.0234991 0.653708
0.278947 0.0363232 9.9982E-05 0.00398112 0.0591054 0.014002 9.9982E-05 0.607441
9.9955E-05 0.0111107 9.9955E-05 9.9955E-05 0.0339591 9.9955E-05 0.95443 9.9955E-05
9.9955E-05 9.9955E-05 0.0607405 9.9955E-05 9.9955E-05 9.9955E-05 0.892326 0.0464336
0.0483518 0.0247026 9.9982E-05 0.0166689 9.9982E-05 0.0260517 0.502671 0.381354
9.9964E-05 0.00688208 9.9964E-05 0.00761348 9.9964E-05 9.9964E-05 0.615684 0.36942
9.9964E-05 9.9964E-05 0.0678719 9.9964E-05 0.079461 9.9964E-05 0.847413 0.00485375
9.994E-05 9.994E-05 9.994E-05 9.994E-05 9.994E-05 9.994E-05 0.9993 9.994E-05
9.9955E-05 0.000976648 0.0388205 9.9955E-05 9.9955E-05 9.9955E-05 0.959703 9.9955E-05
9.9946E-05 9.9946E-05 9.9946E-05 9.9946E-05 9.9946E-05 9.9946E-05 0.870029 0.129371
9.9946E-05 9.9946E-05 0.0339601 9.9946E-05 9.9946E-05 9.9946E-05 0.96544 9.9946E-05
9.9946E-05 9.9946E-05 9.9946E-05 0.00715105 9.9946E-05 9.9946E-05 0.992249 9.9946E-05
9.9946E-05 9.9946E-05 9.9946E-05 9.9946E-05 9.9946E-05 0.0268764 0.972524 9.9946E-05
0.00640238 0.0173676 0.00698366 9.9982E-05 9.9982E-05 0.0703466 0.747775 0.150924
9.9973E-05 9.9973E-05 9.9973E-05 0.0930072 0.00274513 0.0247263 0.749738 0.129484
9.9955E-05 9.9955E-05 9.9955E-05 9.9955E-05 0.0211398 0.00481807 0.973542 9.9955E-05
9.9991E-05 0.0425233 0.168518 0.0396821 0.0666695 0.0100123 0.411424 0.26107
0.0597386 9.9982E-05 0.0244678 9.9982E-05 0.021597 0.0166824 0.6277 0.249614
0.0126825 9.9991E-05 0.00159115 0.00335867 0.012251 0.0487248 0.795233 0.126059
9.9973E-05 9.9973E-05 0.0117643 0.0139545 9.9973E-05 0.0102369 0.904669 0.0590751
9.9946E-05 9.9946E-05 9.9946E-05 0.00498065 9.9946E-05 9.9946E-05 0.99442 9.9946E-05
9.9955E-05 9.9955E-05 9.9955E-05 0.0575685 9.9955E-05 9.9955E-05 0.873883 0.0680487
9.9955E-05 9.9955E-05 9.9955E-05 9.9955E-05 0.00501833 0.00447188 0.99001 9.9955E-05
0.0237926 0.0099717 0.072975 0.0333483 0.0158647 9.9991E-05 0.613161 0.230787
9.9973E-05 0.0108695 0.0157606 9.9973E-05 0.0386918 9.9973E-05 0.929053 0.00532471
0.629025 0.0812193 9.9964E-05 0.276588 9.9964E-05 9.9964E-05 0.0127676 9.9964E-05
0.299651 9.9982E-05 0.105944 0.121263 9.9982E-05 0.0373474 0.0509301 0.384664
0.181667 0.029996 0.0347637 0.224862 0.0441382 0.00917657 0.01376 0.461636
0.528548 9.9982E-05 0.0121127 0.136343 9.9982E-05 0.0671375 0.0778913 0.177768
0.10481 0.0224358 0.0192899 0.122181 0.106458 9.9991E-05 0.123368 0.501357
0.361981 0.0545147 9.9991E-05 0.20274 0.0213911 0.0315869 0.136483 0.191203
0.175138 0.035461 0.0849402 0.149474 0.0537355 0.0543491 0.0614546 0.385448
0.41841 9.9964E-05 9.9964E-05 0.0947144 9.9964E-05 9.9964E-05 0.153303 0.333173
0.161436 0.0896922 9.9991E-05 0.0993804 0.0580627 0.0495304 0.128262 0.413537
0.389497 9.9973E-05 9.9973E-05 0.049345 9.9973E-05 0.058234 0.222335 0.28029
0.223216 9.9982E-05 0.0491706 0.136259 0.0705282 9.9982E-05 0.0807623 0.439864
0.0842886 9.9964E-05 0.032805 0.8315 9.9964E-05 9.9964E-05 9.9964E-05 0.051007
9.9964E-05 0.0419671 9.9964E-05 0.773295 9.9964E-05 0.125065 0.0592732 9.9964E-05
9.9964E-05 9.9964E-05 0.00661544 0.828326 0.0717905 0.0928685 9.9964E-05 9.9964E-05
9.9964E-05 9.9964E-05 0.0298057 0.910188 9.9964E-05 0.0548652 9.9964E-05 0.00474177
0.0523542 9.9973E-05 0.0517976 0.70529 9.9973E-05 0.16354 0.0267179 9.9973E-05
9.9964E-05 0.0290902 9.9964E-05 0.802561 9.9964E-05 0.0771092 0.0908402 9.9964E-05
9.9973E-05 9.9973E-05 0.0215305 0.798727 9.9973E-05 0.0829988 0.0669927 0.0294506
9.9964E-05 0.0723302 9.9964E-05 0.859379 9.9964E-05 0.0537056 9.9964E-05 0.0141858
9.9964E-05 9.9964E-05 9.9964E-05 0.904388 0.0120123 0.0319746 9.9964E-05 0.051225
0.0130976 9.9982E-05 0.00836007 0.84849 9.9982E-05 0.0166367 0.0870546 0.0261608
9.9973E-05 0.0201408 0.240246 0.55474 0.127304 0.0572685 9.9973E-05 9.9973E-05
9.9982E-05 0.0160463 0.28596 0.575068 0.101011 0.00515399 0.0165614 9.9982E-05
0.0684905 0.048778 0.295098 0.530541 0.011118 0.0457746 9.9982E-05 9.9982E-05
0.109669 9.9964E-05 0.361839 0.445696 0.0823956 9.9964E-05 9.9964E-05 9.9964E-05
9.9973E-05 0.0113777 0.135368 9.9973E-05 0.230627 0.0616317 9.9973E-05 0.560696
0.0296236 0.068492 0.0326401 0.0579857 0.248182 9.9991E-05 0.000731914 0.562245
9.9973E-05 9.9973E-05 0.183427 9.9973E-05 0.19683 0.0238584 0.0332664 0.562318
0.00232791 0.0688162 0.22535 9.9982E-05 0.235515 0.0560637 9.9982E-05 0.411727
0.00464847 0.0865421 0.618721 9.9973E-05 0.126079 9.9973E-05 9.9973E-05 0.163709
9.9991E-05 0.0492324 0.0241302 0.0406182 0.175949 0.0123502 0.0751618 0.622458
9.9955E-05 9.9955E-05 0.0772061 9.9955E-05 0.307541 9.9955E-05 9.9955E-05 0.614753
0.020171 0.0421367 0.0478907 9.9982E-05 0.340726 0.0241227 9.9982E-05 0.524753
0.0161775 0.0299278 0.0386743 9.9982E-05 0.445918 9.9982E-05 0.0461528 0.42295
9.9982E-05 0.027861 0.08454 0.0841435 0.178543 0.0105646 9.9982E-05 0.614148
0.00104841 0.0577241 0.132674 9.9973E-05 0.347904 9.9973E-05 9.9973E-05 0.460349
9.9955E-05 0.24019 0.0757318 9.9955E-05 0.683578 9.9955E-05 9.9955E-05 9.9955E-05
9.9991E-05 0.014082 0.195544 0.00766967 0.180252 0.0708699 0.0191149 0.512368
0.104581 0.121966 9.9973E-05 0.0142091 0.525079 9.9973E-05 9.9973E-05 0.233865
9.9973E-05 9.9973E-05 0.102535 9.9973E-05 0.317787 0.00012002 0.050567 0.528691
9.9964E-05 9.9964E-05 0.144106 0.0391982 0.663342 9.9964E-05 9.9964E-05 0.152954
0.200357 9.9964E-05 0.703211 0.0906511 9.9964E-05 0.00538075 9.9964E-05 9.9964E-05
0.155421 9.9964E-05 0.657982 0.106661 9.9964E-05 9.9964E-05 9.9964E-05 0.0795361
0.13868 0.0551351 0.785447 0.0203379 9.9964E-05 9.9964E-05 9.9964E-05 9.9964E-05
0.046685 9.9964E-05 0.780611 0.11449 0.057814 9.9964E-05 9.9964E-05 9.9964E-05
0.159943 9.9973E-05 0.769035 9.9973E-05 9.9973E-05 0.0113981 0.046755 0.0125692
0.0744441 0.0183229 0.695921 0.0621873 9.9973E-05 9.9973E-05 9.9973E-05 0.148825
9.9955E-05 9.9955E-05 9.9955E-05 0.803674 9.9955E-05 0.0757657 9.9955E-05 0.120061
9.9965E-05 9.9965E-05 0.0826857 0.770002 9.9965E-05 0.0390598 9.9965E-05 0.107853
9.9964E-05 9.9964E-05 9.9964E-05 0.68443 9.9964E-05 0.0777145 0.126056 0.111399
9.9973E-05 9.9973E-05 0.0704213 0.738702 9.9973E-05 0.0392898 0.0933972 0.0578896
0.0265583 9.9982E-05 0.014655 0.759564 9.9982E-05 0.0259714 0.0363552 0.136696
0.0588596 9.9973E-05 0.53459 0.37116 0.021813 0.0132778 9.9973E-05 9.9973E-05
0.145001 0.0507923 0.319788 0.462544 0.0215738 9.9973E-05 9.9973E-05 9.9973E-05
9.9973E-05 0.0930985 0.412843 0.461986 0.0128705 0.0189023 9.9973E-05 9.9973E-05
9.994E-05 9.994E-05 9.994E-05 9.994E-05 9.994E-05 0.9993 9.994E-05 9.994E-05
0.0759537 9.9964E-05 0.466767 0.350852 0.106027 9.9964E-05 9.9964E-05 9.9964E-05
0.149389 0.0428905 9.9982E-05 0.191919 9.9982E-05 0.00894774 0.338102 0.268551
0.00827218 9.9991E-05 0.12899 0.141877 0.0168434 0.0435577 0.156997 0.503363
9.9973E-05 9.9973E-05 9.9973E-05 0.139844 0.0498669 0.0675205 0.271504 0.470965
0.108252 0.0650459 0.00682891 0.18401 0.0333807 0.0667198 0.202147 0.333615
0.0731657 9.9982E-05 0.0646699 0.0678754 9.9982E-05 0.0672342 0.246737 0.480118
0.165017 0.0618962 9.9964E-05 0.480241 9.9964E-05 9.9964E-05 0.292446 9.9964E-05
0.114675 0.0946342 0.368644 9.9964E-05 9.9964E-05 9.9964E-05 9.9964E-05 0.421647
0.118779 0.245305 0.266953 0.0119137 0.0351679 9.9991E-05 0.00571883 0.316062
9.9982E-05 0.0393282 0.486565 0.0836828 0.0756111 0.0317651 9.9982E-05 0.282848
0.0616944 0.278306 0.137475 9.9982E-05 0.0626678 9.9982E-05 0.0144875 0.445169
0.193545 0.488614 0.14287 9.9964E-05 0.174571 9.9964E-05 9.9964E-05 9.9964E-05
0.0480006 0.0424497 0.173108 0.11171 0.059046 0.0192624 0.0433563 0.503068
0.0366932 0.223207 0.159673 0.0470359 0.0497995 0.0160377 0.0162062 0.451347
0.0258884 0.0292228 0.409518 9.9982E-05 0.137327 0.0711212 9.9982E-05 0.326722
0.142947 0.0265883 0.161112 0.0670145 9.9982E-05 9.9982E-05 0.0604386 0.541699
0.209117 0.231461 0.297931 9.9973E-05 0.151113 9.9973E-05 9.9973E-05 0.110078
0.129663 0.266518 0.0938015 9.9991E-05 0.021975 0.0132476 0.0534159 0.421279
9.9973E-05 0.0441303 0.29342 9.9973E-05 0.0836827 0.0424718 9.9973E-05 0.535995
0.116443 9.9982E-05 0.0779569 0.131077 0.14099 9.9982E-05 0.245078 0.288256
0.0970366 0.25429 0.207921 9.9982E-05 0.012103 9.9982E-05 0.000629357 0.42782
9.9973E-05 0.1751 0.187683 0.0856463 0.104519 9.9973E-05 9.9973E-05 0.446751
0.0262702 0.148159 0.125737 9.9982E-05 0.132317 9.9982E-05 0.103564 0.463753
0.0264935 0.073711 0.194462 0.0442175 0.0812726 9.9991E-05 0.0070272 0.572716
9.9991E-05 0.180543 0.0807253 0.0420158 0.0472184 0.014732 0.0245392 0.610126
0.0911736 0.00663588 0.161059 0.0935895 0.0343144 0.0628545 0.0489948 0.501378
0.0578792 9.9991E-05 0.224568 0.0369235 0.0617813 0.0592751 0.00329122 0.556182
9.9964E-05 0.000237759 9.9964E-05 0.778021 9.9964E-05 9.9964E-05 0.0759174 0.145424
9.9973E-05 0.0290502 9.9973E-05 0.840638 9.9973E-05 0.00812605 0.0181465 0.103739
0.0152952 9.9973E-05 0.0596314 0.787616 0.0403683 9.9973E-05 9.9973E-05 0.0967889
9.9991E-05 0.045586 0.0237219 0.788331 0.0267336 0.0195423 0.017546 0.0784394
9.9964E-05 0.0146714 9.9964E-05 0.786466 9.9964E-05 0.0400838 9.9964E-05 0.158379
0.0288825 9.9973E-05 0.560028 9.9973E-05 0.148816 9.9973E-05 0.0771731 0.1848
9.9991E-05 0.0974696 0.161857 0.0146713 0.282359 0.016131 0.12111 0.306302
0.182767 0.00118979 0.0164784 0.128318 0.0101205 0.0498268 0.0893508 0.521949
0.0230096 0.0848979 0.154085 9.9991E-05 0.0280238 0.055144 0.0623511 0.592388
9.9991E-05 0.0995855 0.174116 0.0363008 0.110913 0.0499566 0.012385 0.516643
0.0768484 0.237486 0.28177 9.9982E-05 9.9982E-05 0.0439195 0.0886925 0.271084
0.0962242 0.0564455 0.568231 0.0470284 0.139649 0.0922218 9.9982E-05 9.9982E-05
0.0467539 0.047984 0.278887 9.9991E-05 0.0398954 0.016315 0.064339 0.505726
0.0183572 0.15348 0.451412 0.0539667 0.0666154 0.0542266 0.0350987 0.166843
0.141644 0.0660194 0.141271 0.0603459 0.100747 9.9982E-05 9.9982E-05 0.489773
9.9991E-05 0.12042 0.466882 0.0642456 0.145162 0.0294513 0.0565833 0.117155
0.0411123 9.9982E-05 0.270679 0.0719174 9.9982E-05 0.000370228 0.0862259 0.529496
0.0471481 0.0789476 0.448647 0.0822947 0.0963954 0.0377942 9.9991E-05 0.208673
0.0990392 0.0878165 0.328894 0.00791014 0.116599 9.9991E-05 0.0966232 0.263018
0.110214 0.13215 0.0937135 0.109396 9.9982E-05 9.9982E-05 0.0902388 0.464088
0.547626 0.0842002 0.0336655 9.9964E-05 9.9964E-05 9.9964E-05 9.9964E-05 0.334108
0.27966 9.9973E-05 0.0446942 0.0484271 0.114305 9.9973E-05 9.9973E-05 0.512614
0.250113 0.00939281 0.02141 0.0681732 0.0441317 0.00549086 9.9991E-05 0.601188
0.5208 0.0842023 0.0505715 9.9964E-05 9.9964E-05 9.9964E-05 9.9964E-05 0.344026
0.125672 0.101636 0.0909175 0.0861104 0.0931069 9.9982E-05 9.9982E-05 0.502357
0.371914 0.0196468 9.9982E-05 0.0239053 0.0271423 0.00427751 9.9982E-05 0.552914
0.555851 0.111896 0.0335469 9.9973E-05 0.16237 9.9973E-05 9.9973E-05 0.136036
0.66119 0.0214487 9.9964E-05 9.9964E-05 0.0905564 9.9964E-05 9.9964E-05 0.226405
0.368115 0.0640637 0.093645 9.9964E-05 9.9964E-05 9.9964E-05 9.9964E-05 0.473776
0.523781 0.0579985 0.122885 9.9973E-05 0.205419 9.9973E-05 9.9973E-05 0.0896165
0.332722 9.9964E-05 0.0901938 9.9964E-05 0.0954753 9.9964E-05 9.9964E-05 0.48121
9.9991E-05 0.0344939 0.548585 0.0104768 0.203523 0.00109212 0.0360008 0.165728
9.9973E-05 0.304213 0.37143 9.9973E-05 0.098082 9.9973E-05 0.0551663 0.170809
9.9973E-05 0.0747863 0.424457 9.9973E-05 0.0205641 0.0256544 9.9973E-05 0.454238
0.0556557 0.0348432 0.105229 9.9982E-05 0.0886889 9.9982E-05 0.08514 0.630244
0.0788403 0.072253 0.463518 9.9982E-05 0.138552 9.9982E-05 0.0525075 0.19413
0.075572 0.243528 0.1474 9.9991E-05 0.026721 0.0190651 0.155882 0.331732
0.121008 0.0638123 0.165399 9.9982E-05 9.9982E-05 0.0428027 0.0486046 0.558173
0.0366296 0.0738598 0.22001 0.097323 9.9973E-05 9.9973E-05 9.9973E-05 0.571878
9.9991E-05 0.100619 0.233874 0.0304624 0.0928122 0.00363972 0.108953 0.429539
9.9973E-05 9.9973E-05 0.272358 0.0357861 0.270313 9.9973E-05 0.0386359 0.382607
9.9982E-05 0.0170431 0.476156 9.9982E-05 0.219872 0.016657 0.0314741 0.238598
0.0331662 0.0291983 0.434782 9.9982E-05 0.117692 9.9982E-05 0.142429 0.242532
9.9991E-05 0.0953096 0.224972 0.0119916 0.0019789 0.0122623 0.0232705 0.630115
0.0338384 0.0724212 0.208801 0.0248731 0.03314 0.0416435 0.0389247 0.546358
0.0858459 0.122051 0.241561 0.0209661 0.0823688 0.0101503 0.0649469 0.37211
0.0245596 0.16155 0.211484 9.99731E-05 9.99731E-05 9.99731E-05 0.0572358 0.54487
0.0997571 0.0111592 0.400134 0.029535 9.9982E-05 0.043624 9.9982E-05 0.415591
9.9964E-05 9.9964E-05 0.286421 9.9964E-05 0.0999393 9.9964E-05 0.00968796 0.603552
0.0262631 0.0301404 0.258775 0.0354608 0.111977 9.9991E-05 0.0948532 0.442431
0.0611898 0.102322 0.0531215 0.116246 0.111477 9.9991E-05 0.0115926 0.543951
0.0477102 9.9991E-05 0.037583 0.27884 0.024426 0.0724729 0.144596 0.394272
0.0891134 0.0418502 9.9991E-05 0.108509 0.0698986 0.0703373 0.204924 0.415267
0.0557674 9.9973E-05 9.9973E-05 0.243613 0.0667227 9.9973E-05 0.203969 0.429628
0.0394165 0.0846283 0.0513156 0.0903976 0.0154523 0.0389551 0.090202 0.589633
9.9991E-05 0.114764 0.00251626 0.182268 0.0144432 0.0577535 0.235052 0.393104
0.157982 0.217466 0.164815 9.9964E-05 9.9964E-05 9.9964E-05 9.9964E-05 0.459337
9.9991E-05 0.120492 0.0522631 0.170318 0.0308305 0.0201194 0.0459901 0.559888
0.292899 0.0846483 9.9982E-05 0.236459 0.236584 0.014688 0.134522 9.9982E-05
0.0816707 0.0294477 0.0459902 0.0950153 0.0638687 9.9991E-05 0.207085 0.476822
9.9991E-05 0.0912554 0.0524126 0.00561809 0.0880483 0.0352077 0.195081 0.532277
0.0745518 0.0910447 0.0149129 0.0304563 0.0312184 0.00790386 0.237412 0.512501
0.211245 0.00229667 0.0752036 0.0979995 0.14597 0.121265 0.111711 0.23431
0.111719 0.00985272 9.9982E-05 0.182106 9.9982E-05 0.0266944 0.0890777 0.58035
0.0909503 0.108147 0.00316038 0.0595493 9.9991E-05 0.0989366 0.192193 0.446963
0.243773 0.0879102 9.9973E-05 0.40255 9.9973E-05 0.0785462 0.18692 9.9973E-05
0.0154815 9.9982E-05 0.00133918 0.15316 9.9982E-05 0.0493668 0.122495 0.657958
0.0229934 0.0573503 9.9982E-05 0.104522 9.9982E-05 0.0332326 0.264196 0.517506
0.052256 0.0830001 9.9991E-05 0.0782608 0.041981 0.0696459 0.0727204 0.602036
0.0391534 9.9973E-05 9.9973E-05 0.200864 9.9973E-05 0.0199866 0.142971 0.596725
0.0808572 0.0255548 0.0680946 0.137566 9.9991E-05 0.00522662 0.140547 0.542054
0.00832457 0.396081 0.0453243 9.9991E-05 0.0444001 0.0405463 0.0330247 0.432199
0.103889 0.27341 0.000736899 0.0740824 0.019521 9.9991E-05 0.0469083 0.481353
9.9964E-05 0.812877 0.119041 9.9964E-05 0.0446846 9.9964E-05 9.9964E-05 0.0229975
9.9955E-05 0.91962 0.0776775 0.00220326 9.9955E-05 9.9955E-05 9.9955E-05 9.9955E-05
9.9982E-05 0.312214 0.0950402 9.9982E-05 0.00524304 0.0387171 0.0344038 0.514182
0.109405 0.0583136 0.0117199 0.165479 9.9982E-05 9.9982E-05 0.281016 0.373867
0.0513627 0.199503 9.9982E-05 0.0694947 9.9982E-05 0.0302988 0.316632 0.332509
0.218849 0.102813 9.9982E-05 0.171774 9.9982E-05 0.0394202 0.298496 0.168447
0.0762898 0.21536 9.9982E-05 0.123615 9.9982E-05 0.0332511 0.259688 0.291596
0.155726 0.624614 9.9982E-05 0.0733065 9.9982E-05 0.0237636 0.056248 0.0661422
0.0285968 0.612154 9.9982E-05 0.0763663 9.9982E-05 0.0472262 0.087498 0.147959
9.9964E-05 0.33632 9.9964E-05 9.9964E-05 9.9964E-05 0.0258509 0.136685 0.500744
9.9964E-05 0.460102 9.9964E-05 0.0688483 9.9964E-05 9.9964E-05 0.100714 0.369936
9.9973E-05 0.652363 9.9973E-05 0.0379582 9.9973E-05 0.0252062 0.156781 0.127391
9.9982E-05 0.266145 0.073457 0.0467515 0.0402909 9.9982E-05 0.143291 0.429864
0.040515 0.263784 0.0581156 9.9982E-05 9.9982E-05 0.0400187 0.0577866 0.53958
0.0854479 0.210868 0.0216583 0.0770669 0.0803814 0.0363125 0.100411 0.387853
9.9973E-05 0.604129 0.0401861 9.9973E-05 0.00967206 0.00206585 9.9973E-05 0.343647
9.9982E-05 0.429504 0.0761781 9.9982E-05 0.109057 0.0490226 0.081794 0.254245
0.0164287 0.202785 0.0193481 0.094602 0.126859 9.9982E-05 9.9982E-05 0.539777
0.0641146 0.324648 0.0578752 0.0779939 0.117588 9.9991E-05 0.0637425 0.293938
0.0832067 0.219177 0.010628 0.0346127 9.9991E-05 0.0810899 0.075572 0.495614
0.137156 0.373349 9.9964E-05 9.9964E-05 9.9964E-05 0.00310687 9.9964E-05 0.485988
0.0632864 0.645877 0.0509896 9.9964E-05 9.9964E-05 9.9964E-05 9.9964E-05 0.239447
9.9964E-05 0.336523 9.9964E-05 0.0497025 0.0611608 9.9964E-05 9.9964E-05 0.552214
9.9964E-05 0.694774 0.0510125 0.00939409 9.9964E-05 9.9964E-05 9.9964E-05 0.244419
0.0619838 0.503141 9.9973E-05 0.016896 9.9973E-05 0.0166453 9.9973E-05 0.401033
9.9991E-05 0.240557 0.0261381 0.0463048 0.0995469 0.0585833 0.0322975 0.496473
9.9973E-05 0.415945 0.0104823 9.9973E-05 0.0453345 0.0172609 9.9973E-05 0.510678
0.0070683 0.17026 0.0506974 0.1295 9.9991E-05 0.035775 0.166014 0.440586
0.0708664 0.11499 0.1343 0.0716805 9.9991E-05 0.0172815 0.0988479 0.491934
0.159498 0.0852306 0.0147043 0.112308 0.0285845 0.0312874 0.232172 0.336216
0.195806 0.033874 0.0613125 0.114064 9.9991E-05 0.0536929 0.233074 0.308077
0.00277433 9.9991E-05 0.116875 0.167098 0.160671 0.0193344 0.164749 0.368398
0.0456713 0.229273 0.0738413 0.0492164 9.9991E-05 0.120295 0.118604 0.362999
9.9964E-05 0.692203 9.9964E-05 0.185145 9.9964E-05 0.0128208 0.109432 9.9964E-05
9.9973E-05 0.120704 0.00534552 0.119579 9.9973E-05 9.9973E-05 0.150336 0.603736
0.0492956 0.422534 9.9973E-05 0.38259 9.9973E-05 0.0464586 0.0988214 9.9973E-05
9.9964E-05 0.279566 9.9964E-05 0.0480544 9.9964E-05 9.9964E-05 0.173257 0.498723
9.9955E-05 0.80094 9.9955E-05 9.9955E-05 0.0992142 9.9955E-05 9.9955E-05 0.0993458
9.9946E-05 0.912968 9.9946E-05 9.9946E-05 0.0864325 9.9946E-05 9.9946E-05 9.9946E-05
9.9955E-05 0.442391 9.9955E-05 9.9955E-05 0.0568748 9.9955E-05 9.9955E-05 0.500234
9.9955E-05 0.340119 9.9955E-05 9.9955E-05 9.9955E-05 0.0326749 9.9955E-05 0.626706
9.99534E-05 0.6023 9.99534E-05 9.99534E-05 9.99534E-05 9.99534E-05 9.99534E-05 0.3971
9.9955E-05 0.451041 9.9955E-05 9.9955E-05 0.0430203 9.9955E-05 9.9955E-05 0.505439
9.9946E-05 0.498067 9.9946E-05 9.9946E-05 9.9946E-05 9.9946E-05 9.9946E-05 0.501334
9.9982E-05 0.037152 0.00742349 0.794411 9.9982E-05 0.0518848 0.0130806 0.0958486
9.9982E-05 0.05223 0.117659 0.69119 9.9982E-05 0.0140523 0.0923146 0.0323546
9.9964E-05 9.9964E-05 0.0615891 0.790855 9.9964E-05 0.0667071 0.080449 9.9964E-05
9.9964E-05 0.0133452 9.9964E-05 0.814352 9.9964E-05 0.15055 9.9964E-05 0.0213529
0.0543451 0.0130339 0.0236135 9.9991E-05 0.389921 0.0725906 0.016589 0.429807
9.9973E-05 9.9973E-05 0.073944 0.0888275 0.343002 9.9973E-05 0.0328742 0.461053
9.9973E-05 0.0181845 0.0695142 9.9973E-05 0.426874 0.0451424 9.9973E-05 0.439985
0.0830796 9.9982E-05 9.9982E-05 0.146493 0.202764 0.0228844 0.00564769 0.538932
0.186565 9.9982E-05 0.0448324 0.0798586 0.131483 9.9982E-05 0.0731392 0.483922
0.0387012 0.034642 0.189442 0.0062402 0.51172 9.9982E-05 9.9982E-05 0.219054
9.9973E-05 0.0530736 9.9973E-05 9.9973E-05 0.3295 0.00289792 0.0608404 0.553388
0.080653 0.0997895 9.9973E-05 9.9973E-05 0.43618 0.0391161 9.9973E-05 0.343961
0.0525122 0.0380889 9.9973E-05 0.282205 9.9973E-05 9.9973E-05 0.144649 0.482245
9.9973E-05 0.102507 0.0745993 9.9973E-05 0.382467 9.9973E-05 0.0831889 0.356938
0.00707224 9.9973E-05 0.120206 9.9973E-05 0.469214 0.0360596 9.9973E-05 0.367148
9.9982E-05 0.0371458 0.0297033 0.0112741 0.268041 0.00794912 9.9982E-05 0.645687
9.9973E-05 0.0588869 0.102094 9.9973E-05 0.423084 0.0290957 9.9973E-05 0.38654
0.0257084 0.0410165 9.9964E-05 9.9964E-05 0.392517 9.9964E-05 9.9964E-05 0.540358
9.9973E-05 9.9973E-05 9.9973E-05 0.0616477 0.312328 0.0461939 0.0356736 0.543856
9.9955E-05 0.112419 9.9955E-05 9.9955E-05 0.797071 9.9955E-05 9.9955E-05 0.0900104
0.0683035 0.0652462 0.0224855 0.0134296 0.538395 9.9991E-05 0.0696899 0.222351
9.9973E-05 9.9973E-05 0.0477135 0.0266424 0.578902 0.00687197 9.9973E-05 0.339571
0.06296 0.106861 9.9955E-05 9.9955E-05 0.829679 9.9955E-05 9.9955E-05 9.9955E-05
0.020904 0.0473811 0.0503204 9.9991E-05 0.361981 0.0260035 0.062186 0.431124
0.17093 0.0868574 9.9973E-05 9.9973E-05 0.706479 9.9973E-05 0.00523185 0.0302027
0.137229 0.07338 9.9964E-05 0.00266185 0.78633 9.9964E-05 9.9964E-05 9.9964E-05
0.00344652 0.0464524 9.9982E-05 0.0841168 0.302664 0.00468478 9.9982E-05 0.558436
9.9964E-05 9.9964E-05 0.0769489 0.0955754 0.640491 9.9964E-05 9.9964E-05 0.186585
0.0354168 9.9982E-05 0.13174 9.9982E-05 0.427865 0.00597592 0.0899896 0.308812
9.9982E-05 9.9982E-05 0.0237401 0.0860513 0.188667 0.0580578 0.0158112 0.627472
9.9973E-05 0.0165173 0.0261142 0.00122957 0.413374 9.9973E-05 9.9973E-05 0.542465
0.0562951 0.218707 0.283622 9.9982E-05 9.9982E-05 0.0309948 0.0691947 0.340986
9.9973E-05 0.0204686 0.0658561 9.9973E-05 0.386986 9.9973E-05 0.0338816 0.492508
0.0814357 0.0444903 0.0955014 0.00667342 0.295312 0.0515908 9.9991E-05 0.424897
9.9955E-05 9.9955E-05 9.9955E-05 9.9955E-05 0.66431 0.0134632 9.9955E-05 0.321727
0.0580218 0.102665 0.0579505 0.0481411 0.17293 0.0210077 0.0650771 0.474208
0.0798653 0.0114339 0.239276 0.578718 9.99731E-05 0.0904074 9.99731E-05 9.99731E-05
0.00515709 0.0617056 0.0938083 0.669205 0.0334832 0.112273 9.9991E-05 0.0242672
0.0234742 9.9973E-05 0.147805 0.674823 0.00738535 0.146213 9.9973E-05 9.9973E-05
0.03692 9.9964E-05 0.143287 0.694399 9.9964E-05 0.124994 9.9964E-05 9.9964E-05
0.0719593 9.9973E-05 0.166482 0.664565 9.9973E-05 0.0492778 9.9973E-05 0.0474163
9.9973E-05 9.9973E-05 0.131971 0.0252223 0.728769 9.9973E-05 0.0695506 0.0441871
0.0129529 9.9982E-05 0.101972 0.0493281 0.647893 0.0315912 9.9982E-05 0.156062
0.015608 0.0333709 9.9973E-05 9.9973E-05 0.80897 9.9973E-05 0.0238883 0.117863
0.0867366 0.00212979 0.0279889 0.107492 0.13244 0.00359201 0.13799 0.501631
0.15132 9.9982E-05 0.068671 0.116776 0.0651619 9.9982E-05 0.00931118 0.58856
0.0416232 0.065097 9.9991E-05 0.0375057 0.582217 0.04046 0.0266876 0.20631
9.9982E-05 0.0392494 9.9982E-05 0.0170684 0.333161 0.00170783 0.0841964 0.524417
0.0188726 9.9982E-05 0.0512552 0.0502654 0.518604 9.9982E-05 0.0605141 0.300288
9.9964E-05 0.0471916 9.9964E-05 0.0374902 0.310654 9.9964E-05 9.9964E-05 0.604265
0.02376 9.9982E-05 0.0426654 0.0704168 0.234819 0.00452085 9.9982E-05 0.623618
0.0755875 9.9973E-05 0.0993483 9.9973E-05 0.536712 9.9973E-05 0.0353409 0.252711
9.9964E-05 9.9964E-05 0.0352819 9.9964E-05 0.543913 0.0387478 9.9964E-05 0.381658
9.9955E-05 9.9955E-05 0.126947 9.9955E-05 0.485143 9.9955E-05 9.9955E-05 0.38741
0.260695 9.9973E-05 0.00466576 0.127521 0.0015965 9.9973E-05 9.9973E-05 0.605222
9.9973E-05 0.00718196 9.9973E-05 9.9973E-05 0.589487 0.071581 0.00468366 0.326767
0.0293812 9.9982E-05 0.089309 0.0246958 0.362802 9.9982E-05 0.0303708 0.463242
0.056628 9.9982E-05 9.9982E-05 0.0420684 0.077935 0.0298943 0.439206 0.354068
0.0498695 9.9982E-05 0.000182354 0.0316665 9.9982E-05 0.0878993 0.447951 0.382231
9.9964E-05 0.0838762 9.9964E-05 0.0946019 9.9964E-05 9.9964E-05 0.457704 0.363418
0.0353067 0.0083976 9.9982E-05 0.12619 9.9982E-05 0.0853272 0.414594 0.329984
0.0816272 9.9973E-05 9.9973E-05 0.150553 9.9973E-05 0.0494065 0.248762 0.469351
0.15587 9.9964E-05 9.9964E-05 0.000139685 0.338488 9.9964E-05 9.9964E-05 0.505103
0.00209227 0.064265 9.9982E-05 0.2097 9.9982E-05 0.0418608 0.651753 0.0301291
9.9964E-05 9.9964E-05 9.9964E-05 0.184269 0.118713 9.9964E-05 0.516495 0.180123
0.254811 0.0524462 9.9991E-05 0.0858357 0.024559 0.0555875 0.145096 0.381564
0.245407 0.00713711 0.011733 0.0871616 0.0243279 0.0446624 0.00636599 0.573205
0.307988 9.9982E-05 0.104162 0.0960172 0.0375488 0.035598 9.9982E-05 0.418486
0.199884 9.9982E-05 0.00665481 0.0921506 0.0498896 9.9982E-05 0.0132139 0.638007
0.19501 9.9982E-05 0.0398073 0.10959 0.0271335 9.9982E-05 0.0141417 0.614117
9.9973E-05 0.0365125 9.9973E-05 0.145882 9.9973E-05 0.0676015 0.509879 0.239825
9.9982E-05 9.9982E-05 0.120284 0.0121906 0.0516813 0.101732 0.387023 0.326889
0.0462199 9.9973E-05 9.9973E-05 0.0219201 9.9973E-05 0.0403145 0.4833 0.407946
9.9991E-05 0.0835546 0.0456125 0.161753 0.0218698 0.0378448 0.204534 0.444731
0.0935191 0.00410785 9.9982E-05 0.0764397 9.9982E-05 0.0223939 0.532422 0.270917
9.9991E-05 0.0222966 0.0290752 0.151336 0.133211 0.0319281 0.279249 0.352804
9.9991E-05 0.0395007 0.0300896 0.112384 0.00886634 0.0594417 0.516866 0.232752
0.0419888 0.00222363 9.9991E-05 0.0847518 0.044608 0.0519844 0.361066 0.413277
0.405863 9.9964E-05 9.9964E-05 0.0489406 9.9964E-05 9.9964E-05 0.0421966 0.5026
0.0445602 9.9991E-05 0.0608279 0.100458 0.00412998 0.0853951 0.342838 0.36169
0.038298 9.9973E-05 9.9973E-05 0.154805 9.9973E-05 0.0446753 0.574363 0.187558
0.0441948 9.9991E-05 0.0736787 0.0991208 0.1143 0.0026601 0.340373 0.325573
0.383019 9.9982E-05 0.209442 0.104413 0.114699 0.0139186 9.9982E-05 0.174309
0.29667 9.9973E-05 0.00896137 9.9973E-05 9.9973E-05 0.0436086 0.0320449 0.618415
0.0160247 0.0801507 0.0687063 0.134437 9.9982E-05 9.9982E-05 0.325264 0.375217
0.22524 9.9973E-05 0.0336776 0.0834548 9.9973E-05 0.0214798 9.9973E-05 0.635848
0.235979 0.0113208 9.9982E-05 0.109859 0.064487 0.0881972 9.9982E-05 0.489956
0.0938538 0.0155262 9.9982E-05 0.276541 0.0729868 9.9982E-05 0.146526 0.394366
9.9973E-05 0.105179 9.9973E-05 0.211991 9.9973E-05 0.0405112 0.242927 0.399092
0.108747 9.9991E-05 0.0684174 0.0671623 0.114633 0.0174323 0.182481 0.441027
0.10475 9.9982E-05 9.9982E-05 0.0936813 0.0792155 0.0318138 0.287979 0.402361
9.9964E-05 0.0603051 9.9964E-05 0.0863376 9.9964E-05 9.9964E-05 0.483989 0.368968
0.0143892 9.9973E-05 9.9973E-05 0.190758 9.9973E-05 0.0496238 0.527462 0.217466
0.273877 9.9982E-05 0.0346448 0.0761512 0.0197026 9.9982E-05 0.100407 0.495017
0.307966 9.9982E-05 0.0745296 0.0809159 0.0240558 0.037079 9.9982E-05 0.475254
0.707462 0.0265412 9.9982E-05 9.9982E-05 0.0738203 0.0662569 0.0173385 0.108382
0.129659 9.9991E-05 0.0296088 0.110777 0.135652 0.035401 0.0066497 0.552153
0.0938184 0.116735 0.201341 0.0904171 0.00804891 9.9991E-05 0.0731186 0.41642
0.127725 9.9982E-05 9.9982E-05 0.157238 0.132719 0.0245514 0.0716311 0.485936
0.194941 0.0632438 0.111484 0.0378673 9.9991E-05 0.107827 0.0140198 0.470516
0.524469 0.0250334 9.9964E-05 0.274431 9.9964E-05 9.9964E-05 0.175667 9.9964E-05
0.658 9.9964E-05 9.9964E-05 0.158421 9.9964E-05 0.0886026 0.0945767 9.9964E-05
0.352143 0.0195896 0.0945918 0.0895889 0.0427926 0.0351631 0.129446 0.236685
