0.00092655 0.0838866 9.9982E-05 0.062198 0.000416766 9.9982E-05 0.852372
9.9982E-05 0.0532405 9.9982E-05 0.00667412 0.0462514 0.00324533 0.890389
0.0727948 0.0656762 0.0776575 9.9982E-05 0.0285254 9.9982E-05 0.755146
0.0502444 0.0496658 0.0938197 0.0795728 9.9982E-05 9.9982E-05 0.726497
0.0715682 9.9973E-05 0.032406 9.9973E-05 9.9973E-05 0.000422917 0.895303
0.048875 0.0123333 0.0608647 0.0731051 0.0342197 0.174615 0.595987
0.0197271 0.0312579 0.00919113 0.0384841 0.0101638 0.11513 0.776046
9.9982E-05 0.041345 0.0335081 0.130411 9.9982E-05 0.138492 0.656043
9.9982E-05 0.00246581 9.9982E-05 0.0838549 0.0121502 0.090436 0.810893
0.0817704 0.0365597 0.0786417 0.0224594 9.9991E-05 0.0813312 0.699138
0.00527188 9.9973E-05 9.9973E-05 0.102976 9.9973E-05 0.141404 0.750048
0.278782 9.9991E-05 0.0341214 0.42883 0.138239 0.118147 0.00178047
0.53123 0.0486933 0.0791742 0.294712 9.9982E-05 0.0459901 9.9982E-05
0.287076 0.0218226 0.0564811 0.393732 0.110323 0.0967983 0.0337665
0.397885 0.0161832 0.062849 0.276622 0.0599648 0.12715 0.0593448
0.393563 0.0456193 0.0959022 0.183012 0.00417506 0.146818 0.13091
0.557241 0.0502753 0.120242 0.135455 9.9991E-05 0.0913402 0.0453469
0.453453 0.0377118 0.0494678 0.271917 0.114041 0.0733087 9.9991E-05
0.271094 9.9991E-05 0.113963 0.263396 0.16732 0.0517713 0.132356
0.0404269 0.0362039 0.067512 0.586833 0.0852214 0.183703 9.9991E-05
0.421673 0.0413015 0.0885979 0.227761 0.176865 0.0437015 9.9991E-05
0.461047 0.00404231 0.0412941 0.18891 0.104278 0.168939 0.0314892
0.557623 9.9991E-05 0.0156136 0.194381 0.1247 0.0322292 0.0753537
0.281327 0.0445576 0.102971 0.324232 0.189058 0.0254709 0.0323827
0.578311 0.0160747 0.164228 0.0616766 0.0925799 9.9991E-05 0.0870303
0.538032 0.0220431 0.0740132 0.27837 0.066445 9.9991E-05 0.0209968
0.218656 0.0651139 0.0941288 0.441667 0.141812 0.0385221 9.9991E-05
0.157068 9.9991E-05 0.221474 0.415446 0.135038 0.0674051 0.00346831
0.288146 9.9982E-05 9.9982E-05 0.375838 0.12788 0.178605 0.02933
9.995E-05 0.9994 9.995E-05 9.995E-05 9.995E-05 9.995E-05 9.995E-05
9.995E-05 0.9994 9.995E-05 9.995E-05 9.995E-05 9.995E-05 9.995E-05
0.0727234 0.348251 0.0554274 9.9982E-05 0.0501626 9.9982E-05 0.473236
0.121263 0.304428 0.00726584 9.9982E-05 0.0929452 9.9982E-05 0.473898
0.564609 0.0164959 9.9982E-05 0.0554588 0.290159 9.9982E-05 0.073078
0.435768 9.9982E-05 0.0543524 0.0983866 0.296571 9.9982E-05 0.114721
0.525051 0.0263834 0.0517502 9.9982E-05 0.388824 0.00779186 9.9982E-05
0.189437 0.0354924 0.00263894 0.532303 0.147228 0.030394 0.0625066
0.288292 0.037256 0.0451179 9.9991E-05 0.603603 0.0085789 0.017052
0.479767 9.9991E-05 0.0489842 0.087212 0.287617 0.00868886 0.0876307
0.679701 0.0407826 0.0757379 9.9982E-05 0.170911 0.0326675 9.9982E-05
0.48518 0.0477931 0.101659 0.0759512 0.227123 0.0224734 0.0398199
0.590575 0.0409625 0.0260848 0.148226 0.0295696 0.0315537 0.133029
0.111419 0.0422594 0.0039871 0.0918506 0.723414 9.9991E-05 0.0269697
0.637252 0.0306586 0.0242449 0.0761333 0.0203812 0.185558 0.0257717
0.492644 0.0124824 0.102028 9.9991E-05 0.278023 0.0275538 0.0871687
0.575174 9.9991E-05 0.0192329 0.0878966 0.0847202 0.108304 0.124573
0.293549 9.9955E-05 9.9955E-05 9.9955E-05 0.705951 9.9955E-05 9.9955E-05
0.568337 9.9982E-05 0.060535 0.0451946 0.274846 9.9982E-05 0.050888
0.391834 0.0289557 0.179726 9.9991E-05 0.242758 0.12322 0.0334065
9.9964E-05 9.9964E-05 9.9964E-05 9.9964E-05 0.669298 0.296066 0.034236
0.163131 9.9973E-05 9.9973E-05 0.417836 0.24937 0.169362 9.9973E-05
0.126064 0.0466833 0.00520067 0.164285 0.26055 0.382682 0.0145353
0.570994 0.0281357 0.114399 0.226989 9.9982E-05 0.0592819 9.9982E-05
0.552752 0.0111926 0.0236536 0.123431 0.054176 0.158435 0.0763596
0.588838 0.00619635 0.141588 0.109765 9.9982E-05 0.153412 9.9982E-05
0.198132 0.00826306 9.9991E-05 0.268377 0.23209 0.205855 0.0871824
0.640937 0.00801784 9.9991E-05 0.121706 0.107886 0.0649849 0.0563691
0.541303 0.040737 0.121814 0.115578 0.0512333 0.129234 9.9991E-05
0.340507 0.0588581 0.00981466 0.268539 0.0890223 0.141005 0.0922547
0.0526514 0.0329374 0.0895879 0.354317 0.180138 0.130621 0.159747
0.498229 9.9991E-05 0.0918188 0.162635 0.129875 0.0857539 0.031588
0.420435 0.0398267 0.0437587 0.246305 0.0748585 0.115701 0.0591154
0.0557922 0.064774 9.9982E-05 0.495942 0.216478 0.166813 9.9982E-05
0.565742 0.00182942 0.0587703 0.210193 0.0910972 0.072268 9.9991E-05
0.611953 0.00520225 0.0760479 0.0356357 0.0974125 0.0715599 0.102189
0.633825 0.047782 9.9991E-05 0.15074 0.0848708 0.0105742 0.072108
0.280601 0.0102164 0.0903267 0.279578 0.221245 0.117933 9.9991E-05
0.49375 0.0389205 0.0700805 0.192267 0.0876112 0.117272 9.9991E-05
0.513516 0.0469707 0.079315 0.211113 0.0271859 0.112416 0.00948298
0.212316 0.0499867 9.9982E-05 0.354134 0.155694 0.227669 9.9982E-05
0.550813 9.9964E-05 9.9964E-05 0.0271762 0.421611 9.9964E-05 9.9964E-05
0.19937 0.029568 9.9982E-05 0.0949307 0.640547 9.9982E-05 0.0353838
0.564218 9.9982E-05 9.9982E-05 0.0739027 0.0921285 0.128354 0.141196
9.9964E-05 0.000199475 9.9964E-05 9.9964E-05 0.853974 0.145427 9.9964E-05
9.9964E-05 9.9964E-05 9.9964E-05 0.00462606 0.841571 0.153403 9.9964E-05
0.206824 9.9982E-05 0.0111508 0.0159216 0.758125 9.9982E-05 0.00777892
0.439122 0.0318156 9.9982E-05 0.0745307 0.448368 9.9982E-05 0.00596362
0.585846 0.00924991 9.9991E-05 0.0778005 0.0317415 0.138284 0.156978
0.420579 0.032787 0.0516283 9.9982E-05 0.484903 9.9982E-05 0.00990275
0.104952 9.9982E-05 0.0462277 0.166151 0.612688 9.9982E-05 0.0697821
0.213603 0.0102624 9.9982E-05 0.23026 0.491799 9.9982E-05 0.0538755
0.472515 0.0067873 0.0477408 0.0698507 0.255004 9.9991E-05 0.148002
0.283921 0.021123 9.9982E-05 0.0624607 0.603705 9.9982E-05 0.0285905
0.377763 0.0661012 9.9973E-05 9.9973E-05 0.54986 9.9973E-05 0.00597589
0.392606 0.0403443 9.9973E-05 9.9973E-05 0.530544 0.0362057 9.9973E-05
9.9964E-05 9.9964E-05 0.000959296 9.9964E-05 0.739084 0.259557 9.9964E-05
0.577188 9.9982E-05 0.0752961 9.9982E-05 0.287752 0.0471718 0.0123924
0.14993 0.0641648 9.9973E-05 0.0311344 9.9973E-05 9.9973E-05 0.754471
0.0787869 0.109091 9.9964E-05 9.9964E-05 9.9964E-05 9.9964E-05 0.811722
0.071579 0.144912 0.0489816 9.9973E-05 9.9973E-05 9.9973E-05 0.734227
0.0509218 0.101299 9.9973E-05 9.9973E-05 9.9973E-05 0.00800149 0.839478
0.0730243 0.103955 0.0361422 9.9982E-05 9.9982E-05 0.0283662 0.758313
9.9991E-05 0.0319656 0.0496504 0.0151573 0.016841 0.0284013 0.857884
0.0899798 0.10093 9.9964E-05 9.9964E-05 9.9964E-05 9.9964E-05 0.80869
0.485594 0.0449358 0.0838579 0.0178617 0.266967 9.9991E-05 0.100684
0.462882 0.0468908 0.12249 0.107911 0.196325 9.9991E-05 0.0634007
0.0135173 9.9982E-05 9.9982E-05 0.108013 0.806519 0.0207849 0.0509661
0.578215 9.9991E-05 0.0319902 0.0613001 0.153517 0.00266354 0.172215
0.45124 0.00593386 9.9982E-05 0.137642 0.383 9.9982E-05 0.0219832
0.622815 0.00651931 9.9973E-05 9.9973E-05 0.270621 9.9973E-05 0.0997449
0.551101 9.9973E-05 9.9973E-05 9.9973E-05 0.372891 0.00695016 0.0687586
0.412356 0.0109647 0.0973581 9.9982E-05 0.458632 9.9982E-05 0.0204891
9.9964E-05 9.9964E-05 9.9964E-05 0.213342 0.724711 9.9964E-05 0.0615472
0.546848 0.0161141 0.00615925 0.082802 0.135218 0.0832192 0.12964
0.641172 0.0523334 0.0344619 0.0029287 0.22687 0.00863268 0.0336009
0.510578 0.0136938 0.098079 0.159133 0.218316 9.9982E-05 9.9982E-05
0.257172 0.0465467 9.9982E-05 9.9982E-05 0.54627 0.148982 0.000829353
0.542038 0.0264028 9.9982E-05 9.9982E-05 0.348745 0.0507119 0.0319025
0.394095 0.0483984 0.021403 0.0998912 0.420762 0.0153512 9.9991E-05
0.274844 9.9964E-05 0.104289 9.9964E-05 0.620468 9.9964E-05 9.9964E-05
0.406552 9.9973E-05 9.9973E-05 0.0445255 0.44683 9.9973E-05 0.101793
0.654347 9.9973E-05 9.9973E-05 0.0552698 0.146448 9.9973E-05 0.143636
0.22153 9.9973E-05 9.9973E-05 0.323718 0.191419 0.263033 9.9973E-05
0.397875 0.0410782 0.0680135 0.357096 0.0512009 9.9991E-05 0.0846365
0.57903 0.00885349 0.00739533 0.149135 0.00956297 0.12221 0.123814
0.593345 9.9991E-05 0.114645 0.0932589 0.127351 0.048384 0.0229151
0.484229 0.0948076 9.9982E-05 0.324847 0.069965 0.0259515 9.9982E-05
0.65456 9.9991E-05 0.00467355 0.240159 0.0707502 0.00336317 0.0263938
0.583027 9.9964E-05 9.9964E-05 0.402716 9.9964E-05 9.9964E-05 0.0138569
0.585899 0.0408812 9.9991E-05 0.173861 0.0844293 0.0836911 0.0311379
0.461251 9.9991E-05 0.144788 0.146338 0.0713826 0.119269 0.0568708
0.607827 0.00687894 9.9991E-05 0.200868 0.0309454 0.102411 0.0509698
0.493341 0.0262596 9.9991E-05 0.413385 0.0449207 0.014013 0.00797991
0.658478 9.9991E-05 0.0792129 0.1272 0.03444 0.094571 0.00599766
0.547801 9.9982E-05 0.0875162 0.0590253 0.140125 9.9982E-05 0.165333
0.468676 0.020257 0.0819076 0.22353 0.205429 9.9982E-05 9.9982E-05
0.579775 9.9982E-05 0.0921059 0.0585557 9.9982E-05 0.19553 0.073833
0.570632 0.0173037 0.105139 0.196167 0.110558 9.9982E-05 9.9982E-05
0.421272 0.108365 9.9991E-05 0.219313 0.0130248 0.168577 0.0693476
0.612615 0.0331103 0.0719326 0.17298 0.029294 0.0742999 0.00576845
0.664398 9.9982E-05 0.0857373 0.0998801 9.9982E-05 0.118097 0.0316879
0.147944 0.0157197 0.126963 0.43771 0.205568 0.0659949 9.9991E-05
0.147547 9.9991E-05 0.0196225 0.284898 0.19113 0.335963 0.0207397
0.585847 9.9982E-05 9.9982E-05 0.219918 0.0146168 0.0747648 0.104654
0.0775655 9.9982E-05 0.0370638 0.290112 0.245364 0.349695 9.9982E-05
0.278549 0.0491723 9.9991E-05 0.423815 0.186808 0.0554932 0.00606192
0.419989 9.9973E-05 9.9973E-05 0.352302 0.193545 9.9973E-05 0.0338642
0.306858 0.0524087 9.9991E-05 0.369907 0.206771 0.0341712 0.029785
0.328406 9.9982E-05 0.0174297 0.481754 0.0989368 0.0732733 9.9982E-05
0.587957 0.0482302 0.0346599 0.132508 0.129399 9.9991E-05 0.067146
0.567085 0.0618437 0.0861899 0.0814253 0.150534 9.9991E-05 0.0528229
0.59135 0.0068918 9.9991E-05 0.193693 0.00846971 0.147998 0.0514977
0.102462 9.9982E-05 0.111466 0.337074 0.189725 0.259072 9.9982E-05
0.503459 0.030925 0.0738121 0.0593359 0.130627 0.0793571 0.122484
0.522666 9.9991E-05 0.0502301 0.0365097 0.0844858 0.217709 0.0883001
0.0281681 9.9982E-05 9.9982E-05 0.129917 0.204422 0.511792 0.125501
0.667051 9.9982E-05 0.00395757 9.9982E-05 0.0680269 0.115929 0.144836
0.380751 0.0198496 0.0463623 0.0714648 0.139037 0.305664 0.0368709
0.446476 9.9991E-05 0.116228 0.101438 0.0240877 0.236345 0.0753249
0.317003 0.013371 9.9991E-05 0.0358563 0.0641622 0.478876 0.0906316
0.255586 0.0284793 9.9982E-05 0.130836 0.127793 0.457105 9.9982E-05
0.426216 9.9982E-05 9.9982E-05 0.159628 0.165254 0.203799 0.0449028
0.587358 0.0276854 0.0119176 0.159622 9.9991E-05 0.177075 0.0362421
0.444408 0.0195631 0.110772 0.0720364 0.158761 0.0831841 0.111275
9.9991E-05 0.0282307 0.160847 0.088777 0.303867 0.399529 0.0186505
0.513563 9.9991E-05 0.0556052 0.116481 0.0908801 0.156054 0.0673164
0.399539 9.9973E-05 9.9973E-05 0.0731711 0.248058 0.278932 9.9973E-05
0.547853 9.9973E-05 9.9973E-05 0.0846201 0.139577 0.22765 9.9973E-05
0.609002 9.9991E-05 0.0312862 0.101607 0.0440207 0.134516 0.0794687
0.189677 0.0585076 0.231865 9.9982E-05 9.9982E-05 0.277676 0.242074
9.9973E-05 0.0101277 0.122213 9.9973E-05 9.9973E-05 0.384504 0.482855
9.9973E-05 0.026546 0.134035 9.9973E-05 9.9973E-05 0.463889 0.37523
0.0977688 0.0122287 0.28521 0.0288778 9.9991E-05 0.182495 0.39332
0.645131 0.00590428 9.9973E-05 9.9973E-05 0.137824 0.210841 9.9973E-05
0.572592 0.00748019 0.0663579 9.9991E-05 0.100492 0.121237 0.131741
0.285669 9.9955E-05 0.713831 9.9955E-05 9.9955E-05 9.9955E-05 9.9955E-05
0.243262 0.0103124 0.53437 0.198483 9.9982E-05 9.9982E-05 0.0133726
0.440879 0.0542725 0.377223 0.0088886 9.9991E-05 0.0469838 0.0716532
0.343462 0.00254543 0.00490178 0.0108521 0.152383 0.485756 9.9991E-05
0.528816 9.9991E-05 0.0922958 0.111039 0.0652774 0.144995 0.0574768
0.292489 9.9964E-05 9.9964E-05 9.9964E-05 0.0803726 0.626739 9.9964E-05
0.568656 9.9982E-05 0.0529696 9.9982E-05 0.106996 0.236647 0.0345313
0.530919 9.9982E-05 9.9982E-05 0.0283341 0.0531296 0.324444 0.0629729
0.603623 9.9991E-05 0.0396423 0.0422642 0.0377179 0.224231 0.052422
0.20857 0.000829225 0.0232297 0.0145399 0.214291 0.53844 9.9991E-05
0.616405 9.9982E-05 0.113401 9.9982E-05 0.115138 0.0555995 0.0992569
0.548671 0.0501643 0.0838799 0.0285487 0.0912998 0.186048 0.0113886
0.0654385 9.9973E-05 0.910004 9.9973E-05 0.0158461 0.00841173 9.9973E-05
0.0766291 9.9964E-05 0.897716 9.9964E-05 0.0252552 9.9964E-05 9.9964E-05
0.265287 0.0555594 0.550856 0.0389672 0.0829219 9.9991E-05 0.00630813
0.260268 0.00791488 0.719015 0.0125019 9.9973E-05 9.9973E-05 9.9973E-05
0.0765224 0.0104823 0.844318 9.9991E-05 0.020809 0.0365301 0.0112387
9.995E-05 9.995E-05 0.9994 9.995E-05 9.995E-05 9.995E-05 9.995E-05
9.9955E-05 9.9955E-05 0.92944 0.0700604 9.9955E-05 9.9955E-05 9.9955E-05
0.154804 9.9955E-05 0.844696 9.9955E-05 9.9955E-05 9.9955E-05 9.9955E-05
0.061142 9.9964E-05 0.934926 0.00353175 9.9964E-05 9.9964E-05 9.9964E-05
9.9955E-05 0.00404049 0.99546 9.9955E-05 9.9955E-05 9.9955E-05 9.9955E-05
9.9955E-05 0.0175375 0.981963 9.9955E-05 9.9955E-05 9.9955E-05 9.9955E-05
0.169081 0.028968 0.770122 0.0235923 9.9982E-05 9.9982E-05 0.00803642
0.136196 0.0320051 0.797314 0.0341856 9.9973E-05 9.9973E-05 9.9973E-05
9.9955E-05 9.9955E-05 0.955037 9.9955E-05 0.044463 9.9955E-05 9.9955E-05
0.334414 0.0262345 0.365697 0.0541071 0.122052 0.0273639 0.0701325
0.182252 9.9964E-05 0.719431 0.0979166 9.9964E-05 9.9964E-05 9.9964E-05
0.131953 0.0065182 0.759813 0.0938515 9.9982E-05 9.9982E-05 0.00766417
0.0621378 9.9973E-05 0.857397 0.0598846 9.9973E-05 9.9973E-05 0.0202811
9.9955E-05 9.9955E-05 0.997233 9.9955E-05 9.9955E-05 9.9955E-05 0.00226693
0.0444028 9.9973E-05 0.901736 0.0245849 9.9973E-05 9.9973E-05 0.0289765
9.995E-05 9.995E-05 0.9994 9.995E-05 9.995E-05 9.995E-05 9.995E-05
0.217533 9.9991E-05 0.636763 0.091625 0.025347 0.0228983 0.00573394
0.0231077 9.9982E-05 0.896983 0.0245265 0.0181142 9.9982E-05 0.0370684
9.9964E-05 9.9964E-05 0.0658867 9.9964E-05 9.9964E-05 0.622069 0.311644
0.424894 0.0594153 0.0662877 0.0794602 9.9991E-05 0.288079 0.0817646
0.438308 0.0494685 0.0637183 9.9991E-05 0.00159695 0.268624 0.178184
0.19741 0.0419776 0.11821 9.9982E-05 9.9982E-05 0.524263 0.117939
0.475187 0.00973833 0.175859 0.0674982 9.9991E-05 0.162643 0.108975
0.178801 0.0328715 0.151143 9.9991E-05 0.0516201 0.38314 0.202325
0.429838 0.0450376 0.0801138 0.127369 0.0429321 0.129405 0.145304
0.300729 9.9982E-05 0.176167 9.9982E-05 0.0889459 0.302884 0.131075
0.438886 0.147996 0.094205 0.054549 0.0159136 0.205545 0.0429048
0.275941 0.0745215 0.202901 9.9982E-05 9.9982E-05 0.38722 0.0592163
0.545814 0.0260595 0.0166608 0.0214502 0.0938958 0.0808445 0.215276
0.0662574 9.9973E-05 9.9973E-05 0.0487305 9.9973E-05 0.0346915 0.850021
9.9973E-05 0.0715485 0.0675617 9.9973E-05 9.9973E-05 0.0237831 0.836807
0.00373504 0.061786 9.9982E-05 0.00876424 0.0272213 9.9982E-05 0.898293
0.0445285 0.0392311 9.9964E-05 9.9964E-05 9.9964E-05 9.9964E-05 0.915841
9.9982E-05 0.150065 0.0150888 0.0807747 9.9982E-05 0.0154545 0.738417
9.9982E-05 0.0770942 0.0680867 9.9982E-05 0.00403916 0.000350864 0.850229
0.0349801 0.0782582 0.0675499 9.9973E-05 9.9973E-05 9.9973E-05 0.818912
9.9973E-05 0.0435266 0.0147524 9.9973E-05 9.9973E-05 0.116297 0.825124
0.0242388 0.0249827 0.0259583 9.9982E-05 0.039861 9.9982E-05 0.884759
0.022023 0.00353685 0.116163 9.9982E-05 9.9982E-05 0.0572326 0.800845
9.9982E-05 0.0610747 9.9982E-05 0.260393 0.0789906 0.0393068 0.560035
9.9982E-05 0.0550407 9.9982E-05 0.286432 0.0650023 0.0114829 0.581842
9.9973E-05 0.0413625 9.9973E-05 0.276577 9.9973E-05 0.196165 0.485595
9.9982E-05 0.00307264 9.9982E-05 0.327967 0.105714 0.0371106 0.525935
0.439155 0.0370124 0.0841492 0.127565 0.282217 9.9991E-05 0.0298015
0.450303 9.9991E-05 0.031038 0.0183606 0.352157 0.101237 0.0468048
0.601694 0.0136386 0.0230072 0.135887 0.102984 0.101251 0.0215381
0.410669 0.0965488 9.9973E-05 0.296224 0.196258 9.9973E-05 9.9973E-05
0.17874 9.9982E-05 0.0285148 0.630506 0.137502 0.0245377 9.9982E-05
0.540255 0.000760218 0.047907 0.0568389 0.252501 9.9991E-05 0.101637
0.511187 9.9973E-05 0.0626591 0.140218 0.285637 9.9973E-05 9.9973E-05
0.49276 0.00819148 9.9982E-05 0.106534 0.374532 0.0177824 9.9982E-05
0.328461 9.9973E-05 0.0615447 0.0297026 0.579991 9.9973E-05 9.9973E-05
0.607468 9.9982E-05 0.0286562 9.9982E-05 0.248152 0.0845347 0.0309889
0.426637 0.0151608 9.9973E-05 0.157655 0.400247 9.9973E-05 9.9973E-05
9.9964E-05 9.9964E-05 9.9964E-05 0.0752142 0.767425 0.156961 9.9964E-05
0.57054 9.9991E-05 0.0151681 0.256763 0.0135329 0.0708931 0.0730027
0.220243 9.9982E-05 0.0263082 9.9982E-05 0.609024 0.128098 0.0161268
0.53982 0.0276196 9.9973E-05 9.9973E-05 0.428978 0.00328175 9.9973E-05
0.068341 9.9973E-05 9.9973E-05 0.193318 0.702061 9.9973E-05 0.0359795
0.0057656 9.9973E-05 9.9973E-05 0.773614 9.9973E-05 0.0923247 0.127996
0.102358 9.9973E-05 9.9973E-05 0.679566 9.9973E-05 0.0964089 0.121367
0.0498758 9.9973E-05 9.9973E-05 0.868987 9.9973E-05 0.0582089 0.0226285
9.9973E-05 9.9973E-05 9.9973E-05 0.757659 0.0530265 0.0922762 0.096738
0.113738 0.0154269 9.9973E-05 0.781992 9.9973E-05 0.0885427 9.9973E-05
0.0527771 9.9973E-05 0.0609407 0.819016 9.9973E-05 9.9973E-05 0.0669662
0.0934346 0.0981978 9.9973E-05 9.9973E-05 0.0124696 9.9973E-05 0.795598
0.0625668 0.0103808 0.0822561 0.0491356 9.9991E-05 0.00182543 0.793735
0.131084 0.0615123 0.0967322 9.9973E-05 9.9973E-05 9.9973E-05 0.710371
0.0494064 0.0452255 0.127115 0.0481499 9.9982E-05 9.9982E-05 0.729903
0.101455 9.9973E-05 0.107293 0.00827157 9.9973E-05 9.9973E-05 0.78268
9.9982E-05 0.023117 9.9982E-05 0.556946 0.0129328 0.0224654 0.384339
9.9982E-05 0.00190188 9.9982E-05 0.41102 0.04125 0.0828543 0.462774
9.9964E-05 9.9964E-05 9.9964E-05 0.455219 0.0670615 9.9964E-05 0.477319
9.995E-05 0.9994 9.995E-05 9.995E-05 9.995E-05 9.995E-05 9.995E-05
9.9973E-05 0.0152836 9.9973E-05 0.540189 0.0746262 9.9973E-05 0.369601
0.229523 0.0139385 0.37066 9.9982E-05 9.9982E-05 0.153457 0.232223
0.494423 0.00696653 0.19821 0.10024 0.0275748 0.0629204 0.109665
0.506598 0.0663077 0.253355 9.9973E-05 9.9973E-05 9.9973E-05 0.173439
0.387629 0.0110341 0.172376 0.0298305 0.0212692 0.10504 0.272821
0.471038 9.9982E-05 0.167099 0.0475985 0.111986 9.9982E-05 0.202078
0.00750049 9.9973E-05 0.315225 9.9973E-05 9.9973E-05 0.230515 0.44646
0.444126 9.9982E-05 9.9982E-05 0.304862 0.135384 0.114934 0.000493441
0.412935 9.9973E-05 9.9973E-05 0.224445 0.160324 0.201996 9.9973E-05
0.317786 0.0234551 0.0162272 0.525213 9.9991E-05 0.0664446 0.0507742
0.485694 9.9973E-05 9.9973E-05 0.180399 0.140763 0.192843 9.9973E-05
9.9964E-05 9.9964E-05 9.9964E-05 0.188559 0.252067 0.558974 9.9964E-05
0.554469 0.0363621 9.9991E-05 0.160262 0.0788423 0.117848 0.0521174
0.507859 0.0308375 0.0309972 0.166658 0.0454564 0.218092 9.9991E-05
0.389957 0.0223594 9.9982E-05 0.46119 9.9982E-05 0.101623 0.0246708
0.529833 0.0111574 0.0740292 0.194051 0.124724 9.9991E-05 0.0661056
0.145626 9.9973E-05 9.9973E-05 0.263524 0.191433 0.399117 9.9973E-05
0.523954 9.9982E-05 0.00936468 0.124714 0.123844 0.217924 9.9982E-05
0.531707 0.0447467 9.9982E-05 0.238886 0.148858 0.0356018 9.9982E-05
0.421371 9.9991E-05 0.17591 0.0819615 0.0933189 0.0712036 0.156135
0.489277 9.9973E-05 9.9973E-05 0.290639 0.0100039 0.209781 9.9973E-05
0.49753 0.035567 0.0263415 0.256584 0.108282 0.0755963 9.9991E-05
0.516076 9.9982E-05 0.134907 0.145937 0.0997588 0.103121 9.9982E-05
0.553186 9.9982E-05 9.9982E-05 0.184826 0.0979847 0.14458 0.0192241
0.632153 9.9982E-05 0.0976894 0.0903926 0.0795114 0.100053 9.9982E-05
0.571168 0.104291 0.0306898 0.090508 0.081781 0.0909167 0.030646
0.522068 0.0171653 0.114041 0.124469 0.0960197 0.0618186 0.0644187
0.118692 9.9964E-05 0.0959697 9.9964E-05 9.9964E-05 9.9964E-05 0.784939
0.0946784 0.0130708 0.0334289 9.9982E-05 0.0241022 9.9982E-05 0.83452
0.103965 9.9982E-05 0.00393695 0.0705705 9.9982E-05 0.0479777 0.77335
9.9973E-05 9.9973E-05 0.0661397 0.0220941 0.0870029 9.9973E-05 0.824463
0.0972497 0.0688898 0.0487656 9.9973E-05 9.9973E-05 9.9973E-05 0.784795
0.208 9.9991E-05 0.0398159 0.529545 0.139554 0.0297377 0.0532467
0.49449 0.0621251 0.0267983 0.117601 0.125023 0.173862 9.9991E-05
0.405866 9.9982E-05 0.20395 9.9982E-05 0.0905243 0.0309357 0.268523
0.647514 9.9973E-05 0.0975456 0.178049 9.9973E-05 0.0765913 9.9973E-05
0.548432 9.9973E-05 9.9973E-05 0.260186 0.111328 9.9973E-05 0.0797539
0.295415 0.0161802 0.0843234 0.303291 0.0881461 0.212545 9.9991E-05
9.9982E-05 0.0740591 9.9982E-05 0.638268 0.0470635 0.180803 0.059606
0.520116 0.0403828 0.00031418 0.360072 0.0351399 0.0438753 9.9991E-05
0.0907556 0.0576266 0.0819451 0.495257 0.173924 0.0889388 0.0115529
0.471027 9.9982E-05 0.04341 0.223835 0.0617704 0.199758 9.9982E-05
0.0822753 0.0159715 0.0446652 0.539055 0.160765 0.038729 0.118539
0.532532 0.0600935 0.0817231 0.166478 0.0671451 0.022219 0.0698091
0.183544 0.0396337 0.0469054 0.571555 0.111477 0.0218642 0.0250213
0.316096 0.00186196 0.114062 0.276412 0.113219 0.178249 9.9991E-05
0.43171 9.9982E-05 0.110773 0.140339 0.0864017 0.230576 9.9982E-05
0.335337 9.9964E-05 9.9964E-05 0.165731 9.9964E-05 0.498532 9.9964E-05
0.631821 9.9982E-05 9.9982E-05 0.0620705 0.0403614 0.221 0.0445475
0.580887 0.049911 0.0563445 0.0817996 0.00652733 0.159855 0.0646753
0.417729 9.9973E-05 9.9973E-05 0.14167 0.00203548 0.438266 9.9973E-05
0.522499 9.9991E-05 0.0345664 0.121153 0.0537528 0.240629 0.0272997
0.588968 0.0561365 9.9973E-05 9.9973E-05 0.116222 0.238374 9.9973E-05
0.13041 9.9973E-05 9.9973E-05 0.0772416 0.181231 0.610818 9.9973E-05
0.32112 9.9973E-05 9.9973E-05 0.00853725 0.0315879 0.638455 9.9973E-05
0.510345 0.0105191 9.9982E-05 0.0520335 0.0217224 0.40518 9.9982E-05
0.20605 9.9973E-05 9.9973E-05 0.0333666 0.178944 0.58134 9.9973E-05
0.526466 9.9973E-05 9.9973E-05 0.0901897 0.0252228 0.357821 9.9973E-05
0.0711134 0.0216579 0.0585016 0.571377 0.27715 9.9982E-05 9.9982E-05
0.255217 9.9982E-05 0.0372816 0.34771 0.167129 0.192463 9.9982E-05
0.34242 0.0295912 0.0920122 0.461424 0.0657775 9.9991E-05 0.0086752
0.610443 9.9973E-05 0.0959511 0.244172 0.0491346 9.9973E-05 9.9973E-05
0.265835 0.00476545 9.9973E-05 0.486564 0.242535 9.9973E-05 9.9973E-05
0.486516 0.00932891 0.0963229 0.171312 0.00953089 0.127889 0.0990999
0.545493 0.0129739 0.0863879 0.199819 0.119711 0.0355152 9.9991E-05
0.481878 9.9973E-05 0.148362 0.305704 0.0637566 9.9973E-05 9.9973E-05
0.481222 0.0466675 0.134539 0.228861 0.103793 0.0048172 9.9991E-05
0.407635 0.0455106 0.07226 0.300376 0.174019 9.9982E-05 9.9982E-05
0.279522 0.0112569 0.0725223 0.436133 0.200366 9.9982E-05 9.9982E-05
0.247613 9.9982E-05 0.125947 0.503392 0.0875144 0.0353341 9.9982E-05
0.609025 9.9991E-05 0.0570718 0.234287 0.0734698 0.00701669 0.0190301
0.585915 0.0257933 0.0533615 0.153977 0.111137 0.0403296 0.0294873
0.445024 0.0769815 9.9991E-05 0.202104 0.0966256 0.137343 0.041823
0.422941 9.9982E-05 0.105328 0.278266 0.129883 0.063382 9.9982E-05
0.349766 0.04426 0.115084 0.41538 9.9991E-05 0.0662153 0.00919456
0.611553 9.9991E-05 0.0250435 0.217413 0.073466 0.0288035 0.0436214
0.452656 9.9982E-05 0.118252 0.27336 0.0966988 9.9982E-05 0.0588328
0.457664 0.0184669 0.169614 0.244422 9.9991E-05 0.103897 0.00583638
0.418037 0.0595089 0.128495 9.9991E-05 0.0690712 0.0207095 0.304078
0.352035 0.0588073 0.300314 9.9991E-05 0.12667 0.120223 0.041851
0.531621 0.106564 0.133475 0.0125882 0.106466 0.0769347 0.0323504
0.60649 0.0749949 0.0958838 0.0897154 0.0418616 0.0644745 0.0265799
0.494856 0.029161 0.238734 0.0232791 0.0202977 9.9991E-05 0.193573
0.521603 9.9982E-05 0.0545976 0.175983 0.107083 0.140533 9.9982E-05
0.474383 0.107552 0.163488 0.062685 0.09664 9.9991E-05 0.095152
0.035738 9.9982E-05 0.124471 9.9982E-05 0.129504 0.46703 0.243057
0.466445 0.0392081 0.21661 0.0612717 0.0906716 0.0851334 0.0406608
0.527207 0.0553112 0.210174 0.0101465 0.0785733 0.0868225 0.0317655
0.421171 0.000973694 0.29814 0.123811 0.0504233 0.0976745 0.00780646
0.300636 0.0655841 0.109918 0.0596482 0.0738148 0.218494 0.171905
0.581501 9.9982E-05 0.140667 9.9982E-05 0.0365789 0.0642211 0.176832
0.607615 0.0986315 0.12686 9.9982E-05 9.9982E-05 0.0933334 0.0733598
9.9973E-05 0.0371117 0.214152 9.9973E-05 9.9973E-05 0.363578 0.384858
0.452888 0.100775 0.211637 0.0942949 0.058159 0.0287255 0.0535204
0.502659 0.00827263 0.24863 0.0010461 0.089933 9.9991E-05 0.149359
0.547838 0.0440608 0.127175 0.0499158 0.0466075 0.0660234 0.118379
0.579356 0.0127415 0.200782 9.9982E-05 9.9982E-05 0.0499428 0.156978
0.593556 0.0630302 0.0955442 0.0430826 0.00621413 0.0427186 0.155854
0.475443 0.0184477 0.104232 0.0392152 0.173874 0.139645 0.0491426
0.607239 0.0153233 0.0647546 0.0545539 0.0754712 0.114475 0.0681832
0.0783851 9.9973E-05 9.9973E-05 0.0391251 0.419648 0.462542 9.9973E-05
0.0171931 9.9973E-05 9.9973E-05 0.0799321 0.412086 0.490489 9.9973E-05
0.459352 0.0526767 0.0880817 0.0327223 0.20198 0.162209 0.00297804
0.419791 9.9973E-05 0.284975 9.9973E-05 9.9973E-05 0.18773 0.107205
0.336687 0.0317804 0.338256 9.9991E-05 0.0379162 0.205045 0.0502147
0.17328 0.0168479 0.335125 9.9982E-05 9.9982E-05 0.269045 0.205502
0.347006 0.0596065 0.297111 9.9982E-05 9.9982E-05 0.138974 0.157102
0.113012 0.010163 0.118011 9.9982E-05 0.132389 0.626225 9.9982E-05
0.238531 0.0188525 0.0847 9.9991E-05 0.130248 0.451435 0.0761337
0.561878 0.0266307 0.113822 0.06288 0.147979 0.0867102 9.9991E-05
0.466142 9.9991E-05 0.153776 0.00952223 0.0860347 0.266258 0.0181667
0.296872 0.0456841 0.0905229 9.9991E-05 0.117625 0.410902 0.0382935
0.473404 0.0323306 0.165102 0.0678781 0.102348 0.152055 0.00688264
0.553151 0.00611136 0.100783 0.112475 0.0339031 0.193477 9.9991E-05
0.545381 0.0326533 0.13545 0.0494671 9.9991E-05 0.165808 0.0711404
0.440316 9.9973E-05 9.9973E-05 0.0359082 0.172338 0.351138 9.9973E-05
0.33631 0.0479646 0.0801532 0.134634 0.206634 0.194205 9.9991E-05
0.541095 0.00833117 0.0497767 9.9991E-05 0.198641 0.173301 0.0287551
0.422822 0.0229409 0.0159166 0.109455 0.185715 0.200242 0.0429087
0.441229 0.0104571 0.0287787 0.0697929 0.154682 0.214696 0.0803639
0.535473 9.9964E-05 9.9964E-05 0.0374681 9.9964E-05 0.426659 9.9964E-05
0.29831 9.9973E-05 9.9973E-05 0.0666657 0.220361 0.414364 9.9973E-05
0.625267 9.9973E-05 9.9973E-05 9.9973E-05 0.203121 0.140369 0.0309428
0.290891 9.9982E-05 0.0112555 0.0044785 0.347691 0.345485 9.9982E-05
0.484629 0.0127051 0.0305725 9.9982E-05 0.20719 0.264704 9.9982E-05
0.633872 0.0449007 9.9991E-05 0.00382617 0.0372763 0.19941 0.0806146
0.592246 9.9982E-05 0.0113484 0.0335043 0.160859 0.201843 9.9982E-05
0.548372 0.0303604 0.1042 0.0650746 9.9991E-05 0.0974427 0.15445
0.484642 0.0185058 0.127197 0.0855147 0.06167 0.10607 0.1164
0.376995 0.0376172 0.241883 0.0420261 0.0429159 0.124199 0.134364
0.373088 0.026245 0.199938 0.0771168 9.9991E-05 0.212507 0.111005
0.389355 0.0175303 0.305711 0.0527771 0.00775596 0.179177 0.0476941
0.408261 0.0660337 0.140922 0.129701 9.9991E-05 0.231711 0.0232712
9.9991E-05 0.00681539 0.174821 0.037154 0.12949 0.478051 0.173569
0.647272 0.00919088 0.174915 0.0301722 9.9991E-05 0.0725025 0.0658478
9.9973E-05 0.0131591 0.120488 9.9973E-05 9.9973E-05 0.522107 0.343946
0.509252 9.9982E-05 0.237516 9.9982E-05 0.0546861 0.1824 0.015946
0.102227 9.9964E-05 9.9964E-05 9.9964E-05 0.429938 0.467435 9.9964E-05
9.9964E-05 9.9964E-05 9.9964E-05 0.00167052 0.465262 0.532668 9.9964E-05
0.490253 9.9973E-05 9.9973E-05 0.00871976 0.229426 0.271302 9.9973E-05
0.67737 0.0613584 0.0196026 9.9991E-05 0.0530882 0.184023 0.00445814
0.487405 9.9973E-05 9.9973E-05 0.0291395 0.166795 0.31636 9.9973E-05
0.494808 9.9982E-05 0.0257513 9.9982E-05 0.309303 0.150553 0.0193843
0.620916 9.9973E-05 9.9973E-05 0.074412 0.122193 0.182179 9.9973E-05
0.052782 0.0658407 0.0538088 9.9991E-05 0.0506823 0.0599606 0.716826
9.9991E-05 0.0231472 0.148238 0.149371 0.0270684 0.00553499 0.646541
9.9973E-05 0.0775773 0.0808712 0.0150849 9.9973E-05 9.9973E-05 0.826167
0.0433191 0.149802 9.9964E-05 9.9964E-05 9.9964E-05 9.9964E-05 0.80648
0.455724 0.0789864 0.0349638 0.0959242 0.334202 9.9982E-05 9.9982E-05
0.510038 9.9982E-05 0.0328667 0.0174709 0.341074 9.9982E-05 0.098351
0.490738 0.0489064 9.9973E-05 9.9973E-05 0.442496 9.9973E-05 0.0175596
0.568794 0.0721095 0.0163122 0.039563 0.245441 0.0367274 0.0210536
0.51103 9.9991E-05 0.0537327 0.142029 0.135059 0.0289722 0.129077
0.263909 9.9982E-05 0.00641624 0.141291 0.51058 9.9982E-05 0.0776041
0.577969 0.0588417 9.9973E-05 0.0216082 0.341281 9.9973E-05 9.9973E-05
0.331347 0.0308459 9.9973E-05 9.9973E-05 0.514434 0.123073 9.9973E-05
0.500692 0.0280102 0.175733 9.9982E-05 9.9982E-05 0.0367613 0.258604
0.423825 9.9982E-05 0.0545946 0.0716218 0.408506 0.0412524 9.9982E-05
0.374036 0.0547691 9.9973E-05 0.0886117 0.482283 9.9973E-05 9.9973E-05
0.570906 0.0126173 9.9982E-05 0.0261427 0.380587 9.9982E-05 0.00954701
0.319813 0.0730512 9.9982E-05 0.0699375 0.505562 9.9982E-05 0.0314363
0.565972 9.9973E-05 0.0150808 9.9973E-05 0.387517 0.0311302 9.9973E-05
0.616849 0.0326452 9.9973E-05 9.9973E-05 0.315405 9.9973E-05 0.0348008
0.0215461 0.00854851 9.9973E-05 9.9973E-05 0.942749 0.0268564 9.9973E-05
0.206561 0.0739305 0.0137884 9.9973E-05 0.70542 9.9973E-05 9.9973E-05
0.259609 0.0126929 0.0343152 0.0113445 0.667798 9.9991E-05 0.0141407
9.9955E-05 9.9955E-05 9.9955E-05 9.9955E-05 0.878194 0.121306 9.9955E-05
0.435151 0.000208776 9.9991E-05 0.141915 0.363577 0.00048914 0.0585591
0.121894 0.0114215 9.9982E-05 0.0607526 0.501238 0.304494 9.9982E-05
9.9964E-05 9.9964E-05 9.9964E-05 9.9964E-05 0.798335 0.193165 0.00809949
0.535593 0.0520478 0.056546 0.0306162 0.305928 9.9991E-05 0.0191688
0.209551 9.9973E-05 9.9973E-05 0.136241 0.606706 9.9973E-05 0.0472021
0.373006 9.9982E-05 0.0883673 0.135914 0.383259 0.019253 9.9982E-05
0.595356 0.0448918 0.0837727 9.9991E-05 0.118276 0.0729246 0.0846792
0.505205 0.00635927 0.0284254 0.0997178 0.336229 0.0239636 9.9991E-05
0.325715 0.00273841 0.0746105 0.208122 0.123167 0.265547 9.9991E-05
0.525125 0.0621792 0.0541633 9.9982E-05 0.339292 9.9982E-05 0.0190405
0.400334 0.0230725 0.0277184 0.190247 0.358428 9.9982E-05 9.9982E-05
0.286525 0.00784464 9.9973E-05 9.9973E-05 0.654191 0.0511391 9.9973E-05
0.518137 0.0247634 9.9991E-05 0.058102 0.258017 0.082127 0.0587536
9.9982E-05 0.0622714 0.00228866 0.302243 9.9982E-05 0.0691496 0.563848
0.0879419 0.0196167 9.9982E-05 0.062828 9.9982E-05 0.0828673 0.746546
9.9973E-05 0.116311 9.9973E-05 0.165565 9.9973E-05 0.0172151 0.700609
9.9982E-05 0.104703 9.9982E-05 0.093719 0.0255946 0.0401473 0.735636
0.057148 0.0555557 9.9973E-05 0.188503 9.9973E-05 9.9973E-05 0.698494
0.107222 9.9973E-05 9.9973E-05 0.12545 0.721616 9.9973E-05 0.0454118
0.115311 0.0290343 9.9982E-05 0.107704 0.689293 9.9982E-05 0.058459
0.136676 9.9973E-05 0.0118895 9.9973E-05 0.784866 0.0662687 9.9973E-05
0.544429 9.9991E-05 0.0621381 0.112218 0.191568 0.0337047 0.055842
0.517321 9.9982E-05 0.110776 0.00559887 0.201298 9.9982E-05 0.164806
0.198921 9.9982E-05 0.0751304 9.9982E-05 0.66525 0.060129 0.000369681
0.544169 9.9964E-05 0.0387779 9.9964E-05 0.416653 9.9964E-05 9.9964E-05
0.398678 9.9982E-05 0.0433924 9.9982E-05 0.499414 0.0128966 0.0454188
0.515891 0.0106573 9.9982E-05 0.0189554 0.371932 9.9982E-05 0.0823643
0.623445 0.00326543 0.0127361 0.0330143 0.207048 9.9991E-05 0.120391
0.259076 9.9982E-05 0.00397471 0.140469 0.563943 0.032337 9.9982E-05
0.313648 0.0272616 9.9982E-05 0.00069774 0.64872 9.9982E-05 0.00947314
0.35462 0.00909118 9.9973E-05 0.148285 0.487704 9.9973E-05 9.9973E-05
0.663494 9.9982E-05 9.9982E-05 0.0278566 0.0242331 0.160386 0.123831
0.30925 0.0704683 9.9973E-05 0.0532757 0.566706 9.9973E-05 9.9973E-05
0.439056 0.00945017 0.00406956 0.107898 0.439326 9.9982E-05 9.9982E-05
0.512153 0.00334737 0.420521 9.9982E-05 9.9982E-05 0.0105888 0.0531889
0.321204 0.00938445 0.445043 9.9991E-05 0.0225902 0.045335 0.156343
0.4236 0.0363349 0.370592 9.9982E-05 9.9982E-05 0.0764186 0.0928544
0.288803 0.0452786 0.459931 9.9982E-05 9.9982E-05 0.137929 0.0678594
0.444358 0.0672088 0.368969 0.00892934 9.9991E-05 0.0112564 0.0991779
0.469578 0.0129125 0.0192688 9.9991E-05 0.249669 0.222172 0.0263004
0.0555405 0.036427 0.626279 9.9982E-05 9.9982E-05 0.086605 0.194949
0.395747 0.0300512 0.386628 9.9982E-05 9.9982E-05 0.00486159 0.182512
0.459135 0.0570995 0.106023 0.0275997 0.0734557 0.166349 0.110338
0.592651 0.0394408 0.00397868 9.9982E-05 9.9982E-05 0.283727 0.0800031
0.442401 0.0676852 0.0033032 0.068306 0.0143706 0.308519 0.0954152
0.55965 9.9991E-05 0.0672637 0.0509201 0.0636546 0.151595 0.106816
0.673799 9.9991E-05 0.00393639 0.0946844 0.0722949 0.0663898 0.0887953
0.301579 0.0369649 0.433514 9.9973E-05 9.9973E-05 9.9973E-05 0.227642
0.351665 0.00681959 0.407158 0.0548073 0.0438893 9.9991E-05 0.135561
0.375367 0.0314149 0.520795 0.0203369 9.9982E-05 9.9982E-05 0.0518853
0.402677 0.0349391 0.275712 0.0826568 0.0710868 9.9991E-05 0.132828
0.329743 9.9973E-05 0.467755 9.9973E-05 0.0331577 9.9973E-05 0.169044
0.286967 0.0942795 0.347482 0.0819 0.102415 9.9991E-05 0.0868568
0.229772 0.0169163 0.563452 9.9991E-05 0.015714 0.0559642 0.118082
0.334775 0.0456635 0.34076 0.075398 9.9991E-05 0.0879008 0.115403
0.487773 0.038085 0.0514366 0.0113232 0.0937585 0.316011 0.00161299
0.48519 0.0265221 0.28042 9.99915E-05 0.00994553 0.0365482 0.161274
0.151841 0.0487649 0.598376 9.9982E-05 9.9982E-05 0.0998216 0.100996
0.318329 0.0950597 0.363949 0.0684246 0.0250218 0.0305801 0.0986354
0.269666 0.00405764 9.9991E-05 0.243814 0.0305609 0.327553 0.124248
0.656688 0.0400265 0.0294906 0.00808024 9.9982E-05 0.265515 9.9982E-05
0.358073 9.9991E-05 0.284676 0.0781148 0.0279878 0.0823346 0.168714
0.608597 0.0438594 0.0614201 0.0933338 9.9991E-05 0.091366 0.101324
0.535106 0.0648951 9.9991E-05 0.010523 0.0131078 0.276385 0.0998823
0.388565 0.0654606 0.191075 9.9991E-05 0.0797826 0.0868158 0.188201
0.423956 0.0103299 0.243869 9.9991E-05 0.0133137 0.063562 0.244869
0.498525 0.0175921 0.0801593 0.0500316 0.157543 0.120276 0.0758726
0.395951 9.9982E-05 0.406915 9.9982E-05 0.118631 0.0152338 0.0630687
0.4401 0.0217349 0.419042 9.9973E-05 9.9973E-05 9.9973E-05 0.118824
0.178313 9.9964E-05 0.568096 9.9964E-05 9.9964E-05 9.9964E-05 0.253191
0.575821 0.0700476 0.0923305 0.0576783 9.9991E-05 0.16599 0.0380324
0.532357 0.026839 9.9991E-05 0.114107 0.0260854 0.181784 0.118728
0.25611 0.0833012 0.0228697 9.9973E-05 9.9973E-05 0.637419 9.9973E-05
0.639942 0.0090942 0.137936 0.0644694 9.9991E-05 0.0938002 0.0546578
0.45551 0.0349411 0.0242837 0.233475 9.9991E-05 0.159189 0.0925003
0.434965 0.0729541 0.192169 9.9991E-05 0.120517 0.00521118 0.174084
0.364316 0.0626584 0.0964371 0.106071 0.192094 0.0348327 0.143591
9.9964E-05 9.9964E-05 0.216935 9.9964E-05 9.9964E-05 0.539122 0.243543
9.9973E-05 0.0292287 0.107828 9.9973E-05 9.9973E-05 0.636891 0.225753
0.291525 0.0118521 0.169068 0.0321094 0.0126716 0.385075 0.0976983
0.0368591 0.0586969 0.207734 9.9982E-05 9.9982E-05 0.471144 0.225366
9.9973E-05 0.00645624 0.21781 9.9973E-05 9.9973E-05 0.405003 0.37043
0.377516 9.9982E-05 0.136592 9.9982E-05 0.0979286 0.274171 0.113592
0.37144 0.00539973 0.144945 9.9991E-05 0.111346 0.17375 0.193019
0.254265 0.0138722 0.117083 9.9991E-05 0.00116357 0.301583 0.311933
0.110235 0.0753169 0.159262 0.00600694 9.9991E-05 0.469207 0.179871
0.487518 0.0625801 0.137359 0.0289694 0.0117306 0.236436 0.0354081
0.126617 0.0715009 0.130542 9.9991E-05 0.0793506 0.47171 0.12018
9.9973E-05 0.0820652 0.0574915 9.9973E-05 9.9973E-05 0.549625 0.310519
0.444987 0.0110939 0.170315 9.9991E-05 0.0580081 0.114705 0.200792
0.342746 0.0894167 0.253867 0.0233824 0.00597416 0.167156 0.117458
0.472869 0.0895621 0.0864631 0.00297263 0.0770481 0.0107239 0.260361
0.607442 0.0351867 0.148344 9.9973E-05 9.9973E-05 9.9973E-05 0.208728
0.596191 9.9982E-05 0.131022 9.9982E-05 0.01836 0.0435143 0.210713
0.510999 9.9982E-05 0.282293 0.00525091 9.9982E-05 0.0657757 0.135482
0.377278 0.000892337 0.143024 0.00806535 9.9991E-05 0.0746234 0.396017
0.616203 0.028478 0.110412 0.0163873 9.9982E-05 9.9982E-05 0.22832
0.395467 0.132805 0.282624 0.0395589 0.0457382 9.9991E-05 0.103706
0.358825 0.111103 0.195831 0.0116063 0.0263583 0.140265 0.156011
0.257102 9.9991E-05 0.163632 0.126359 0.192155 0.0771481 0.183505
0.481671 0.019557 0.158671 0.0904178 0.0849811 0.0510828 0.113619
0.477704 0.0564279 0.153559 9.9991E-05 0.170681 0.0373799 0.104148
0.559028 0.0150933 0.0855581 9.9991E-05 0.149594 0.0761777 0.114449
0.390925 0.030689 0.294154 0.00290266 9.9991E-05 0.064041 0.217188
0.578988 0.0243767 0.149331 9.9991E-05 0.0252449 0.0517069 0.170252
0.124783 0.00259664 0.241757 9.9991E-05 0.0580981 0.200815 0.37185
0.52072 0.0420618 0.172868 0.0421711 0.0634362 0.0250377 0.133705
0.217223 0.0302902 0.308207 9.9991E-05 0.0361841 0.21688 0.191115
9.9991E-05 0.018528 0.000682661 0.0973863 0.0362511 0.0606238 0.786428
0.0921629 9.9973E-05 9.9973E-05 0.73286 9.9973E-05 0.0602892 0.114387
9.9955E-05 9.9955E-05 9.9955E-05 0.991994 9.9955E-05 9.9955E-05 0.00750592
9.9955E-05 0.067077 9.9955E-05 0.932423 9.9955E-05 9.9955E-05 9.9955E-05
0.0127095 9.9964E-05 0.0247433 0.962147 9.9964E-05 9.9964E-05 9.9964E-05
0.0418985 0.0463448 0.00123914 0.910218 9.9973E-05 9.9973E-05 9.9973E-05
0.0787222 0.0329183 9.9964E-05 0.88796 9.9964E-05 9.9964E-05 9.9964E-05
9.9964E-05 0.035641 9.9964E-05 0.956664 0.00729487 9.9964E-05 9.9964E-05
9.9964E-05 0.0416604 9.9964E-05 0.768178 9.9964E-05 9.9964E-05 0.189761
0.0579476 0.0746699 9.9973E-05 0.0162673 9.9973E-05 9.9973E-05 0.850815
0.0485682 0.0678026 9.9973E-05 0.130415 9.9973E-05 9.9973E-05 0.752915
0.0112869 0.0884277 0.0440426 9.9982E-05 0.0268678 9.9982E-05 0.829175
0.051497 0.0249611 9.9982E-05 0.102836 9.9982E-05 0.0625889 0.757917
0.0504184 9.997E-05 0.0638048 9.997E-05 9.997E-05 9.997E-05 0.885377
9.9973E-05 0.053424 9.9973E-05 0.0423675 0.0163809 9.9973E-05 0.887528
0.0349657 0.0553041 0.136643 0.0758933 9.9991E-05 0.0276838 0.66941
9.9973E-05 0.0938105 0.122692 9.9973E-05 0.00736276 9.9973E-05 0.775835
0.0486257 0.0405408 0.106134 0.139979 0.0105335 9.9991E-05 0.654086
0.00165145 0.0241165 0.0731261 9.9973E-05 9.9973E-05 9.9973E-05 0.900806
9.9964E-05 0.0620937 9.9964E-05 0.0260258 9.9964E-05 9.9964E-05 0.911481
0.0231243 0.0575837 0.0640738 0.028007 0.0190298 0.0136234 0.794558
0.0441836 0.017338 9.9973E-05 0.0165641 9.9973E-05 9.9973E-05 0.921614
0.0619735 0.108615 9.9973E-05 9.9973E-05 9.9973E-05 0.0183956 0.810716
0.0620127 0.0665847 0.0382743 9.9982E-05 0.0358454 9.9982E-05 0.797083
0.111549 0.0294399 0.0588473 9.9973E-05 9.9973E-05 9.9973E-05 0.799863
0.114285 0.0149571 0.104356 9.9973E-05 9.9973E-05 9.9973E-05 0.766102
0.13887 0.0404565 0.0692954 9.9973E-05 9.9973E-05 9.9973E-05 0.751078
0.0871023 0.0500925 0.0594506 9.9982E-05 0.0245486 9.9982E-05 0.778606
0.422504 9.9982E-05 9.9982E-05 0.0581891 0.0512559 0.300988 0.166863
0.729841 0.0303124 9.9991E-05 0.0519558 0.0219337 0.101795 0.0640626
0.68401 0.0484259 9.9991E-05 0.0615864 0.0470115 0.0215353 0.137331
0.221287 9.9973E-05 9.9973E-05 9.9973E-05 0.042843 0.691309 0.0442611
0.582123 0.0323105 9.9982E-05 0.13193 9.9982E-05 0.200216 0.0532211
0.193267 9.9982E-05 9.9982E-05 0.0303903 0.0195393 0.662568 0.0940351
0.700196 9.9973E-05 9.9973E-05 9.9973E-05 0.0231351 0.18331 0.0930591
0.503477 9.9982E-05 9.9982E-05 0.196682 0.00431923 0.243869 0.0514525
0.575151 0.0377808 9.9991E-05 0.124594 0.0180208 0.18079 0.0635632
0.532808 0.00073281 9.9982E-05 0.082843 0.259323 9.9982E-05 0.124094
0.507567 0.0120023 9.9991E-05 0.151596 0.0176565 0.239271 0.0718078
0.728784 0.00820517 9.9991E-05 0.0143535 0.0276802 0.217995 0.00288203
0.616158 0.0398648 9.9991E-05 0.122779 0.028505 0.118205 0.0743878
0.0455215 9.9982E-05 0.0375223 0.440109 0.276031 0.200616 9.9982E-05
0.0224003 9.9964E-05 9.9964E-05 0.0837511 9.9964E-05 0.893449 9.9964E-05
0.245432 9.9964E-05 9.9964E-05 9.9964E-05 9.9964E-05 0.738255 0.0159133
0.63842 0.0318791 0.0479199 0.0686867 9.9991E-05 0.125403 0.087591
0.585205 9.9973E-05 9.9973E-05 0.0173985 9.9973E-05 0.272639 0.124457
0.552913 9.9973E-05 9.9973E-05 9.9973E-05 0.0163902 0.31049 0.119907
0.646598 0.021134 0.0636802 9.9991E-05 0.085123 0.120337 0.063027
0.526124 0.0251056 0.162151 9.9982E-05 9.9982E-05 0.130993 0.155427
