0.0642248 0.0369783 0.00498373 9.9964E-05 9.9964E-05 9.9964E-05 9.9964E-05 0.893413
0.0148255 0.0104401 9.9973E-05 9.9973E-05 0.0209551 9.9973E-05 0.0128175 0.940662
0.0423925 9.9964E-05 0.103185 9.9964E-05 9.9964E-05 0.0424968 9.9964E-05 0.811526
0.092802 0.0133279 0.0654565 9.9973E-05 9.9973E-05 0.0690039 9.9973E-05 0.75911
0.0591766 9.9964E-05 9.9964E-05 9.9964E-05 0.0361757 0.0479586 9.9964E-05 0.856289
0.0946595 9.9973E-05 0.050265 0.196987 9.9973E-05 0.0651846 9.9973E-05 0.592603
0.0466053 0.0151018 9.9973E-05 0.138958 0.0135775 9.9973E-05 9.9973E-05 0.785458
0.124263 9.9982E-05 0.0177219 0.130678 0.0137113 0.00463448 9.9982E-05 0.708791
0.0582293 9.99654E-05 9.99654E-05 0.0261653 9.99654E-05 9.99654E-05 0.0846404 0.830565
0.0800433 9.9982E-05 0.0663751 0.047886 0.0972396 0.071187 9.9982E-05 0.637069
0.0966987 0.0424598 0.0412063 0.158858 9.9973E-05 9.9973E-05 9.9973E-05 0.660477
9.9964E-05 0.787996 0.176605 0.0252026 9.9964E-05 9.9964E-05 0.00979598 9.9964E-05
0.00942039 0.428192 0.509178 0.00688594 9.9973E-05 0.0460244 9.9973E-05 9.9973E-05
9.9973E-05 0.705637 0.117972 0.0768162 9.9973E-05 0.0748128 9.9973E-05 0.0244625
9.9973E-05 0.680599 0.148194 9.9973E-05 0.0113586 0.150668 9.9973E-05 0.00888032
9.9982E-05 0.385154 0.371372 0.0621919 0.023002 0.0886945 9.9982E-05 0.0693863
9.9973E-05 0.277112 0.536864 0.0839279 9.9973E-05 0.0623199 9.9973E-05 0.0394759
9.9982E-05 0.387779 0.354791 0.0659863 0.0418841 0.107823 0.0415366 9.9982E-05
9.9973E-05 0.543329 0.188585 9.9973E-05 9.9973E-05 0.0516463 0.0671031 0.149037
0.14078 0.747527 9.9964E-05 0.0500172 9.9964E-05 9.9964E-05 9.9964E-05 0.0612759
0.0817309 0.353278 0.314641 0.048938 0.0314332 0.100579 0.0450797 0.0243206
0.0222971 0.284053 0.484477 0.156818 0.0278035 9.9982E-05 0.0243521 9.9982E-05
9.9982E-05 0.276996 0.567532 0.0148076 0.0429266 9.9982E-05 0.00680532 0.0907326
9.9973E-05 0.673811 0.159151 0.0293173 9.9973E-05 0.0634316 0.0739897 9.9973E-05
0.0410688 0.144914 0.560965 0.143626 0.0185303 0.0906956 9.9982E-05 9.9982E-05
9.9973E-05 0.335465 0.408774 0.113512 9.9973E-05 0.138303 0.00364707 9.9973E-05
9.9955E-05 0.902168 0.0129853 9.9955E-05 9.9955E-05 0.0843471 9.9955E-05 9.9955E-05
9.9955E-05 0.780621 0.0416575 9.9955E-05 9.9955E-05 0.177221 9.9955E-05 9.9955E-05
0.00942079 0.705217 0.139582 0.139323 0.00615735 9.99789E-05 9.99789E-05 9.99789E-05
9.9955E-05 9.9955E-05 0.107422 9.9955E-05 9.9955E-05 0.0670597 9.9955E-05 0.825019
9.9964E-05 0.0328407 0.125788 9.9964E-05 9.9964E-05 0.0144064 9.9964E-05 0.826565
9.9955E-05 9.9955E-05 0.195158 9.9955E-05 9.9955E-05 9.9955E-05 0.013415 0.790927
9.9964E-05 9.9964E-05 0.0853902 9.9964E-05 9.9964E-05 0.116471 0.0914025 0.706337
9.9982E-05 0.156604 0.519802 0.0436512 0.0467012 9.9982E-05 0.169619 0.0634225
0.107469 0.00235911 0.408977 0.0184215 9.9991E-05 0.138329 0.31643 0.00791561
9.9973E-05 9.9973E-05 0.531413 9.9973E-05 0.0460536 0.0135832 0.391766 0.016885
0.157761 0.54335 0.0954714 9.9982E-05 0.00623408 9.9982E-05 0.106327 0.0906567
9.9982E-05 0.000403889 0.23531 0.0188562 0.10542 0.0618728 0.577937 9.9982E-05
0.0194063 0.161169 0.497607 9.9991E-05 0.0299962 0.0213736 0.218133 0.0522147
9.9973E-05 0.00469979 0.688232 0.020646 9.9973E-05 0.0879424 0.19818 9.9973E-05
0.116774 9.9973E-05 0.600277 0.170126 9.9973E-05 9.9973E-05 0.0580532 0.0544698
0.0826209 0.0163624 0.548366 9.9982E-05 9.9982E-05 0.00282335 0.253115 0.0965126
0.0143355 0.233962 0.0571734 9.9982E-05 9.9982E-05 0.0176181 0.657129 0.0195813
0.0375377 0.00393025 0.555214 0.232764 9.9991E-05 0.081367 0.0729864 0.0161009
9.9982E-05 9.9982E-05 0.597796 0.0410512 0.0254791 0.0576176 0.235061 0.0427948
9.9973E-05 0.0212545 0.549788 9.9973E-05 9.9973E-05 0.0503801 0.213941 0.164337
9.9964E-05 9.9964E-05 0.326279 0.00102318 0.102479 9.9964E-05 0.569818 9.9964E-05
0.097444 9.9964E-05 0.608906 9.9964E-05 0.0198379 9.9964E-05 0.273413 9.9964E-05
9.9973E-05 0.100997 0.562532 9.9973E-05 0.0303742 9.9973E-05 0.209653 0.0961448
9.9964E-05 9.9964E-05 9.9964E-05 0.166208 0.0563354 9.9964E-05 0.690588 0.0864689
0.21615 0.331367 0.115699 0.137009 0.0484841 9.9982E-05 0.15109 9.9982E-05
9.9982E-05 0.401899 0.00670953 0.339622 0.124923 0.00282888 0.123818 9.9982E-05
0.0164923 0.132471 0.533096 0.0879275 0.121001 0.0638474 9.9991E-05 0.0450646
9.9973E-05 0.0851028 0.618595 0.0730027 0.0731893 9.9973E-05 9.9973E-05 0.14981
0.119446 9.9982E-05 0.631912 0.0980379 0.070696 9.9982E-05 0.0595211 0.0201872
0.153634 0.254071 0.0953175 0.0922003 0.0631261 9.9991E-05 0.245694 0.095857
0.14857 0.202374 0.490055 0.0604605 0.0154058 0.0152987 0.0677368 9.9991E-05
0.0306264 0.223253 0.484592 0.106327 0.00395292 0.130003 9.9991E-05 0.0211466
9.999E-05 0.32304 0.274165 0.0574687 0.0988692 0.024201 0.137061 0.0850957
0.0255303 0.497022 0.0432981 0.209407 9.9991E-05 0.0242665 0.0466106 0.153766
0.00121832 0.241443 0.475233 0.12576 9.9991E-05 0.0143565 0.0875367 0.054353
0.0734835 0.338498 0.341049 9.9991E-05 0.0752325 0.0441282 0.0851139 0.0423948
0.11605 0.692737 9.9973E-05 0.065637 9.9973E-05 9.9973E-05 0.105365 0.0199108
9.9973E-05 0.510293 0.406007 9.9973E-05 0.0581694 0.0170756 0.00815513 9.9973E-05
9.9982E-05 0.0724383 0.586003 0.020818 0.249375 0.0189626 0.0522034 9.9982E-05
9.9982E-05 0.130367 0.537304 0.0786579 0.0141036 9.9982E-05 0.127013 0.112355
9.9982E-05 0.46362 0.205163 0.120221 9.9982E-05 0.0113953 0.1639 0.0355011
9.9973E-05 0.365944 0.477703 0.0790723 0.0168552 9.9973E-05 0.0601261 9.9973E-05
0.147572 0.00434604 0.542261 9.9991E-05 0.111032 0.0530854 0.0780327 0.0635711
0.0218254 0.589879 0.187088 0.115667 0.0355714 9.9982E-05 0.0497682 9.9982E-05
9.9946E-05 9.9946E-05 0.531016 9.9946E-05 9.9946E-05 9.9946E-05 0.468384 9.9946E-05
9.9964E-05 0.154684 0.190834 9.9964E-05 9.9964E-05 9.9964E-05 0.648316 0.00576662
9.9991E-05 0.186898 0.448638 0.0457483 0.028593 0.0301955 0.17798 0.0818474
9.9946E-05 9.9946E-05 9.9946E-05 0.12413 9.9946E-05 9.9946E-05 0.87527 9.9946E-05
9.9964E-05 0.0864117 9.9964E-05 0.0638049 0.0720312 9.9964E-05 0.777352 9.9964E-05
9.9955E-05 9.9955E-05 0.257073 9.9955E-05 0.0566826 9.9955E-05 0.685744 9.9955E-05
9.9964E-05 0.133953 0.412361 9.9964E-05 9.9964E-05 9.9964E-05 0.412404 0.0408817
0.0362987 0.0866656 0.547994 9.9991E-05 0.0614932 0.0167122 0.126098 0.124638
9.9964E-05 0.123636 0.384169 9.9964E-05 9.9964E-05 0.0909265 0.400869 9.9964E-05
0.0591487 0.0640347 0.102802 9.9982E-05 9.9982E-05 0.0519538 0.68979 0.032071
0.208238 0.0806238 0.190647 9.9973E-05 9.9973E-05 0.00575343 0.514437 9.9973E-05
0.0280452 0.0451045 0.478333 9.9982E-05 9.9982E-05 0.0100527 0.310683 0.127581
9.9964E-05 0.153294 0.22773 9.9964E-05 9.9964E-05 0.0785188 0.540058 9.9964E-05
9.9964E-05 0.136541 0.359064 9.9964E-05 9.9964E-05 9.9964E-05 0.464135 0.0398601
9.9955E-05 9.9955E-05 0.384864 9.9955E-05 0.0797765 9.9955E-05 0.534859 9.9955E-05
0.0233763 9.9964E-05 9.9964E-05 0.18155 0.0884166 9.9964E-05 0.706257 9.9964E-05
9.9982E-05 0.125787 0.525087 0.000247849 9.9982E-05 0.0290762 0.308546 0.0110561
0.0359635 0.00109846 0.130836 9.9964E-05 9.9964E-05 9.9964E-05 9.9964E-05 0.831702
9.9946E-05 9.9946E-05 0.103112 9.9946E-05 9.9946E-05 9.9946E-05 9.9946E-05 0.896288
0.00734999 9.9964E-05 0.14953 9.9964E-05 9.9964E-05 0.0156299 9.9964E-05 0.82709
9.9955E-05 9.9955E-05 0.0761315 9.9955E-05 9.9955E-05 9.9955E-05 0.0164355 0.906933
9.9973E-05 9.9973E-05 0.0759862 9.9973E-05 0.0237202 0.0305717 0.00963056 0.859791
0.00654185 9.9982E-05 0.0828182 0.0197845 0.0123676 0.00854754 9.9982E-05 0.86974
9.99551E-05 0.0138438 0.0670573 9.99551E-05 9.99551E-05 9.99551E-05 9.99551E-05 0.918599
0.0230623 0.086975 0.501234 0.0272393 9.9982E-05 9.9982E-05 0.261202 0.100087
0.00137995 0.127623 0.580145 9.9982E-05 0.00336959 9.9982E-05 0.183735 0.103548
9.99607E-05 0.152225 9.99607E-05 9.99607E-05 0.0667505 9.99607E-05 0.780524 9.99607E-05
0.0197801 0.180863 0.516163 9.9982E-05 9.9982E-05 0.0199634 0.147548 0.115484
9.9973E-05 0.105935 0.420594 0.00052109 9.9973E-05 9.9973E-05 0.429058 0.0435932
0.0099771 9.9982E-05 0.526685 9.9982E-05 0.0172424 0.0779129 0.337088 0.0308948
9.9982E-05 0.00443733 0.553568 0.0521982 0.123222 9.9982E-05 0.194724 0.0716509
9.9973E-05 9.9973E-05 0.445874 0.0126845 0.0323552 0.0759252 0.432862 9.9973E-05
0.0593936 0.189853 9.9964E-05 9.9964E-05 9.9964E-05 9.9964E-05 0.722639 0.0277147
0.0396021 0.0409376 0.600013 0.0617222 9.9991E-05 0.0461006 0.13609 0.0754343
0.0191479 9.9982E-05 0.526875 0.0684291 9.9982E-05 0.0780861 0.277074 0.0301878
0.166589 0.0569536 0.551108 0.0966041 9.9991E-05 0.000196285 0.120162 0.00828713
9.9973E-05 9.9973E-05 0.37763 0.0517556 0.0539752 9.9973E-05 0.51406 0.00227968
9.9973E-05 9.9973E-05 0.487142 9.9973E-05 0.00902977 0.0195639 0.47003 0.0139344
0.0441271 0.185514 0.391759 0.0109583 9.9982E-05 9.9982E-05 0.332884 0.0345586
9.9973E-05 9.9973E-05 0.211987 0.00603081 0.0445544 0.111724 0.625404 9.9973E-05
0.098585 9.9964E-05 0.474754 9.9964E-05 9.9964E-05 9.9964E-05 0.385498 0.0407635
0.0735644 0.00175119 0.520007 0.0224951 0.00539277 0.014499 0.212159 0.150132
0.0510029 0.372616 0.23203 0.130005 0.148814 0.00139509 0.0460124 0.0181248
0.159554 0.2229 0.355032 0.106471 9.9991E-05 0.0696381 0.0160217 0.0702829
0.0824749 0.110047 0.455487 9.9982E-05 0.178966 0.0902328 9.9982E-05 0.0825916
9.9982E-05 0.158984 0.608863 9.9982E-05 0.110526 0.0062425 0.0105872 0.104598
0.0142005 0.505174 0.420761 0.00405612 0.0118141 9.9982E-05 9.9982E-05 0.0437942
0.108881 0.225961 0.521394 9.9973E-05 0.132808 0.010656 9.9973E-05 9.9973E-05
0.131548 0.331838 0.40435 9.9973E-05 0.101789 9.9973E-05 9.9973E-05 0.0301752
0.0920229 0.02894 0.5913 0.058322 0.0710588 9.9991E-05 0.0739677 0.0842887
0.0505891 0.156474 0.611287 0.102844 9.9991E-05 0.0129048 0.0638109 0.00198983
0.023503 0.177206 0.552919 0.06619 0.0438315 9.9991E-05 0.0856394 0.0506112
0.0940953 0.275227 0.484274 9.9973E-05 0.0970754 9.9973E-05 0.0490285 9.9973E-05
0.178073 9.9982E-05 0.609883 0.0506448 0.118889 0.00893222 9.9982E-05 0.0333785
0.0885792 0.0348873 0.553697 0.045175 0.146432 0.00637977 9.9991E-05 0.12475
0.0842507 0.259204 0.462984 9.9982E-05 0.0951454 0.0600655 0.0381508 9.9982E-05
0.170612 9.9982E-05 0.544343 0.0663468 0.0996674 0.0793961 9.9982E-05 0.0394342
0.114451 0.128113 0.534738 0.0264584 0.0841207 0.0749598 0.0370585 9.9991E-05
0.109989 0.274691 0.315667 0.11089 0.118477 0.00108036 9.9991E-05 0.0691062
0.133359 0.119147 0.599224 9.9991E-05 0.0337839 0.00141795 0.10418 0.00878743
0.0739489 0.163581 0.627752 9.9973E-05 0.0720989 0.062319 9.9973E-05 9.9973E-05
0.139804 0.429419 0.1684 0.00501878 0.0503023 0.086392 0.0955748 0.0250885
0.102776 0.315234 0.151979 0.20471 0.174479 9.9991E-05 0.0404949 0.0102274
0.163771 0.15426 0.548292 0.0818893 9.9982E-05 0.0450245 0.00656323 9.9982E-05
0.195973 0.227021 9.9982E-05 0.114696 0.251658 0.0539459 0.156506 9.9982E-05
0.0505304 0.479026 0.222565 0.029415 0.148024 9.9991E-05 0.0262942 0.044045
0.153485 0.28327 0.397316 0.0141803 0.0474379 9.9982E-05 0.10411 9.9982E-05
0.1526 0.41356 0.263677 9.9973E-05 9.9973E-05 9.9973E-05 0.153577 0.0162875
0.082496 0.611864 0.256953 9.9964E-05 9.9964E-05 9.9964E-05 9.9964E-05 0.0482864
9.9982E-05 0.0848065 0.613093 0.00904535 0.0855124 9.9982E-05 0.0825512 0.124791
0.101605 0.0774001 0.48114 0.0123312 0.0808441 0.104345 0.0378134 0.104522
9.9973E-05 0.253994 0.54457 0.029823 0.121681 9.9973E-05 9.9973E-05 0.0496322
0.133952 0.423324 0.0407804 0.200469 0.0625476 0.076417 0.0624098 9.9991E-05
0.0749963 0.0579666 0.414947 0.164648 9.9982E-05 9.9982E-05 0.140349 0.146893
0.0256103 0.0481551 0.402923 0.208209 0.0220195 0.0377452 0.202905 0.0524331
0.120271 0.0958808 9.9982E-05 0.434709 0.139811 9.9982E-05 0.135192 0.0739361
0.00367727 9.9991E-05 0.639715 0.100886 0.055789 0.0241598 0.132393 0.0432801
0.0438476 9.9982E-05 0.356452 0.143332 0.170719 9.9982E-05 0.180848 0.104601
0.0861903 0.023509 0.456371 0.111291 0.0711302 0.0799733 0.0579124 0.113623
0.0835903 0.0421262 0.280854 0.370193 0.0868859 9.9991E-05 0.120427 0.0158236
0.180135 0.0567761 0.221575 0.394347 0.0509668 9.9982E-05 0.0959995 9.9982E-05
0.123565 9.9982E-05 0.383417 0.115375 0.245291 9.9982E-05 0.0762927 0.0558596
0.0266747 0.0634007 0.546032 0.139733 0.0490997 0.0234107 0.0389508 0.112698
0.0398223 0.0741324 0.343367 0.142976 0.00353939 0.0981772 0.234789 0.0631973
0.00267424 0.192224 9.9991E-05 0.32043 0.000180511 0.143731 0.297272 0.0433893
0.0643113 0.0941923 0.569192 0.209003 0.00196132 0.0150178 9.9991E-05 0.0462227
0.0446464 0.167191 0.319258 0.322546 0.0179627 9.9982E-05 0.128196 9.9982E-05
0.0307792 0.117386 0.432087 0.166576 0.128876 0.0128107 0.111385 9.9991E-05
0.0496304 9.9982E-05 0.632289 0.149143 0.0624807 9.9982E-05 0.0343939 0.0718635
9.9973E-05 0.0580137 0.1387 0.262757 9.9973E-05 0.240497 9.9973E-05 0.299732
9.9955E-05 9.9955E-05 9.9955E-05 0.357789 9.9955E-05 0.129421 9.9955E-05 0.512291
9.9955E-05 9.9955E-05 9.9955E-05 0.512282 9.9955E-05 0.0997595 9.9955E-05 0.387458
0.00591069 0.00181331 0.0400183 0.250985 9.9982E-05 0.344712 9.9982E-05 0.356361
9.9973E-05 0.0492992 0.622474 0.256084 0.00443376 9.9973E-05 0.067409 9.9973E-05
9.9982E-05 9.9982E-05 0.542248 0.0310825 0.111546 0.090464 0.124801 0.099658
9.9973E-05 0.0523768 0.300457 9.9973E-05 0.0156744 0.621559 0.00963347 9.9973E-05
9.9982E-05 0.179685 0.235596 9.9982E-05 0.0981098 0.451243 0.0257677 0.00939956
0.0531298 0.0941728 0.325556 9.9982E-05 0.0164458 0.38455 9.9982E-05 0.125946
9.9973E-05 0.0642583 0.304274 0.374095 0.185739 9.9973E-05 0.0713336 9.9973E-05
0.0392402 0.0166335 0.459329 0.337773 9.9991E-05 0.02083 0.0943489 0.0317451
9.9973E-05 0.0359778 0.185204 0.462442 0.246942 9.9973E-05 0.0691342 9.9973E-05
9.9973E-05 0.0536982 0.59145 0.122117 0.181664 9.9973E-05 0.0507707 9.9973E-05
9.9982E-05 0.100126 0.431366 0.152128 0.18899 9.9982E-05 0.0635679 0.063622
0.000820916 9.9982E-05 0.620601 0.221804 0.110137 9.9982E-05 0.0210787 0.025358
0.0101063 0.146302 0.167124 0.348992 0.194622 9.9982E-05 0.132655 9.9982E-05
0.0339756 9.9991E-05 0.655797 0.128653 0.0619196 0.055818 0.0259351 0.0378018
0.0297031 0.0251098 0.510219 0.218436 9.9991E-05 0.0673854 0.0917387 0.0573086
9.9955E-05 9.9955E-05 9.9955E-05 9.9955E-05 0.0193141 0.971773 0.00841344 9.9955E-05
0.014538 9.9964E-05 0.0924305 9.9964E-05 0.0192799 0.873352 9.9964E-05 9.9964E-05
0.0356471 0.0711346 0.151626 9.9982E-05 9.9982E-05 0.642761 0.0706203 0.0280107
9.9955E-05 9.9955E-05 0.327184 9.9955E-05 9.9955E-05 0.631354 9.9955E-05 0.0409624
0.0173025 9.9964E-05 0.10987 9.9964E-05 9.9964E-05 0.838222 0.0342055 9.9964E-05
9.994E-05 9.994E-05 9.994E-05 9.994E-05 9.994E-05 0.9993 9.994E-05 9.994E-05
0.0233935 9.9964E-05 9.9964E-05 9.9964E-05 0.0133509 0.932893 9.9964E-05 0.0299628
9.9955E-05 0.0030237 0.156938 9.9955E-05 9.9955E-05 0.839539 9.9955E-05 9.9955E-05
9.9946E-05 0.0558589 9.9946E-05 9.9946E-05 9.9946E-05 0.943541 9.9946E-05 9.9946E-05
9.9946E-05 9.9946E-05 9.9946E-05 0.00333687 9.9946E-05 0.996063 9.9946E-05 9.9946E-05
9.994E-05 9.994E-05 9.994E-05 9.994E-05 9.994E-05 0.9993 9.994E-05 9.994E-05
9.9955E-05 0.0931591 0.169093 9.9955E-05 9.9955E-05 0.737248 9.9955E-05 9.9955E-05
0.00902324 9.9964E-05 0.162884 9.9964E-05 9.9964E-05 0.780184 9.9964E-05 0.0475091
9.9946E-05 9.9946E-05 9.9946E-05 9.9946E-05 9.9946E-05 0.958883 0.040517 9.9946E-05
0.0335959 0.12445 0.318371 0.0371798 0.0276344 0.425903 0.0125015 0.0203642
0.133706 9.9982E-05 0.202334 0.00614982 9.9982E-05 0.645141 0.00549318 0.00697594
0.018748 0.0190286 0.112672 0.0189721 9.9982E-05 0.797795 9.9982E-05 0.0325841
9.9955E-05 0.0564378 0.0480837 9.9955E-05 9.9955E-05 0.894979 9.9955E-05 9.9955E-05
9.994E-05 9.994E-05 9.994E-05 9.994E-05 9.994E-05 0.9993 9.994E-05 9.994E-05
0.00282258 9.9973E-05 0.0477715 9.9973E-05 9.9973E-05 0.874463 0.0300144 0.044629
9.994E-05 9.994E-05 9.994E-05 9.994E-05 9.994E-05 0.9993 9.994E-05 9.994E-05
0.0501823 9.9982E-05 0.265914 9.9982E-05 0.0483239 0.584437 0.0295947 0.0213481
9.9964E-05 9.9964E-05 0.0174379 9.9964E-05 0.0529278 0.900196 0.0290382 9.9964E-05
9.9982E-05 0.0386922 9.9982E-05 0.588859 0.0475257 0.0164278 0.011423 0.296872
0.0572962 0.0027884 0.473354 0.154839 0.0245071 9.9991E-05 0.0591163 0.228
0.0574033 9.9982E-05 0.355877 0.236899 9.9982E-05 0.0632192 0.0653498 0.221052
0.108993 9.9973E-05 0.148878 0.453866 9.9973E-05 0.142534 9.9973E-05 0.14543
9.9982E-05 0.015277 0.483664 0.22224 9.9982E-05 0.127779 0.0690522 0.0817881
9.9982E-05 9.9982E-05 0.228356 0.4644 0.00293594 0.0943208 0.0169216 0.192866
0.00399458 0.0949113 0.509647 0.0985732 0.0106938 9.9991E-05 0.0640748 0.218006
9.9973E-05 9.9973E-05 0.36109 0.37143 9.9973E-05 0.124763 0.0748852 0.067532
9.9991E-05 0.000912171 0.356499 0.149652 0.0886773 0.198321 0.0672413 0.138598
9.9982E-05 0.00526972 0.324848 0.267608 9.9982E-05 0.215561 0.0448176 0.141696
0.0219302 0.181697 0.430767 0.121688 9.9991E-05 0.0730252 0.00954475 0.161247
0.0789324 9.9982E-05 0.0649422 0.0340634 0.00122199 9.9982E-05 0.0012103 0.81943
0.0108263 0.00552162 9.9982E-05 9.9982E-05 0.0429225 0.0626531 0.00496367 0.872913
0.00751464 0.0133901 9.9973E-05 0.0087171 9.9973E-05 9.9973E-05 0.0206056 0.949473
0.0566026 0.0200713 0.0201194 9.9964E-05 9.9964E-05 9.9964E-05 9.9964E-05 0.902807
0.0279943 0.0223515 0.0522505 0.00854104 9.9973E-05 9.9973E-05 9.9973E-05 0.888563
9.9964E-05 9.9964E-05 9.9964E-05 0.0166685 0.0195022 0.099747 9.9964E-05 0.863683
9.9964E-05 0.0169854 0.0235402 9.9964E-05 9.9964E-05 0.0825952 9.9964E-05 0.876479
9.9964E-05 9.9964E-05 9.9964E-05 0.0251231 0.0797028 9.9964E-05 0.0321525 0.862622
9.9973E-05 9.9973E-05 0.0322105 9.9973E-05 0.0278104 0.00517671 0.026652 0.90785
0.0291177 9.9973E-05 0.0243736 0.0476993 9.9973E-05 0.0734148 9.9973E-05 0.825095
0.0316896 0.280747 9.9973E-05 9.9973E-05 0.0360286 9.9973E-05 0.0389557 0.612279
0.180855 0.161058 9.9964E-05 9.9964E-05 9.9964E-05 9.9964E-05 0.0627755 0.594912
0.100762 0.256015 9.9982E-05 0.0730217 0.0260079 9.9982E-05 0.0137961 0.530197
0.13569 0.284293 9.9982E-05 0.0152644 0.0120786 9.9982E-05 0.0877078 0.464766
0.0299143 0.0660085 0.499492 9.9982E-05 0.0027369 9.9982E-05 0.338853 0.0627955
0.0219983 0.028063 0.437191 9.9982E-05 0.110505 0.0322809 0.369762 9.9982E-05
0.106509 0.126446 0.465885 0.0106141 0.023349 0.0368273 0.226167 0.00420413
0.0746528 0.278525 0.291636 0.0289767 0.0985565 9.9991E-05 0.167638 0.059915
0.344038 0.505663 0.117316 0.00521246 9.9973E-05 9.9973E-05 0.0274699 9.9973E-05
0.00865648 0.0587546 0.58247 9.9991E-05 0.0328527 0.0461419 0.19681 0.0742143
0.0901816 0.0475105 0.559397 0.032348 9.9973E-05 9.9973E-05 0.270263 9.9973E-05
0.0705118 0.0527445 0.518067 0.0631478 0.0657848 9.9982E-05 0.229544 9.9982E-05
0.030704 9.9973E-05 0.425608 9.9973E-05 0.0432228 0.00571643 0.494449 9.9973E-05
0.120642 0.000203499 0.513275 0.0128642 0.00319394 0.111029 0.209941 0.0288521
0.035192 0.180409 0.356955 9.9982E-05 0.0260123 9.9982E-05 0.383691 0.0175411
0.0793016 0.0307318 9.9973E-05 0.00213443 0.200659 9.9973E-05 0.686874 9.9973E-05
0.111839 0.147749 0.493469 0.0590468 0.00859914 0.0150034 0.142877 0.0214169
0.00609303 9.9973E-05 0.244121 0.189838 0.086044 9.9973E-05 0.473604 9.9973E-05
0.0185444 0.0502663 0.5108 9.9973E-05 0.0586316 9.9973E-05 0.361458 9.9973E-05
0.0990546 0.191399 0.0303858 9.9973E-05 9.9973E-05 9.9973E-05 0.649298 0.0295623
0.869521 9.9964E-05 9.9964E-05 0.0735753 9.9964E-05 0.0301776 9.9964E-05 0.0263266
0.848272 9.9964E-05 0.0621486 0.0346122 0.0545673 9.9964E-05 9.9964E-05 9.9964E-05
0.943943 9.9946E-05 9.9946E-05 9.9946E-05 0.0554575 9.9946E-05 9.9946E-05 9.9946E-05
0.818099 9.9964E-05 9.9964E-05 0.0298907 9.9964E-05 9.9964E-05 0.115196 0.036414
0.811992 9.9973E-05 0.0319578 0.0786293 0.0382422 0.0388783 9.9973E-05 9.9973E-05
0.851698 9.9964E-05 0.0779428 9.9964E-05 9.9964E-05 0.0658398 9.9964E-05 0.00411905
9.9964E-05 9.9964E-05 0.0815168 9.9964E-05 0.0217184 0.0578455 9.9964E-05 0.838519
0.053285 0.0273693 0.0932482 9.9973E-05 9.9973E-05 0.0541976 9.9973E-05 0.7716
0.0285695 9.9973E-05 0.134426 0.0195317 9.9973E-05 0.0763755 9.9973E-05 0.740797
0.00770718 0.096326 0.0567079 9.9973E-05 9.9973E-05 0.0973929 9.9973E-05 0.741566
0.0326958 9.9964E-05 0.146017 9.9964E-05 9.9964E-05 0.0439842 9.9964E-05 0.776903
0.395919 0.13332 9.9973E-05 0.0421644 9.9973E-05 9.9973E-05 0.0410354 0.387261
0.367617 9.9973E-05 9.9973E-05 0.0717967 0.0332246 9.9973E-05 0.0867784 0.440284
0.421887 9.9964E-05 9.9964E-05 9.9964E-05 0.100358 9.9964E-05 0.065469 0.411886
9.9955E-05 0.061352 0.137721 9.9955E-05 9.9955E-05 9.9955E-05 9.9955E-05 0.800427
0.504003 9.9973E-05 9.9973E-05 0.00112002 0.0615579 9.9973E-05 0.0879396 0.34508
9.9982E-05 0.0416265 0.270899 0.118161 0.0103238 0.349044 9.9982E-05 0.209746
9.9991E-05 0.099093 0.448786 0.0609414 0.0065612 0.193932 0.0197907 0.170796
9.9955E-05 9.9955E-05 0.542955 9.9955E-05 9.9955E-05 0.254445 9.9955E-05 0.2021
0.0712637 9.9991E-05 0.311152 0.0742954 0.0494506 0.220919 0.091099 0.18172
0.0343252 0.107046 0.452223 0.0438793 0.00203103 0.159855 0.0871801 0.113461
9.9964E-05 9.9964E-05 9.9964E-05 0.280269 0.0197703 0.281714 9.9964E-05 0.417846
0.15302 0.320475 0.339717 0.0121145 0.0212148 9.9982E-05 0.153259 9.9982E-05
0.139277 0.127936 0.364588 0.116017 0.126303 9.9982E-05 0.125679 9.9982E-05
0.121507 0.605106 0.189447 9.9964E-05 9.9964E-05 9.9964E-05 9.9964E-05 0.08354
9.9973E-05 0.158468 0.432132 9.9973E-05 0.279357 0.00915784 0.120585 9.9973E-05
0.0252005 0.237954 9.9973E-05 0.289177 0.352486 9.9973E-05 0.0948823 9.9973E-05
9.9991E-05 0.18032 0.474339 0.2138 0.0411857 0.0269148 0.0152879 0.0480524
0.100361 0.171748 0.445996 0.0202947 0.159738 9.9982E-05 0.101663 9.9982E-05
0.0245611 0.570251 0.259501 9.9982E-05 0.0324144 9.9982E-05 0.0556207 0.0574524
0.0646995 0.130912 0.47955 0.0715749 0.0128744 0.107497 0.0605592 0.0723326
9.9973E-05 0.501887 0.0083884 0.256911 0.0714603 9.9973E-05 0.161054 9.9973E-05
0.0892678 0.078834 0.432547 0.103213 0.146278 0.0608529 0.0889074 9.9991E-05
0.0665566 0.21254 0.52807 0.0575139 0.038922 0.0148895 0.0814078 9.9991E-05
0.0314704 0.107481 0.318695 0.0579868 9.9991E-05 0.219662 0.143901 0.120704
0.030969 0.311821 0.300519 0.00802605 0.29935 0.00455354 0.0446614 9.9991E-05
0.122495 0.208419 0.406165 9.9991E-05 0.147644 0.00584596 0.104662 0.00466951
0.0431952 0.1205 0.306459 0.0212681 0.172186 0.132803 0.203488 9.9991E-05
0.101174 0.178718 0.50363 0.0881717 0.0734062 9.9982E-05 0.0547004 9.9982E-05
0.0642642 0.155557 0.62843 9.9982E-05 0.0409903 0.0437964 0.0667623 9.9982E-05
0.0101982 0.109511 0.533323 0.00083337 0.0317565 0.0148928 0.146646 0.152838
0.0643502 0.181339 0.58679 0.0240973 0.000285117 0.0261747 0.0979408 0.0190233
9.9955E-05 9.9955E-05 0.157273 9.9955E-05 9.9955E-05 0.0680435 9.9955E-05 0.774184
9.9955E-05 9.9955E-05 0.105537 9.9955E-05 9.9955E-05 9.9955E-05 0.0475518 0.846411
0.0267323 0.0205768 0.086767 0.0157183 0.0200126 9.9991E-05 0.0485174 0.781576
9.9964E-05 9.9964E-05 9.9964E-05 9.9964E-05 0.0741285 0.0294913 0.104098 0.791882
0.0188579 9.9955E-05 0.135191 9.9955E-05 9.9955E-05 9.9955E-05 9.9955E-05 0.845451
0.0988272 0.688285 0.0812557 9.9982E-05 9.9982E-05 0.0402086 0.0583795 0.0328436
0.0136611 0.134065 0.370713 9.9991E-05 0.135309 0.0790622 0.139452 0.127639
9.9991E-05 0.0785424 0.405168 0.0905386 0.0675449 0.117817 0.00362738 0.236662
0.0147391 0.288066 0.582235 0.042154 0.000989222 0.0471412 9.9991E-05 0.0245764
0.101248 0.162589 0.377298 9.9991E-05 0.101326 0.0669517 0.168266 0.0222217
0.169779 0.281756 0.262753 0.184405 0.092354 0.00875377 9.9982E-05 9.9982E-05
0.145045 0.594738 9.9973E-05 0.100818 9.9973E-05 9.9973E-05 0.0525834 0.106515
0.188508 0.171496 0.477288 9.9991E-05 0.0208954 0.00589359 0.105319 0.0305005
0.301434 0.290728 0.123189 9.9982E-05 0.173794 0.0653331 9.9982E-05 0.0453216
0.212635 0.044503 0.348308 0.089494 0.0708797 0.0932725 0.135435 0.0054734
0.166655 0.550388 0.0502711 9.9982E-05 0.0538483 9.9982E-05 0.015379 0.163259
0.0457483 0.148104 0.670304 0.0140776 9.9982E-05 0.0164742 9.9982E-05 0.105092
0.126365 0.592332 0.0950558 9.9982E-05 0.032083 9.9982E-05 0.0256746 0.12829
0.0970628 0.326556 0.311225 0.0804782 0.0917224 0.0587679 0.00616722 0.0280202
0.108376 0.0340343 0.512111 0.119571 0.0728564 0.00222945 0.0625488 0.0882722
0.0660614 0.136049 0.260075 0.412349 0.125166 9.9973E-05 9.9973E-05 9.9973E-05
0.0370143 0.0478691 0.606619 0.271284 9.9973E-05 9.9973E-05 9.9973E-05 0.0369134
9.9964E-05 9.9964E-05 0.59412 0.20168 0.0704979 9.9964E-05 9.9964E-05 0.133303
0.0802063 0.0662566 0.37114 0.350447 0.118228 9.9982E-05 0.0135225 9.9982E-05
0.0265969 0.0119303 0.492948 0.101233 0.0155961 0.121389 0.141467 0.0888389
0.0782366 9.9982E-05 0.442812 0.143162 0.181446 9.9982E-05 0.151972 0.00217148
0.151865 9.9973E-05 0.155083 0.551696 0.117279 9.9973E-05 0.0237777 9.9973E-05
0.0366749 9.9973E-05 0.252034 0.508187 0.0982223 9.9973E-05 0.104582 9.9973E-05
0.106095 9.9964E-05 0.439803 0.292978 0.160725 9.9964E-05 9.9964E-05 9.9964E-05
0.0785684 0.0464123 0.117189 0.486888 0.0664686 9.9982E-05 0.204274 9.9982E-05
0.0847655 0.117148 0.402168 0.247182 9.9973E-05 9.9973E-05 0.148437 9.9973E-05
0.205172 0.617528 0.0906971 9.9973E-05 9.9973E-05 9.9973E-05 0.070017 0.0162862
0.153554 0.357925 0.108862 9.9973E-05 0.358408 0.0209506 9.9973E-05 9.9973E-05
0.163103 0.32932 0.329842 9.9982E-05 0.0619026 0.0396851 0.0759474 9.9982E-05
0.0674219 0.220661 0.61096 0.0395983 0.0117675 0.0186346 0.00237706 0.0285793
0.0957714 0.654372 0.138876 9.9973E-05 0.0313622 9.9973E-05 0.0793179 9.9973E-05
0.0707839 0.141348 0.397084 0.106208 0.166807 0.09665 0.00399314 0.0171257
0.103136 0.212147 0.498226 0.102843 9.9982E-05 0.0805152 9.9982E-05 0.00293375
0.0213556 0.280412 0.326995 0.0377077 0.0386583 0.0618459 0.153941 0.0790842
0.0558128 0.318011 0.458263 0.00416317 0.0449157 0.0351305 0.0836041 9.9991E-05
0.172984 0.221109 0.42513 9.9973E-05 9.9973E-05 0.0558568 0.12462 9.9973E-05
0.0964253 0.587449 0.177741 9.9982E-05 0.0256894 0.0337142 0.0787809 9.9982E-05
0.24734 0.316178 0.26833 9.9982E-05 0.0590333 0.0702565 0.0386618 9.9982E-05
0.0873603 0.21515 0.616697 0.0368135 0.00267276 9.9982E-05 0.0411067 9.9982E-05
0.0568556 0.188046 0.61755 0.0841231 9.9991E-05 0.0128247 0.0107991 0.0297018
0.0848524 0.242356 0.427125 0.0778481 0.131205 9.9982E-05 9.9982E-05 0.0364134
0.0982204 0.131504 0.496546 9.9973E-05 0.22307 0.0503599 9.9973E-05 9.9973E-05
0.108949 0.431188 0.315622 0.0519796 9.9982E-05 0.012788 9.9982E-05 0.0792739
0.0510691 0.268249 0.521271 0.00864704 0.0441291 0.0288232 0.0305752 0.0472361
0.0878932 0.259898 0.475955 9.9991E-05 0.0267294 0.0979942 0.0445566 0.00687291
0.0737746 0.170854 0.435938 0.0332685 0.0600353 0.153259 9.9991E-05 0.0727706
9.9982E-05 0.0289056 0.401728 0.103876 9.9982E-05 0.124408 0.0290366 0.311846
9.9982E-05 0.032436 0.540492 0.129931 0.0156656 0.13491 9.9982E-05 0.146365
0.0349335 9.9982E-05 0.533542 0.118236 0.0547795 0.085349 9.9982E-05 0.17296
9.9991E-05 0.0685773 0.522598 0.069683 0.0985938 0.154111 0.0373441 0.0489935
9.9991E-05 0.151283 0.289862 0.0157148 0.0571639 0.211098 0.110363 0.164415
0.0570736 0.228942 0.438876 0.050501 0.224307 9.9973E-05 9.9973E-05 9.9973E-05
9.9982E-05 0.145477 0.393885 0.135099 9.9982E-05 0.105874 0.0719781 0.147487
9.9973E-05 0.13671 9.9973E-05 0.450729 9.9973E-05 0.153998 0.0712801 0.186982
0.000309181 0.157392 0.391045 0.0745707 9.9991E-05 0.236098 0.0741146 0.0663706
9.9982E-05 0.0969667 0.484281 9.9982E-05 0.110339 0.164854 0.0180328 0.125326
0.0299798 0.217586 0.413639 0.0360703 0.141273 0.158411 0.00294084 9.99996E-05
9.9991E-05 0.205009 0.263757 0.235629 0.0160423 0.108409 0.0422997 0.128753
9.9973E-05 0.00629151 0.683181 0.161731 9.9973E-05 0.0386475 9.9973E-05 0.10985
9.9982E-05 0.0663853 0.508699 0.116862 9.9982E-05 0.171025 0.0119787 0.12485
9.9964E-05 9.9964E-05 9.9964E-05 0.364968 0.00944614 0.174153 9.9964E-05 0.451033
0.0420309 0.032555 0.472133 9.9991E-05 0.104293 0.174481 0.0395219 0.134884
9.9982E-05 9.9982E-05 0.574374 0.0218921 0.0980612 0.184321 0.0204858 0.100666
0.00519403 0.0677526 0.542681 0.0610429 9.9991E-05 0.184221 0.0583613 0.0806464
9.9964E-05 9.9964E-05 0.617308 0.0412912 9.9964E-05 0.105982 9.9964E-05 0.235019
0.0144671 0.114718 0.365057 0.0414275 0.037111 0.21626 0.0850408 0.125918
0.011471 0.0113181 0.436117 9.9991E-05 0.318977 0.0119762 0.100143 0.109898
9.9982E-05 0.0877958 0.322317 9.9982E-05 0.199373 0.130778 0.198438 0.0610991
9.9946E-05 0.144093 9.9946E-05 9.9946E-05 0.855307 9.9946E-05 9.9946E-05 9.9946E-05
0.0409934 0.0463811 9.9955E-05 9.9955E-05 0.912126 9.9955E-05 9.9955E-05 9.9955E-05
0.0704468 0.105589 0.412284 9.9991E-05 0.237854 0.0840236 0.0790102 0.0106917
9.9982E-05 0.0772425 0.413264 0.160481 0.0174239 0.286428 9.9982E-05 0.0449606
9.9964E-05 9.9964E-05 0.261602 9.9964E-05 0.270627 0.358942 9.9964E-05 0.10843
9.9982E-05 0.0172029 0.132993 0.119513 0.200009 0.317389 9.9982E-05 0.212694
9.9964E-05 9.9964E-05 0.347357 9.9964E-05 0.220388 0.214903 9.9964E-05 0.216953
9.9964E-05 9.9964E-05 9.9964E-05 0.105409 0.707953 0.0844472 9.9964E-05 0.101791
9.9973E-05 9.9973E-05 0.14419 0.10759 0.60609 0.0488792 9.9973E-05 0.0929509
9.9955E-05 9.9955E-05 0.534483 9.9955E-05 0.375908 0.0891087 9.9955E-05 9.9955E-05
9.9973E-05 9.9973E-05 0.393217 9.9973E-05 0.41121 0.10264 0.038387 0.0542461
9.9964E-05 9.9964E-05 0.143581 9.9964E-05 0.666062 0.0805503 9.9964E-05 0.109407
9.9982E-05 0.0662094 0.485031 9.9982E-05 0.230412 0.0644993 0.070632 0.0830167
0.00885726 9.9982E-05 0.377763 0.0162914 0.375815 0.179053 0.0420202 9.9982E-05
0.142547 0.0176184 0.318224 0.00104079 0.135796 0.220907 0.060703 0.103163
9.9955E-05 0.0778123 0.296601 9.9955E-05 0.625087 9.9955E-05 9.9955E-05 9.9955E-05
0.0159744 0.121881 0.285731 9.9982E-05 0.519573 0.0389406 9.9982E-05 0.0176996
9.9991E-05 0.104671 0.371113 0.0634086 0.288783 0.118151 0.0519532 0.00181979
0.130301 0.0387297 0.336598 0.0113916 0.412613 0.0460185 9.9991E-05 0.0242476
0.0341143 0.116994 0.399611 0.147101 0.172381 0.0516974 0.0301323 0.0479692
9.9964E-05 0.0419413 0.408301 0.0927981 0.456559 9.9964E-05 9.9964E-05 9.9964E-05
0.0663401 9.9955E-05 0.178934 9.9955E-05 0.754226 9.9955E-05 9.9955E-05 9.9955E-05
9.9964E-05 9.9964E-05 0.625604 9.9964E-05 0.27832 9.9964E-05 0.0833628 0.0123131
0.00450949 0.104607 0.105005 9.9982E-05 0.724263 0.013106 0.0483104 9.9982E-05
9.9982E-05 9.9982E-05 0.373348 0.0409866 0.549183 0.017094 0.0065388 0.0126498
0.054423 9.9991E-05 0.472322 0.0110776 0.217857 0.092951 0.119486 0.0317832
9.9964E-05 0.0900411 0.480485 9.9964E-05 0.282942 9.9964E-05 0.146132 9.9964E-05
9.9991E-05 0.122642 0.450525 0.0584149 0.0542885 0.193493 0.0344574 0.0860801
9.9973E-05 9.9973E-05 0.549342 0.175313 0.137813 9.9973E-05 0.00788894 0.129343
0.0570682 0.0753551 0.272651 0.0938719 0.0675643 0.300079 0.011195 0.122216
0.116567 0.0431825 0.336839 0.0580107 0.12965 0.149951 9.9991E-05 0.165699
0.137291 0.110624 0.514914 0.000794403 0.00446262 0.0925569 0.0361509 0.103206
9.9991E-05 0.175011 0.288349 0.0991585 0.0789078 0.229001 0.0541372 0.0753362
0.0846707 9.9973E-05 9.9973E-05 0.0633041 0.544963 0.153699 9.9973E-05 0.153063
0.0568612 9.9973E-05 0.504184 9.9973E-05 0.163934 0.26543 9.9973E-05 0.00929019
9.9964E-05 9.9964E-05 9.9964E-05 0.150247 0.367896 0.103285 9.9964E-05 0.378172
9.9973E-05 0.0245716 0.519839 9.9973E-05 0.266711 0.167176 9.9973E-05 0.0214034
9.9964E-05 9.9964E-05 0.062967 0.000551884 0.779269 9.9964E-05 0.156813 9.9964E-05
9.9955E-05 0.0689952 9.9955E-05 9.9955E-05 0.866407 9.9955E-05 0.0640984 9.9955E-05
9.9955E-05 0.0371539 0.401293 9.9955E-05 0.561054 9.9955E-05 9.9955E-05 9.9955E-05
9.9955E-05 9.9955E-05 0.585393 9.9955E-05 0.372857 9.9955E-05 9.9955E-05 0.0412506
0.0213314 0.0689639 0.328936 9.9973E-05 0.530067 9.9973E-05 0.0504013 9.9973E-05
9.9955E-05 9.9955E-05 0.405532 9.9955E-05 0.482598 9.9955E-05 0.111371 9.9955E-05
9.9946E-05 9.9946E-05 0.439915 9.9946E-05 0.559485 9.9946E-05 9.9946E-05 9.9946E-05
9.9955E-05 9.9955E-05 0.0826741 9.9955E-05 0.10193 9.9955E-05 9.9955E-05 0.814896
0.0916736 9.9973E-05 9.9973E-05 0.00496966 0.0900408 0.114436 9.9973E-05 0.69858
0.0147717 0.0331493 0.00513281 9.9973E-05 9.9973E-05 0.0570068 9.9973E-05 0.889639
9.9964E-05 9.9964E-05 0.0136266 0.0332293 0.0151766 9.9964E-05 9.9964E-05 0.937568
0.0160285 0.0738491 0.455123 9.9991E-05 0.0279911 0.0218189 0.373337 0.0317516
9.9982E-05 0.0897564 0.28411 9.9982E-05 0.0129272 0.142507 0.431732 0.0387679
9.9955E-05 0.0416288 0.461775 9.9955E-05 9.9955E-05 9.9955E-05 0.496097 9.9955E-05
0.0405841 0.112464 0.563331 0.00757347 0.00989598 9.9991E-05 0.13979 0.126262
0.0840952 9.9973E-05 0.502189 0.080802 9.9973E-05 9.9973E-05 0.240487 0.0921266
0.0496417 0.120622 0.176301 0.0735658 9.9982E-05 0.058991 0.520679 9.9982E-05
9.9982E-05 0.00563298 0.477588 9.9982E-05 0.0213406 0.0760284 0.405653 0.0135573
9.9964E-05 9.9964E-05 0.297102 0.187432 0.0177107 9.9964E-05 0.497355 9.9964E-05
9.9982E-05 0.0582807 0.45452 0.0489399 0.0384483 0.160431 9.9982E-05 0.239179
0.0194932 0.0908714 0.320639 9.9982E-05 0.141686 0.0694952 0.357615 9.9982E-05
0.0887262 0.0663321 0.294175 9.9964E-05 9.9964E-05 9.9964E-05 0.550367 9.9964E-05
9.9964E-05 9.9964E-05 0.508488 9.9964E-05 0.120641 9.9964E-05 0.363503 0.00696789
9.9982E-05 0.120025 0.338038 9.9982E-05 0.0592077 0.015614 0.442914 0.0240015
9.9973E-05 0.0133556 0.546597 0.0228501 9.9973E-05 9.9973E-05 0.397973 0.0189248
0.0077254 9.9973E-05 0.520303 9.9973E-05 9.9973E-05 0.0122701 0.417843 0.0415584
9.9964E-05 9.9964E-05 0.0379196 0.0469354 0.0464526 9.9964E-05 0.868292 9.9964E-05
9.9991E-05 0.0512229 0.205854 0.0516817 0.0731713 0.00357423 0.604496 0.00989912
9.9964E-05 9.9964E-05 0.318781 9.9964E-05 0.0744428 9.9964E-05 0.591948 0.0144284
9.9955E-05 9.9955E-05 9.9955E-05 0.106599 0.0757804 9.9955E-05 0.817121 9.9955E-05
0.0411494 0.0859873 0.438918 9.9982E-05 0.0106231 0.00830947 0.414812 9.9982E-05
0.0202698 9.9982E-05 0.0528577 0.259808 0.0129436 0.0192255 0.634696 9.9982E-05
9.9955E-05 9.9955E-05 9.9955E-05 0.12271 0.17125 9.9955E-05 0.70554 9.9955E-05
0.00151651 0.0293847 0.520063 0.0531719 0.090216 0.0664961 0.235252 0.00389894
0.0167199 0.188103 0.228626 9.9982E-05 0.0184468 9.9982E-05 0.48109 0.0668144
0.0727373 0.0680558 0.372885 0.0896427 9.9982E-05 0.069472 0.327007 9.9982E-05
0.0343662 9.9982E-05 0.516252 9.9982E-05 0.0487887 0.123501 0.201873 0.0750194
0.00489077 0.143619 0.448507 9.9973E-05 9.9973E-05 9.9973E-05 0.393078 0.00960434
0.0568473 0.280477 0.372021 0.0444989 0.165733 0.0117914 0.0685308 9.9991E-05
0.106523 9.9955E-05 0.52963 9.9955E-05 9.9955E-05 9.9955E-05 0.363347 9.9955E-05
0.0242636 0.174656 0.386999 9.9982E-05 9.9982E-05 0.0368474 0.353605 0.0234286
0.0243372 9.9964E-05 0.330193 0.0318006 9.9964E-05 9.9964E-05 0.61327 9.9964E-05
0.0841681 0.039195 0.548227 9.9982E-05 9.9982E-05 0.0362361 0.185358 0.106616
0.212019 0.125037 9.9982E-05 0.0712788 0.00807974 0.00754908 9.9982E-05 0.575837
0.0772996 0.0709259 0.0100188 0.00636891 9.9982E-05 9.9982E-05 0.107437 0.72775
0.0948286 0.0416615 9.9964E-05 0.059235 9.9964E-05 9.9964E-05 9.9964E-05 0.803875
0.157503 9.9955E-05 9.9955E-05 0.0482969 9.9955E-05 9.9955E-05 9.9955E-05 0.793701
0.188295 0.0281141 0.000985932 0.0448122 9.9973E-05 9.9973E-05 9.9973E-05 0.737493
0.0142668 0.193136 0.0742727 9.9982E-05 9.9982E-05 0.00674417 0.674842 0.0365385
0.0470148 0.168504 0.101987 0.0128999 0.0127073 9.9991E-05 0.606089 0.0506986
9.9973E-05 9.9973E-05 0.0614917 0.015935 0.093761 0.0381823 0.79033 9.9973E-05
0.0162967 0.0482398 0.536236 9.9991E-05 0.057237 0.0631041 0.192513 0.0862738
0.117983 9.9982E-05 0.53463 0.0478466 9.9982E-05 0.0939277 0.152507 0.0529062
9.9982E-05 9.9982E-05 0.246475 0.104707 0.0108058 0.0337597 0.597904 0.00614893
9.9982E-05 0.0531242 0.552569 0.048625 0.102726 0.0187943 0.223962 9.9982E-05
9.9973E-05 9.9973E-05 0.442097 0.058611 0.0091217 9.9973E-05 0.440329 0.0495421
9.9982E-05 0.101249 0.568879 0.0405675 0.00745335 9.9982E-05 0.262942 0.0187091
0.0780156 0.00110618 0.433047 9.9982E-05 9.9982E-05 0.156049 0.298802 0.0327798
0.0725839 0.0628918 0.158787 0.0118119 9.9982E-05 0.0417033 0.652022 9.9982E-05
0.0104551 0.0918541 0.278974 9.9964E-05 9.9964E-05 9.9964E-05 0.618317 9.9964E-05
0.0494136 0.14448 0.338815 9.9964E-05 9.9964E-05 9.9964E-05 0.466891 9.9964E-05
0.0705269 9.9982E-05 0.554149 0.144087 0.0851092 9.9982E-05 0.0253583 0.12057
0.0107293 0.0743082 0.399817 9.9973E-05 9.9973E-05 9.9973E-05 0.48968 0.0251655
0.0553619 0.0509229 0.380624 9.9991E-05 0.0265379 0.0625593 0.393766 0.0301282
0.0542626 9.9982E-05 0.460135 9.9982E-05 0.017968 0.376844 0.0253248 0.0652659
9.9973E-05 9.9973E-05 0.419024 0.0684075 0.0311264 0.418837 9.9973E-05 0.0623057
9.9964E-05 9.9964E-05 0.381626 0.0889715 9.9964E-05 0.452141 9.9964E-05 0.0768613
9.9973E-05 9.9973E-05 0.335575 0.0868313 0.0597185 0.399221 9.9973E-05 0.118354
0.0255196 9.9973E-05 0.564192 9.9973E-05 0.0373873 0.249332 9.9973E-05 0.123269
9.9973E-05 9.9973E-05 0.481811 0.16145 9.9973E-05 0.00181418 0.309515 0.0451101
0.0365863 9.9973E-05 0.0754837 0.0280621 9.9973E-05 0.62496 9.9973E-05 0.234608
9.9973E-05 9.9973E-05 0.282366 9.9973E-05 0.0886527 0.469533 0.0482509 0.110898
9.9982E-05 9.9982E-05 0.42867 0.126355 0.0582388 0.0626539 0.154482 0.169401
0.0460695 9.9964E-05 0.576181 0.305604 9.9964E-05 9.9964E-05 9.9964E-05 0.071746
0.129315 0.121753 0.401232 0.243248 0.00333755 0.00871563 9.9991E-05 0.0922995
0.00792074 0.0692191 0.592927 0.189197 9.9982E-05 0.0776105 9.9982E-05 0.0629256
0.0658364 0.0579856 0.584157 0.0659905 0.0350409 0.0371173 0.0803571 0.0735151
9.9973E-05 0.0140206 0.284091 0.0570082 9.9973E-05 0.483504 9.9973E-05 0.161077
0.0455106 0.0681829 0.372559 0.0854497 9.9982E-05 0.349712 9.9982E-05 0.0783854
9.9964E-05 9.9964E-05 0.486227 0.0690488 9.9964E-05 0.422207 9.9964E-05 0.0221175
0.135229 0.0148613 0.336282 9.9982E-05 0.092558 0.287637 9.9982E-05 0.133233
9.9973E-05 9.9973E-05 0.291056 0.0993492 0.00785772 0.493354 9.9973E-05 0.108083
9.9964E-05 9.9964E-05 0.423738 9.9964E-05 9.9964E-05 0.279102 0.106755 0.190005
9.9991E-05 0.00329303 0.185072 0.0353406 0.0532218 0.570818 0.0036317 0.148522
9.9973E-05 0.0651805 0.385639 9.9973E-05 0.15568 0.325646 9.9973E-05 0.067554
0.0433803 0.0527768 0.513563 0.326728 9.9982E-05 9.9982E-05 0.0372996 0.0260523
0.154279 9.9973E-05 0.347002 9.9973E-05 9.9973E-05 0.368423 0.049174 0.0808225
0.0110923 9.9973E-05 0.214949 0.0620715 9.9973E-05 0.553228 9.9973E-05 0.158359
0.0950367 9.9973E-05 0.199552 9.9973E-05 9.9973E-05 0.423894 0.167152 0.114066
0.198601 0.129979 0.175499 0.345909 9.9982E-05 9.9982E-05 0.0840074 0.0658043
9.9964E-05 0.169907 0.563719 0.262244 9.9964E-05 9.9964E-05 0.00373028 9.9964E-05
0.0436154 0.0969263 0.40237 9.9973E-05 9.9973E-05 0.290058 9.9973E-05 0.166731
0.0267385 0.166188 0.557315 0.172998 9.9973E-05 9.9973E-05 9.9973E-05 0.0764603
0.0350842 9.9982E-05 0.463614 0.255499 9.9982E-05 0.00298805 0.138138 0.104476
9.9973E-05 9.9973E-05 0.454544 0.150581 9.9973E-05 0.132176 0.092595 0.169805
9.9982E-05 9.9982E-05 0.362278 0.0163502 0.14038 0.2607 0.0293485 0.190744
0.0243666 0.0632367 0.518978 0.100126 0.0117538 0.0343838 0.175829 0.0713267
0.0484184 0.0491967 0.275215 9.9982E-05 9.9982E-05 0.398252 0.115106 0.113612
9.9964E-05 9.9964E-05 0.323638 9.9964E-05 0.093007 0.477286 9.9964E-05 0.105669
9.9973E-05 9.9973E-05 0.16633 0.0182986 0.0457723 0.538802 9.9973E-05 0.230497
0.0919002 0.000490945 0.513607 0.110041 0.0445278 0.0886989 0.150635 9.9991E-05
0.0224139 0.0669015 0.428049 0.31776 9.9982E-05 9.9982E-05 0.112126 0.05255
0.0425355 9.9991E-05 0.201009 0.6446 0.0139271 0.0254222 0.0688407 0.00356528
0.0905398 9.9982E-05 0.533455 0.140561 9.9982E-05 0.0599676 0.0791692 0.0961078
0.160572 0.183956 0.303795 0.0933644 0.125707 0.00945014 0.0455379 0.0776187
9.9973E-05 9.9973E-05 0.448554 0.131957 9.9973E-05 0.127919 0.11596 0.17531
0.0575119 0.154626 0.462501 0.179783 0.00598513 0.100304 9.9991E-05 0.0391887
9.9955E-05 9.9955E-05 9.9955E-05 0.582022 9.9955E-05 0.215485 9.9955E-05 0.201993
9.9955E-05 9.9955E-05 9.9955E-05 0.703816 9.9955E-05 0.0539469 9.9955E-05 0.241737
