0.0806647 0.919235 9.9991E-05
0.0253017 0.933971 0.0407275
0.197629 0.802271 9.9991E-05
0.162585 0.837315 9.9991E-05
0.143134 0.856766 9.9991E-05
0.114074 0.677047 0.208879
0.0565578 0.89537 0.048072
0.0845895 0.82222 0.0931901
9.9991E-05 0.900677 0.0992228
0.18678 0.742461 0.0707589
0.0319742 0.799854 0.168171
0.16169 0.115434 0.722876
0.365344 0.0365972 0.598058
0.163962 0.177032 0.659007
0.303824 0.109455 0.586721
0.365577 0.106589 0.527834
0.476316 0.00605911 0.517625
0.360544 0.0408226 0.598634
0.264431 0.168427 0.567142
9.9991E-05 0.254405 0.745495
0.303476 0.0549073 0.641617
0.308415 9.9991E-05 0.691485
0.342101 0.0319667 0.625933
0.205054 0.102962 0.691983
0.412254 0.0674495 0.520297
0.447708 0.0270255 0.525267
0.118597 0.204975 0.676427
0.23915 0.149427 0.611423
0.103983 0.12603 0.769987
0.195207 0.804693 9.9991E-05
0.175236 0.824664 9.9991E-05
0.201649 0.785826 0.0125253
0.243663 0.732332 0.0240048
0.314763 9.9991E-05 0.685137
0.400949 0.00121143 0.597839
0.341492 9.9991E-05 0.658408
9.9991E-05 0.235123 0.764777
0.222585 0.0856307 0.691785
0.320809 0.0616985 0.617493
0.490404 9.9991E-05 0.509496
0.350621 0.0647627 0.584616
0.386471 0.0577513 0.555778
0.0623814 0.0863424 0.851276
0.444383 0.00357265 0.552044
0.383038 9.9991E-05 0.616862
0.443553 0.0870366 0.46941
0.164778 9.9991E-05 0.835122
0.454469 0.000519755 0.545011
0.448517 0.0288791 0.522604
9.9991E-05 0.214724 0.785176
0.0186113 0.0916606 0.889728
9.9991E-05 0.206262 0.793638
0.433666 0.0253785 0.540956
0.467842 0.0786413 0.453517
0.479684 0.0374352 0.482881
0.0593711 0.204067 0.736562
0.349229 0.00358487 0.647186
0.452121 0.0147647 0.533114
0.257024 0.119286 0.62369
0.055708 0.342929 0.601363
0.410894 0.0373184 0.551788
0.294647 0.132795 0.572558
9.9991E-05 0.200189 0.799711
0.314833 0.00400568 0.681161
0.437121 9.9991E-05 0.562779
0.398786 0.107911 0.493303
0.189246 0.118034 0.69272
0.399073 0.00386084 0.597066
0.398788 0.0504154 0.550797
0.0285365 0.181182 0.790281
0.313055 9.9991E-05 0.686845
0.106585 0.00703237 0.886383
0.329721 0.104364 0.565915
0.366885 0.145447 0.487668
9.9991E-05 0.0768317 0.923068
9.9991E-05 0.0253871 0.974513
0.162843 9.9991E-05 0.837057
0.245046 9.9991E-05 0.754854
0.410938 0.0412778 0.547784
0.357433 9.9991E-05 0.642467
0.0767075 0.0967807 0.826512
0.0840946 0.116045 0.79986
0.410439 0.0623798 0.527181
0.154984 0.0171716 0.827844
0.261261 0.0133875 0.725352
0.19594 0.028166 0.775894
9.9991E-05 0.0719211 0.927979
0.400975 9.9991E-05 0.598925
0.191695 0.808205 9.9991E-05
0.161632 0.838268 9.9991E-05
0.167994 0.831906 9.9991E-05
0.107601 0.892299 9.9991E-05
0.152814 0.847086 9.9991E-05
0.122868 0.877032 9.9991E-05
0.13565 0.86425 9.9991E-05
0.41889 0.0132078 0.567902
0.48586 0.0144889 0.499651
9.9991E-05 0.112365 0.887535
0.366862 0.0230083 0.61013
0.276286 0.0241736 0.69954
0.427719 9.9991E-05 0.572181
0.379395 9.9991E-05 0.620505
0.339767 9.9991E-05 0.660133
9.9991E-05 0.134876 0.865024
0.311021 0.116673 0.572306
0.435101 9.9991E-05 0.564799
0.474284 0.0151341 0.510582
0.175658 9.9991E-05 0.824242
0.32273 9.9991E-05 0.67717
0.242502 0.0245877 0.73291
0.293953 9.9991E-05 0.705947
0.234061 0.0487536 0.717186
0.365453 0.100569 0.533978
0.123873 0.123583 0.752543
0.406579 0.0763789 0.517042
0.274508 0.1716 0.553892
0.377515 0.0946889 0.527796
0.461661 0.0573947 0.480944
0.287393 0.0997644 0.612843
0.343177 9.9991E-05 0.656723
0.270597 0.0337959 0.695607
0.297595 0.100924 0.60148
0.365153 0.0965871 0.53826
0.279377 0.0452464 0.675377
0.289614 9.9991E-05 0.710286
0.41632 0.0553766 0.528303
0.437392 0.0640642 0.498544
0.39226 9.9991E-05 0.60764
0.486881 0.0395855 0.473533
0.37978 9.9991E-05 0.62012
0.239715 0.161485 0.598799
0.451884 9.9991E-05 0.548016
0.433512 9.9991E-05 0.566388
0.141732 0.111043 0.747224
0.0881003 0.15795 0.753949
0.375126 0.0612345 0.56364
0.0161912 0.0982527 0.885556
0.119911 0.149184 0.730905
0.205494 9.9991E-05 0.794406
0.128908 0.104953 0.766139
0.166714 0.102501 0.730785
0.456251 9.9991E-05 0.543649
0.49266 0.0958567 0.411483
0.347666 0.0488154 0.603519
0.0791927 0.0971856 0.823622
0.339402 0.0890247 0.571573
0.353668 0.0334078 0.612924
9.9991E-05 0.296355 0.703545
0.435083 0.0295217 0.535395
0.22959 0.127136 0.643274
0.382333 0.0589968 0.55867
0.199063 0.140999 0.659937
0.0695296 0.189968 0.740502
0.265146 0.0541326 0.680721
0.378059 0.114517 0.507424
0.303922 0.111396 0.584683
0.365966 0.0516296 0.582405
0.392989 0.114742 0.492268
0.127051 0.215698 0.657251
0.374224 0.0947755 0.531001
0.420707 0.0841909 0.495102
0.187054 9.9991E-05 0.812846
0.265185 9.9991E-05 0.734715
0.410242 0.00747316 0.582284
0.478591 0.176829 0.34458
0.372188 0.366695 0.261117
0.16494 0.762976 0.0720841
0.0716967 0.710142 0.218161
0.428256 0.462987 0.108757
0.443701 9.9991E-05 0.556199
0.425012 0.0533912 0.521597
0.845331 9.9991E-05 0.154569
0.686798 0.0170895 0.296112
0.638823 0.124675 0.236502
0.182276 0.0560019 0.761723
0.366521 0.0542124 0.579267
0.0977311 0.0982556 0.804013
0.407208 9.9991E-05 0.592692
0.297584 0.0619493 0.640467
0.370065 9.9991E-05 0.629835
0.095029 0.0793529 0.825618
0.483946 0.00526039 0.510794
0.445667 0.00568032 0.548652
0.46629 0.163508 0.370202
0.937554 0.062346 9.9991E-05
0.944352 0.0555476 9.9991E-05
0.739596 0.125047 0.135357
0.897757 0.00595337 0.0962901
0.930926 0.0674818 0.00159231
0.9131 0.0868001 9.9991E-05
0.882063 0.117837 9.9991E-05
0.978603 0.0212966 9.9991E-05
0.937238 0.0626625 9.9991E-05
0.928418 0.0714824 9.9991E-05
0.948781 0.0511189 9.9991E-05
0.866083 0.133817 9.9991E-05
0.873376 0.126524 9.9991E-05
0.921855 0.0780449 9.9991E-05
0.63184 0.0465326 0.321627
0.820762 0.101333 0.0779054
0.886294 0.113606 9.9991E-05
0.888468 0.111432 9.9991E-05
0.937654 0.0622459 9.9991E-05
0.886161 0.113739 9.9991E-05
0.93622 0.0636797 9.9991E-05
0.799004 0.107031 0.0939653
0.894995 0.104905 9.9991E-05
0.00625789 0.522179 0.471563
0.330715 0.230721 0.438564
0.318363 0.269445 0.412192
0.255195 0.353932 0.390873
0.471776 0.131353 0.396871
0.292682 0.294069 0.413249
0.377578 0.187339 0.435083
0.417619 0.211852 0.370529
0.482847 0.141719 0.375433
0.458832 0.231271 0.309898
0.419501 0.11033 0.470169
0.42159 0.158603 0.419807
0.0608856 0.859921 0.079193
0.0790437 0.920856 9.9991E-05
0.0549251 0.944975 9.9991E-05
0.0642043 0.935696 9.9991E-05
0.108156 0.891744 9.9991E-05
0.0989558 0.900944 9.9991E-05
0.146914 0.852986 9.9991E-05
0.0799738 0.901564 0.0184621
0.125479 0.874421 9.9991E-05
0.121943 0.877957 9.9991E-05
9.9991E-05 0.692368 0.307532
9.9991E-05 0.693994 0.305906
9.9991E-05 0.639843 0.360057
9.9991E-05 0.601575 0.398325
0.277473 0.0294318 0.693095
0.294039 0.0420255 0.663935
0.405447 9.9991E-05 0.594453
0.383238 0.0281456 0.588617
0.160925 0.075377 0.763698
0.0424192 0.115338 0.842243
0.403009 0.00904877 0.587942
0.363718 9.9991E-05 0.636182
0.358735 9.9991E-05 0.641165
0.228774 9.9991E-05 0.771126
0.346462 9.9991E-05 0.653438
0.233982 0.00288266 0.763135
9.9991E-05 0.0379653 0.961935
0.38735 0.0351752 0.577475
0.123073 0.045335 0.831592
0.284186 9.9991E-05 0.715714
9.9991E-05 0.0836109 0.916289
9.9991E-05 0.31266 0.68724
9.9991E-05 0.296069 0.703831
9.9991E-05 0.263958 0.735942
9.9991E-05 0.286061 0.713839
9.9991E-05 0.264427 0.735473
0.0256791 0.277292 0.697029
0.150932 0.848968 9.9991E-05
0.130849 0.869051 9.9991E-05
0.262118 0.737782 9.9991E-05
0.202584 0.797316 9.9991E-05
0.184057 0.815843 9.9991E-05
9.9991E-05 0.580535 0.419365
9.9991E-05 0.622969 0.376931
9.9991E-05 0.585056 0.414844
0.193748 0.806152 9.9991E-05
9.9991E-05 0.55541 0.44449
0.545393 0.322316 0.132291
0.557979 0.11976 0.322261
0.6506 0.158228 0.191172
0.45172 0.280255 0.268024
0.433782 0.181184 0.385034
0.365815 0.596986 0.0371991
0.216163 0.0425198 0.741317
0.215389 0.00127408 0.783337
0.14136 0.152939 0.705702
0.256487 0.00437756 0.739136
9.9991E-05 0.132506 0.867394
0.420479 0.121511 0.458011
0.31429 0.00669803 0.679012
0.140455 0.116729 0.742815
0.39988 0.0896812 0.510439
0.0106312 0.107346 0.882023
0.298234 9.9991E-05 0.701666
0.314283 9.9991E-05 0.685617
0.391613 0.152227 0.45616
0.187638 9.9991E-05 0.812262
0.260697 0.0415202 0.697783
0.415523 9.9991E-05 0.584377
0.322077 0.0011287 0.676795
0.42552 9.9991E-05 0.57438
0.404097 0.0446013 0.551302
0.409639 0.0233516 0.56701
0.253196 0.746704 9.9991E-05
0.165732 0.834168 9.9991E-05
0.105062 0.791631 0.103307
0.109152 0.845796 0.0450516
0.164164 0.835736 9.9991E-05
0.0392438 0.160645 0.800111
0.402907 0.0690915 0.528001
0.471508 0.14139 0.387103
0.470666 0.0398512 0.489482
0.36078 9.9991E-05 0.63912
0.149177 0.119738 0.731085
9.9991E-05 0.26483 0.73507
0.29094 0.0327376 0.676323
0.0471381 0.237997 0.714865
0.317246 0.100027 0.582727
9.9991E-05 0.314095 0.685805
0.407045 0.0664501 0.526505
0.0502408 0.208428 0.741331
0.472229 0.042445 0.485326
0.219353 0.100292 0.680355
0.311111 0.0486742 0.640215
0.153449 0.183301 0.66325
0.36999 0.0451434 0.584867
0.438866 0.0341458 0.526988
0.159901 0.0706079 0.769491
0.424353 0.136183 0.439463
0.350754 0.0358311 0.613415
0.335078 0.0247509 0.640171
9.9991E-05 0.08164 0.91826
0.0973741 0.0888244 0.813802
0.326199 9.9991E-05 0.673701
0.0158627 0.13484 0.849298
0.230307 0.0219128 0.74778
9.9991E-05 0.152032 0.847868
0.173909 9.9991E-05 0.825991
0.302108 0.0758647 0.622028
0.433942 0.0151917 0.550867
0.0718648 0.0538956 0.87424
0.398604 0.0917295 0.509666
0.338204 0.0786644 0.583131
0.269474 0.0662656 0.66426
0.370424 9.9991E-05 0.629476
0.325103 0.0311822 0.643715
0.154147 0.0897358 0.756117
0.227587 0.118395 0.654018
0.467453 9.9991E-05 0.532447
0.469047 0.0178449 0.513108
0.245682 0.064604 0.689714
0.41399 0.00269649 0.583314
0.16876 0.162522 0.668718
0.34286 9.9991E-05 0.65704
0.420773 0.0549508 0.524277
0.403883 0.0385888 0.557529
0.482187 0.280904 0.236909
0.564341 0.0743813 0.361278
0.479385 0.208139 0.312476
0.525623 9.9991E-05 0.474277
0.567319 0.153786 0.278895
0.256906 9.9991E-05 0.742994
0.41739 0.136452 0.446158
0.167504 0.400264 0.432232
0.460769 0.082728 0.456503
0.496782 0.0634046 0.439813
0.543397 0.0131882 0.443415
0.323167 0.216899 0.459934
0.538213 0.125984 0.335804
0.56335 0.0989931 0.337657
0.15889 0.673154 0.167956
0.595964 0.132886 0.27115
0.541862 0.104132 0.354006
0.48418 0.0777481 0.438072
0.592641 0.20957 0.19779
0.468096 0.17332 0.358584
0.341341 9.9991E-05 0.658559
0.385488 0.126218 0.488294
9.9991E-05 0.0539227 0.945977
0.425294 0.0702262 0.50448
0.465787 0.0868191 0.447394
9.9991E-05 0.11051 0.88939
0.378144 0.0358649 0.585991
0.583433 0.105775 0.310792
0.570344 0.120867 0.308789
0.437586 0.312637 0.249777
0.532887 0.169045 0.298068
0.454537 0.15127 0.394194
0.121141 0.214402 0.664457
0.182355 0.24131 0.576335
0.445044 9.9991E-05 0.554856
0.433896 0.0619942 0.50411
0.276455 0.115312 0.608233
0.404534 9.9991E-05 0.595366
0.482151 9.9991E-05 0.517749
0.429414 0.112662 0.457924
0.162284 9.9991E-05 0.837616
0.207008 0.0494602 0.743532
0.342756 0.011624 0.64562
0.278162 0.0972041 0.624634
0.362849 0.0668749 0.570276
0.409924 0.148271 0.441806
0.266803 9.9991E-05 0.733097
0.1045 0.0551645 0.840335
0.354891 9.9991E-05 0.645009
0.383324 0.0707709 0.545906
0.115726 0.0139191 0.870355
0.296069 0.031822 0.672109
0.404491 0.0371287 0.55838
0.308506 9.9991E-05 0.691394
0.392081 0.129312 0.478607
0.449812 0.156411 0.393777
0.480037 0.20531 0.314654
0.507627 0.151354 0.341019
0.394449 0.250056 0.355495
0.444286 0.0855736 0.47014
0.420909 0.152932 0.42616
0.141491 0.347752 0.510757
0.566993 0.0242402 0.408767
0.147931 0.581032 0.271037
0.55812 0.0703027 0.371577
0.0136738 0.00697027 0.979356
9.9991E-05 0.143968 0.855932
0.279302 9.9991E-05 0.720598
0.371152 9.9991E-05 0.628748
0.225666 9.9991E-05 0.774234
0.33285 9.9991E-05 0.66705
0.334536 9.9991E-05 0.665364
0.159423 0.840477 9.9991E-05
0.118078 0.821082 0.0608397
0.101869 0.898031 9.9991E-05
0.0828558 0.917044 9.9991E-05
0.357863 0.00357453 0.638562
0.27457 0.074494 0.650936
0.262691 9.9991E-05 0.737209
0.419582 0.0496893 0.530729
0.319623 0.0236674 0.65671
0.117628 0.0254442 0.856928
0.384421 9.9991E-05 0.615479
0.174248 9.9991E-05 0.825652
0.560566 0.204798 0.234635
0.315522 9.9991E-05 0.684378
0.14159 9.9991E-05 0.85831
0.465451 0.0715427 0.463006
0.341727 9.9991E-05 0.658173
0.238661 0.00951225 0.751827
0.392047 9.9991E-05 0.607853
0.296488 0.0132286 0.690283
0.00411678 9.9991E-05 0.995783
0.157306 9.9991E-05 0.842594
0.217973 9.9991E-05 0.781927
9.999E-05 9.999E-05 0.9998
0.432269 0.154987 0.412743
0.246442 9.9991E-05 0.753458
0.0477716 0.0778339 0.874395
9.9991E-05 0.0694893 0.930411
0.364337 0.00227553 0.633388
0.0726465 0.0805059 0.846848
0.316155 9.9991E-05 0.683745
0.437805 0.0346341 0.527561
0.306316 9.9991E-05 0.693584
0.20963 9.9991E-05 0.79027
0.284639 9.9991E-05 0.715261
0.302338 9.9991E-05 0.697562
0.170765 9.9991E-05 0.829135
0.365936 9.9991E-05 0.633964
9.9991E-05 0.721614 0.278286
0.0624923 0.739796 0.197712
9.9991E-05 0.886195 0.113705
9.9991E-05 0.910664 0.089236
9.9991E-05 0.801608 0.198292
0.0626467 0.0593932 0.87796
9.9991E-05 0.10386 0.89604
0.0774485 9.9991E-05 0.922452
0.420725 0.124315 0.454961
0.420095 0.106794 0.473111
0.244035 9.9991E-05 0.755865
0.361909 9.9991E-05 0.637991
0.271643 0.0200548 0.708302
0.274767 0.0873049 0.637928
0.29101 9.9991E-05 0.70889
0.431743 9.9991E-05 0.568157
0.123718 9.9991E-05 0.876182
0.157856 9.9991E-05 0.842044
0.147814 9.9991E-05 0.852086
0.320522 0.0924387 0.587039
0.253109 9.9991E-05 0.746791
0.306963 0.0194793 0.673558
0.745299 0.0128058 0.241895
0.728694 0.169778 0.101528
0.68111 0.142723 0.176167
0.715138 0.179881 0.104981
0.582191 0.130595 0.287214
0.303114 9.9991E-05 0.696786
0.656846 0.343054 9.9991E-05
0.702258 0.175599 0.122143
0.490175 0.120684 0.389141
0.362509 0.109806 0.527685
0.244695 0.1735 0.581804
0.482417 0.0415005 0.476083
0.410801 9.9991E-05 0.589099
0.701989 0.263571 0.0344398
0.605323 0.171079 0.223598
0.771507 0.0935898 0.134903
0.441042 0.206782 0.352177
0.706291 0.180077 0.113632
0.680239 0.112994 0.206767
0.768307 0.18167 0.0500223
0.699153 0.0488687 0.251979
0.387863 0.0171725 0.594964
0.551458 0.169436 0.279107
0.788283 0.211617 9.9991E-05
0.593111 0.143787 0.263102
0.576775 0.159 0.264225
0.0878743 0.255567 0.656558
0.42059 9.9991E-05 0.57931
0.529803 0.128494 0.341704
0.443826 0.0917266 0.464447
0.308018 0.163436 0.528546
0.483669 0.123683 0.392649
0.523229 0.207844 0.268926
0.48907 0.0610291 0.449901
0.488589 0.134716 0.376695
0.6534 0.0767967 0.269804
0.750737 0.102551 0.146712
0.719635 0.236077 0.0442878
0.470251 0.0701821 0.459567
0.272326 0.0950656 0.632608
0.153786 0.258538 0.587677
0.438337 0.0855156 0.476147
0.22857 0.16098 0.61045
0.531048 0.157831 0.311121
0.403458 0.120191 0.476352
0.197899 0.519404 0.282697
0.141858 0.535348 0.322794
0.308628 0.212103 0.479269
0.226573 0.502374 0.271053
0.252174 0.597135 0.15069
0.427077 0.108813 0.464111
0.42177 0.163203 0.415027
0.279886 0.357741 0.362373
0.246088 0.418964 0.334948
0.394492 0.0952891 0.510219
0.205003 0.362477 0.432519
0.0793418 0.665585 0.255073
0.485986 0.0957254 0.418289
0.442473 0.245995 0.311532
0.483334 0.243459 0.273207
0.683673 0.101103 0.215224
0.401565 0.166978 0.431457
0.55926 0.118804 0.321936
0.499959 0.150653 0.349388
0.489786 0.365998 0.144216
0.553602 0.168108 0.27829
0.618207 0.169132 0.21266
0.439496 0.296228 0.264275
0.301682 0.213585 0.484734
0.500337 0.130931 0.368733
0.454946 0.174731 0.370322
0.536816 9.9991E-05 0.463084
0.582352 0.24603 0.171618
0.500594 0.156884 0.342522
0.355721 0.428933 0.215346
0.642985 0.099294 0.257721
0.450171 0.337497 0.212332
0.050184 0.828793 0.121023
0.0037561 0.282748 0.713496
9.9991E-05 0.30356 0.69634
9.9991E-05 0.293855 0.706045
9.9991E-05 0.183991 0.815909
9.9991E-05 0.281187 0.718713
9.9991E-05 0.178128 0.821772
9.9991E-05 0.285519 0.714381
9.9991E-05 0.391658 0.608242
0.147185 0.852715 9.9991E-05
0.0796535 0.869131 0.0512158
0.120362 0.879538 9.9991E-05
0.073557 0.825904 0.100539
0.0890576 0.910842 9.9991E-05
0.0586517 0.938211 0.00313775
0.240988 0.758912 9.9991E-05
0.145538 0.854362 9.9991E-05
0.130724 0.747083 0.122193
0.126515 0.873385 9.9991E-05
0.017438 0.982462 9.9991E-05
0.142672 0.835795 0.0215326
0.0666537 0.933246 9.9991E-05
0.107126 0.892774 9.9991E-05
0.15021 0.84969 9.9991E-05
0.179068 0.820832 9.9991E-05
0.2655 0.7344 9.9991E-05
0.240317 0.759583 9.9991E-05
0.259207 0.740693 9.9991E-05
0.245532 0.197027 0.557441
0.372629 0.0407698 0.586602
0.428504 0.0259901 0.545506
0.0870286 0.209329 0.703642
0.318724 0.0998503 0.581426
0.0491919 0.264262 0.686546
0.482505 0.0366648 0.48083
0.176976 0.131441 0.691583
0.358175 0.082668 0.559157
0.33374 9.9991E-05 0.66616
0.2583 0.104891 0.636809
0.421086 0.0173308 0.561583
0.389028 0.0589329 0.55204
9.9991E-05 0.159017 0.840883
9.9991E-05 0.221078 0.778822
0.0981516 0.18138 0.720469
0.467961 0.0438053 0.488234
0.342417 0.14827 0.509313
0.350862 0.0742997 0.574838
0.492847 0.0414369 0.465716
0.504893 0.112638 0.382469
0.571707 0.105834 0.322459
0.283966 0.461962 0.254072
0.411115 0.0796935 0.509192
0.447749 0.188997 0.363254
0.131593 0.591561 0.276846
0.476793 0.311718 0.211489
0.372585 0.35776 0.269656
0.341218 0.338469 0.320313
0.529561 0.0766901 0.393749
0.504954 0.160627 0.334419
0.490216 0.0833573 0.426426
0.440759 0.187801 0.37144
0.361517 0.472048 0.166435
