9.9991E-05 0.881992 0.117908
0.018932 0.963251 0.0178173
9.999E-05 0.806966 0.192934
0.00352145 0.842504 0.153975
9.9991E-05 0.850719 0.149181
0.198971 0.663721 0.137308
0.0674353 0.904092 0.0284732
0.10254 0.810891 0.0865697
0.060107 0.939793 9.9991E-05
0.051896 0.753208 0.194896
0.177013 0.808477 0.0145094
0.776345 0.0988155 0.124839
0.590893 0.019633 0.389474
0.688838 0.144081 0.167081
0.562655 0.100629 0.336716
0.517108 0.136058 0.346834
0.526058 0.0502708 0.423671
0.584936 0.0136861 0.401378
0.549365 0.160305 0.290329
0.734321 0.265579 9.9991E-05
0.734554 9.9991E-05 0.265346
0.59421 0.0226803 0.38311
0.577398 0.0137128 0.408889
0.665171 0.104417 0.230412
0.512091 0.0310118 0.456897
0.57318 0.0219031 0.404917
0.667065 0.17905 0.153885
0.628683 0.129193 0.242124
0.770136 0.134297 0.0955673
9.9991E-05 0.79949 0.20041
0.00841387 0.800185 0.191401
0.0145557 0.788985 0.196459
9.9991E-05 0.759711 0.24019
0.639959 0.0222293 0.337812
0.535972 0.0668353 0.397193
0.629689 9.9991E-05 0.370211
0.706611 0.253368 0.0400209
0.784807 0.0127219 0.202471
0.620439 0.0883098 0.291251
0.556013 9.9991E-05 0.443887
0.544227 0.0656282 0.390144
0.553655 0.065284 0.381061
0.857466 0.0868055 0.0557286
0.580608 0.0137831 0.405609
0.550361 0.0310154 0.418623
0.463957 0.0592064 0.476836
0.820106 9.9991E-05 0.179794
0.585541 9.9991E-05 0.414359
0.549566 0.0168685 0.433566
0.823508 0.176392 9.9991E-05
0.917974 0.0819259 9.9991E-05
0.790734 0.179397 0.0298689
0.581504 0.015079 0.403417
0.519204 0.0276762 0.45312
0.480222 0.035728 0.48405
0.768221 0.182345 0.0494342
0.658144 0.0078235 0.334033
0.540803 0.0553469 0.40385
0.619377 0.146365 0.234258
0.616831 0.33456 0.0486098
0.640616 0.0382857 0.321098
0.667588 0.0823541 0.250058
0.81777 0.18213 9.9991E-05
0.738025 0.0113761 0.250599
0.519145 9.9991E-05 0.480755
0.503239 0.0615461 0.435215
0.718501 0.0818582 0.199641
0.627221 0.0539159 0.318863
0.599693 0.0216269 0.37868
0.801996 0.134155 0.0638494
0.698838 9.9991E-05 0.301062
0.85487 0.0215637 0.123566
0.600945 0.0167003 0.382355
0.95263 0.0472699 9.9991E-05
0.977562 0.0223375 9.9991E-05
0.842138 9.9991E-05 0.157762
0.738149 9.9991E-05 0.261751
0.570234 0.0904938 0.339272
0.751471 9.9991E-05 0.248429
0.794514 0.0900788 0.115407
0.840045 0.0376179 0.122337
0.610574 0.0116893 0.377737
0.795756 0.0400144 0.164229
0.731799 9.9991E-05 0.268101
0.79934 9.9991E-05 0.20056
0.920176 0.0797239 9.9991E-05
0.616243 9.9991E-05 0.383657
0.0237239 0.836367 0.13991
9.9991E-05 0.885415 0.114485
9.9991E-05 0.839301 0.160599
9.9991E-05 0.888713 0.111187
9.9991E-05 0.87676 0.12314
9.9991E-05 0.868871 0.131029
9.9991E-05 0.900595 0.099305
0.558256 0.0425245 0.399219
0.561062 0.0199161 0.419022
0.948833 0.0431399 0.00802685
0.513542 0.0601773 0.426281
0.747623 9.9991E-05 0.252277
0.648456 9.9991E-05 0.351444
0.644225 9.9991E-05 0.355675
0.62021 9.9991E-05 0.37969
0.887604 0.112296 9.9991E-05
0.519328 0.0850401 0.395632
0.571859 9.9991E-05 0.428041
0.545217 9.9991E-05 0.454683
0.794518 0.0186667 0.186815
0.661955 9.9991E-05 0.337945
0.725771 9.9991E-05 0.274129
0.758185 9.9991E-05 0.241715
0.723741 0.077291 0.198968
0.552747 0.0962766 0.350977
0.751993 0.125152 0.122855
0.604483 0.181605 0.213912
0.591751 0.0895347 0.318715
0.528123 0.0714584 0.400419
0.660667 0.0320548 0.307278
0.56751 0.0525569 0.379933
0.721262 0.022295 0.256443
0.638355 0.00482024 0.356825
0.56481 0.0169138 0.418276
0.630821 0.0231181 0.346061
0.730379 9.9991E-05 0.269521
0.520592 9.9991E-05 0.479308
0.512463 0.0385378 0.449
0.613924 0.00950505 0.376571
0.525579 0.0688896 0.405532
0.654605 9.9991E-05 0.345295
0.63471 0.12158 0.24371
0.636761 9.9991E-05 0.363139
0.543382 9.9991E-05 0.456518
0.689801 0.111821 0.198378
0.781803 0.137083 0.081114
0.598077 0.0511306 0.350793
0.870719 0.0658961 0.0633847
0.788166 0.115465 0.0963691
0.786117 0.00917313 0.20471
0.757339 0.135371 0.10729
0.844268 0.0673477 0.088384
0.578701 9.9991E-05 0.421199
0.486729 0.119721 0.39355
0.671513 9.9991E-05 0.328387
0.811364 0.0836314 0.105005
0.488025 0.10879 0.403185
0.636043 9.9991E-05 0.363857
0.716459 0.283441 9.9991E-05
0.502796 0.0692045 0.428
0.693127 0.121183 0.185689
0.527787 0.0851951 0.387018
0.72559 0.132113 0.142298
0.825897 0.162933 0.0111697
0.767121 0.000380202 0.232498
0.533048 0.0874702 0.379481
0.502077 0.159378 0.338544
0.640852 0.240841 0.118307
0.595616 0.0213808 0.383004
0.854698 9.9991E-05 0.145202
0.732038 9.9991E-05 0.267862
0.526179 0.0395159 0.434305
0.268395 0.379086 0.352519
0.0785674 0.76839 0.153043
0.196358 0.6973 0.106342
0.0985166 0.493727 0.407756
0.629359 9.9991E-05 0.370541
0.529836 0.0697785 0.400385
0.0893601 9.9991E-05 0.91054
0.254679 0.0634338 0.681887
0.368395 0.0490019 0.582603
0.727376 0.0745182 0.198105
0.576493 0.0874556 0.336051
0.795002 0.124677 0.0803209
0.601232 9.9991E-05 0.398668
0.611693 0.0359608 0.352346
0.610092 0.000230375 0.389678
0.81824 0.0733205 0.10844
0.494188 9.9991E-05 0.505712
0.511362 0.0149041 0.473734
9.9991E-05 0.0205335 0.979366
9.9991E-05 0.00493986 0.99496
0.206683 0.0469216 0.746396
0.0988074 0.0346098 0.866583
0.028355 0.105717 0.865928
9.9991E-05 0.0644906 0.935409
9.9991E-05 0.0937652 0.906135
9.9991E-05 0.00474745 0.995153
9.9991E-05 0.0276311 0.972269
9.9991E-05 0.055764 0.944136
9.9991E-05 0.0677169 0.932183
0.00397919 0.114941 0.88108
9.9991E-05 0.0896398 0.91026
9.9991E-05 0.0424051 0.957495
0.318491 0.0714653 0.610044
0.0420435 0.117322 0.840635
0.0183694 0.107878 0.873753
9.9991E-05 0.068528 0.931372
9.9991E-05 0.0775125 0.922388
9.9991E-05 0.088906 0.910994
9.9991E-05 0.0433407 0.956559
0.119197 0.098438 0.782365
9.9991E-05 0.114797 0.885103
0.446393 0.552813 0.000794341
0.496324 0.184591 0.319085
0.474097 0.23069 0.295212
0.478889 0.286415 0.234696
0.55234 0.129602 0.318058
0.424923 0.326589 0.248487
0.504663 0.175312 0.320025
0.446023 0.144057 0.409921
0.354173 0.165727 0.480099
0.282502 0.259208 0.458289
0.449545 0.131054 0.419401
0.0492419 0.880355 0.070403
9.9991E-05 0.900449 0.0994511
0.0197879 0.954408 0.0258045
9.9991E-05 0.949259 0.0506412
9.9991E-05 0.899615 0.100285
9.9991E-05 0.896988 0.102912
9.9991E-05 0.865642 0.134258
0.0460148 0.89327 0.0607151
9.9991E-05 0.932325 0.0675755
9.9991E-05 0.87016 0.12974
0.291005 0.708895 9.9991E-05
0.305538 0.681849 0.012613
0.3443 0.6556 9.9991E-05
0.39681 0.60309 9.9991E-05
0.61755 0.00810395 0.374346
0.672085 9.9991E-05 0.327815
0.688736 9.9991E-05 0.311164
0.732177 0.0673582 0.200464
0.851421 0.130898 0.0176809
0.589671 9.9991E-05 0.410229
0.658298 9.9991E-05 0.341602
0.735574 9.9991E-05 0.264326
0.723931 9.9991E-05 0.275969
0.553239 9.9991E-05 0.446661
0.784554 9.9991E-05 0.215346
0.976148 0.0237518 9.9991E-05
0.639711 9.9991E-05 0.360189
0.808038 0.0171269 0.174835
0.679195 9.9991E-05 0.320705
0.912482 0.0785989 0.00891947
0.652914 0.346986 9.9991E-05
0.687757 0.312143 9.9991E-05
0.751978 0.247922 9.9991E-05
0.688931 0.310969 9.9991E-05
0.774942 0.224958 9.9991E-05
0.713513 0.282048 0.00443922
9.9991E-05 0.823848 0.176052
0.0222217 0.823213 0.154565
9.9991E-05 0.728132 0.271768
0.018695 0.795686 0.185619
9.9991E-05 0.813438 0.186462
0.451858 0.548042 9.9991E-05
0.37437 0.62553 9.9991E-05
0.448552 0.551348 9.9991E-05
9.9991E-05 0.802083 0.197817
0.468256 0.531644 9.9991E-05
0.169789 0.246711 0.583501
0.361065 0.0802118 0.558723
0.166266 0.118412 0.715323
0.298928 0.255618 0.445454
0.454834 0.116624 0.428542
0.0718185 0.579439 0.348742
0.735677 0.0845167 0.179806
0.77811 0.0253461 0.196544
0.691885 0.193315 0.1148
0.707243 9.9991E-05 0.292657
0.886469 0.113431 9.9991E-05
0.576563 0.042611 0.380826
0.701417 0.00901315 0.28957
0.75086 0.120286 0.128854
0.538569 0.00577683 0.455654
0.861155 0.115467 0.0233778
0.706295 0.0213645 0.27234
0.663671 9.9991E-05 0.336229
0.440615 0.121709 0.437676
0.739424 9.9991E-05 0.260476
0.668169 0.0889277 0.242903
0.614316 0.00656608 0.379118
0.682731 9.9991E-05 0.317169
0.511342 9.9991E-05 0.488558
0.519158 0.125557 0.355285
0.594506 0.062341 0.343153
9.9991E-05 0.761175 0.238725
9.9991E-05 0.798317 0.201583
0.135465 0.787126 0.0774092
0.0337646 0.807915 0.158321
9.9991E-05 0.813342 0.186558
0.778872 0.101375 0.119753
0.569314 0.0322985 0.398387
0.345392 0.217059 0.437549
0.6393 9.9991E-05 0.3606
0.628246 0.00589182 0.365862
0.708302 0.0980763 0.193621
0.711563 0.288337 9.9991E-05
0.579775 0.0760284 0.344196
0.717398 0.224443 0.0581593
0.622273 0.0979185 0.279809
0.68472 0.280085 0.0351949
0.482885 0.0532697 0.463845
0.727796 0.241379 0.0308253
0.675245 0.0752652 0.24949
0.548729 0.102922 0.34835
0.682683 0.133074 0.184243
0.652192 0.0495293 0.298279
0.517746 0.0878379 0.394416
0.775021 0.0488797 0.176099
0.593577 0.0711712 0.335252
0.714904 9.9991E-05 0.284996
0.951522 0.0483783 9.9991E-05
0.847561 0.0609366 0.0915028
0.709838 0.0214938 0.268668
0.878562 0.121338 9.9991E-05
0.74756 0.0255377 0.226902
0.824963 0.174937 9.9991E-05
0.866681 9.9991E-05 0.133219
0.695212 0.0505202 0.254268
0.549794 9.9991E-05 0.450106
0.837692 0.0800317 0.0822764
0.528893 0.0948251 0.376282
0.531999 9.9991E-05 0.467901
0.68287 9.9991E-05 0.31703
0.575261 0.0237667 0.400972
0.656274 0.0257052 0.318021
0.794182 0.0531491 0.152668
0.66821 0.0662078 0.265582
0.629329 9.9991E-05 0.370571
0.550087 0.0493487 0.400564
0.641894 0.108 0.250106
0.654701 9.9991E-05 0.345199
0.599774 0.128943 0.271282
0.571016 0.00993515 0.419049
0.53973 0.0484224 0.411848
0.583623 0.0543346 0.362042
0.300283 0.313287 0.38643
0.317464 0.132429 0.550106
0.363703 0.113004 0.523293
0.478451 0.03647 0.48508
0.29695 0.161762 0.541288
0.724493 9.9991E-05 0.275407
0.416459 0.142939 0.440602
0.430744 0.403175 0.166082
0.443269 0.125663 0.431068
0.469825 0.0743621 0.455812
0.374949 0.0976958 0.527355
0.492251 0.214925 0.292824
0.3557 0.13207 0.51223
0.351699 0.108229 0.540073
0.156127 0.667168 0.176705
0.330374 0.115952 0.553674
0.261704 0.0977474 0.640549
0.400737 0.124044 0.475219
0.295704 0.100466 0.60383
0.382328 0.126316 0.491355
0.672967 9.9991E-05 0.326933
0.522255 0.039253 0.438492
0.951399 0.0485005 9.9991E-05
0.922572 0.0773277 9.9991E-05
0.579913 0.0229542 0.397132
0.27907 0.103768 0.617162
0.287624 0.151797 0.560579
0.288636 0.303542 0.407822
0.256878 0.21915 0.523972
0.665713 0.165889 0.168398
0.606781 0.196907 0.196312
0.5438 9.9991E-05 0.4561
0.547908 0.0402422 0.411849
0.601605 0.119948 0.278448
0.575684 9.9991E-05 0.424216
0.520434 9.9991E-05 0.479466
0.513103 0.107866 0.379031
0.830515 0.035173 0.134312
0.777882 9.9991E-05 0.222018
0.669539 0.0266551 0.303806
0.641573 0.0943057 0.264121
0.551259 0.0895639 0.359178
0.718409 9.9991E-05 0.281491
0.86943 0.0312162 0.0993542
0.616338 9.9991E-05 0.383562
0.854857 0.0242646 0.120878
0.740383 0.0476664 0.211951
0.591654 0.0578601 0.350486
0.661568 9.9991E-05 0.338332
0.361636 0.119366 0.518999
0.495633 0.164422 0.339945
0.337476 0.168382 0.494142
0.35401 0.188967 0.457023
0.420831 0.161457 0.417712
0.472094 0.105448 0.422458
0.525155 0.334749 0.140096
0.285173 0.0200886 0.694738
0.251214 0.599672 0.149114
0.452049 9.9991E-05 0.547851
0.935579 0.0162938 0.0481276
0.908693 0.0912072 9.9991E-05
0.71229 9.9991E-05 0.28761
0.547463 9.9991E-05 0.452437
0.784705 9.9991E-05 0.215195
0.643053 9.9991E-05 0.356847
0.703792 9.9991E-05 0.296108
0.0478177 0.820311 0.131871
0.0611354 0.803257 0.135608
9.9991E-05 0.901366 0.0985341
9.9991E-05 0.923735 0.0761652
0.641936 0.0419174 0.316147
0.597849 0.0183851 0.383766
0.689067 9.9991E-05 0.310833
0.508639 0.0811263 0.410235
0.565302 0.0502109 0.384487
0.831123 0.038351 0.130526
0.637848 9.9991E-05 0.362052
0.800789 9.9991E-05 0.199111
0.277774 0.2233 0.498926
0.716501 9.9991E-05 0.283399
0.839755 9.9991E-05 0.160145
0.668 9.9991E-05 0.3319
0.842189 9.9991E-05 0.157711
0.65878 9.9991E-05 0.34112
0.543229 0.0213288 0.435442
0.994469 9.9991E-05 0.0054307
0.807037 0.0160665 0.176896
0.810043 9.9991E-05 0.189857
0.9998 9.999E-05 9.999E-05
0.706644 9.9991E-05 0.293256
0.898203 0.037208 0.0645889
0.930731 0.0691693 9.9991E-05
0.631774 9.9991E-05 0.368126
0.874298 0.0561917 0.0695101
0.672154 9.9991E-05 0.327746
0.554894 0.0337891 0.411316
0.715598 9.9991E-05 0.284302
0.738326 0.0190112 0.242663
0.659987 0.00759191 0.332421
0.715866 0.0172711 0.266863
0.846443 9.9991E-05 0.153457
0.610165 0.0122832 0.377552
0.236512 0.763388 9.9991E-05
0.137041 0.796341 0.0666171
0.0984639 0.901436 9.9991E-05
0.0800461 0.91136 0.00859342
0.190168 0.806649 0.0031831
0.853684 0.0724391 0.0738769
0.846456 0.126447 0.0270966
0.901972 9.9991E-05 0.0979278
0.556653 0.0332552 0.410092
0.487263 0.0956559 0.417081
0.734902 0.0759816 0.189116
0.599649 9.9991E-05 0.400251
0.636909 0.0836343 0.279456
0.664058 9.9991E-05 0.335842
0.636444 0.0347812 0.328775
0.836642 9.9991E-05 0.163258
0.790788 9.9991E-05 0.209112
0.838705 9.9991E-05 0.161195
0.566848 0.0568303 0.376322
0.740079 0.0197448 0.240177
0.712857 0.00390705 0.283236
0.217313 0.0372828 0.745404
0.172693 0.11551 0.711797
0.229419 0.121318 0.649263
0.162281 0.137643 0.700076
0.268211 0.093885 0.637904
0.659572 0.000952804 0.339475
9.9991E-05 0.301833 0.698067
0.121493 0.154638 0.723869
0.418657 0.150946 0.430397
0.553497 0.131375 0.315128
0.621025 0.11823 0.260745
0.478242 0.135136 0.386622
0.563239 0.0304256 0.406335
9.9991E-05 0.245859 0.754041
0.214887 0.134593 0.65052
0.103138 0.0836136 0.813248
0.325419 0.119091 0.555491
0.180374 0.11497 0.704656
0.191435 0.18435 0.624215
0.0682785 0.167291 0.764431
0.241481 0.133937 0.624582
0.58269 0.0565654 0.360745
0.240496 0.123033 0.636471
9.9991E-05 0.263149 0.736751
0.276517 0.103205 0.620279
0.616777 0.278595 0.104628
0.538282 0.0228456 0.438872
0.273259 0.134181 0.592561
0.561181 0.0478024 0.391017
0.55065 0.143087 0.306263
0.316431 0.179544 0.504025
0.277482 0.194776 0.527742
0.467118 0.0598577 0.473024
0.278438 0.0700084 0.651554
0.180196 0.0918919 0.727912
9.9991E-05 0.259941 0.739959
0.565609 0.0371553 0.397236
0.656789 0.0934 0.249811
0.627824 0.229835 0.142341
0.523689 0.131244 0.345067
0.604908 0.122925 0.272167
0.411753 0.123904 0.464343
0.474032 0.138858 0.387111
0.300736 0.487966 0.211298
0.353895 0.530405 0.1157
0.465935 0.217996 0.316069
0.277265 0.484207 0.238528
0.147925 0.576202 0.275872
0.461535 0.165279 0.373186
0.336747 0.253609 0.409643
0.370142 0.294271 0.335587
0.344647 0.397584 0.257769
0.445149 0.14235 0.412501
0.473315 0.304828 0.221858
0.243285 0.664258 0.0924566
0.388551 0.15112 0.460329
0.261141 0.254802 0.484057
0.270807 0.263459 0.465735
0.206209 0.108736 0.685055
0.326303 0.12349 0.550208
0.319256 0.11128 0.569464
0.141712 0.368263 0.490025
0.315189 0.184209 0.500602
0.227585 0.185811 0.586604
0.238962 0.287424 0.473614
0.498298 0.175323 0.326379
0.352332 0.112872 0.534796
0.376485 0.170266 0.453249
0.494469 0.0806952 0.424836
0.1777 0.282168 0.540131
0.270391 0.16301 0.566599
0.211034 0.444377 0.34459
0.327044 0.115294 0.557662
0.164424 0.312897 0.522679
0.123501 0.868325 0.00817329
0.741012 0.258888 9.9991E-05
0.764815 0.235085 9.9991E-05
0.757021 0.242879 9.9991E-05
0.760806 0.239094 9.9991E-05
0.708287 0.291613 9.9991E-05
0.788644 0.211256 9.9991E-05
0.710969 0.288931 9.9991E-05
0.582005 0.417895 9.9991E-05
9.9991E-05 0.919063 0.0808373
0.0790508 0.836378 0.0845716
9.9991E-05 0.876638 0.123262
0.0982957 0.854254 0.0474501
9.9991E-05 0.864089 0.135811
0.02034 0.931887 0.0477726
0.0333019 0.777668 0.18903
9.9991E-05 0.862925 0.136975
0.0849058 0.771095 0.143999
9.9991E-05 0.894216 0.105684
9.9991E-05 0.983856 0.0160443
0.00883499 0.859822 0.131343
9.9991E-05 0.948655 0.0512451
9.9991E-05 0.881349 0.118551
9.9991E-05 0.85689 0.14301
9.9991E-05 0.81431 0.18559
9.9991E-05 0.743737 0.256163
9.9991E-05 0.748545 0.251355
9.9991E-05 0.781798 0.218102
0.587554 0.145131 0.267315
0.58699 0.0362398 0.37677
0.556721 0.00886202 0.434417
0.766787 0.176257 0.056956
0.534476 0.105404 0.36012
0.668535 0.274883 0.0565821
0.531966 0.0220923 0.445942
0.718635 0.104436 0.176929
0.592557 0.122913 0.28453
0.686129 0.0529543 0.260916
0.674779 0.117252 0.207969
0.590569 0.0134568 0.395974
0.552585 0.0970764 0.350339
0.814118 0.157103 0.0287792
0.794426 0.205474 9.9991E-05
0.702451 0.200878 0.0966707
0.537219 0.0639041 0.398877
0.562824 0.0619177 0.375258
0.597171 0.113022 0.289806
0.579022 0.029752 0.391226
0.326663 0.194833 0.478505
0.343508 0.167062 0.48943
0.283083 0.467443 0.249473
0.527831 0.111218 0.360951
0.326332 0.259386 0.414282
0.243939 0.591962 0.164099
0.234633 0.255584 0.509784
0.274231 0.382083 0.343686
0.346237 0.301027 0.352735
0.33756 0.144383 0.518057
0.342052 0.145746 0.512202
0.361271 0.102528 0.536201
0.339616 0.20198 0.458404
0.196138 0.426791 0.377071
